  0.2120
  0.1097
  0.2268
  0.1594
  0.1083
  0.0840
  0.0429
  0.0418
  0.0405
  0.0405
  0.0403
  0.0403
  0.0403
  0.0163
  0.0116
  0.0091
  0.0091
  0.0091
  0.0091
  0.0091
  0.0091
  0.0091
  0.0091
  0.0069
  0.0069
  0.0069
  0.0069
  0.0069
  0.0069
  0.0049
  0.0049
  0.0049
  0.0049
  0.0049
  0.0049
  0.0049
  0.0049
  0.0049
  0.0049
  0.0049
  0.0049
  0.0049
  0.0037
  0.0037
  0.0030
  0.0030
  0.0030
  0.0030
  0.0030
  0.0030
  0.0030
  0.0030
  0.0030
  0.0030
  0.0030
  0.0015
  0.0010
  0.0010
  0.0010
  0.0009
  0.0009
  0.0009
  0.0009
  0.0009
  0.0009
  0.0009
  0.0009
  0.0009
  0.0009
  0.0009
  0.0009
  0.0283
  0.0283
  0.0283
  0.0283
  0.0283
  0.0283
  0.0283
  0.0283
  0.0283
  0.0283
  0.0283
  0.0283
  0.0283
  0.0283
  0.0283
  0.0283
  0.0283
  0.0283
  0.0283
  0.0283
  0.0283
  0.0283
  0.0283
  0.0283
  0.0283
  0.0283
  0.0283
  0.0283
  0.0283
  0.0283
  0.0283
  0.0283
  0.0283
  0.0283
  0.0283
  0.0283
  0.0283
  0.0283
  0.0283
  0.0283
  0.0283
  0.0283
  0.0283
  0.0283
  0.0283
  0.0283
  0.0283
  0.0283
  0.0283
  0.0283
  0.0283
  0.0283
  0.0283
  0.0283
  0.0283
  0.0283
  0.0283
  0.0283
  0.0283
  0.0283
  0.0283
  0.0283
  0.0283
  0.0283
  0.0283
  0.0283
  0.0283
  0.0283
  0.0282
  0.0282
  0.0282
  0.0282
  0.0282
  0.0282
  0.0282
  0.0282
  0.0282
  0.0281
  0.0281
  0.0281
  0.0281
  0.0281
  0.0281
  0.0281
  0.0281
  0.0281
  0.0281
  0.0281
  0.0281
  0.0281
  0.0281
  0.0281
  0.0281
  0.0281
  0.0281
  0.0281
  0.0281
  0.0281
  0.0281
  0.0281
  0.0281
  0.0281
  0.0281
  0.0281
  0.0281
  0.0281
  0.0281
  0.0281
  0.0281
  0.0281
  0.0281
  0.0281
  0.0281
  0.0281
  0.0281
  0.0281
  0.0281
  0.0281
  0.0281
  0.0281
  0.0281
  0.0281
  0.0281
  0.0281
  0.0281
  0.0281
  0.0281
  0.0281
  0.0281
  0.0281
  0.0281
  0.0281
  0.0281
  0.0281
  0.0281
  0.0281
  0.0281
  0.0281
  0.0281
  0.0281
  0.0281
  0.0281
  0.0281
  0.0281
  0.0281
  0.0281
  0.0281
  0.0281
  0.0281
  0.0281
  0.0281
  0.0281
  0.0281
  0.0281
  0.0281
  0.0281
  0.0281
  0.0281
  0.0281
  0.0281
  0.0281
  0.0281
  0.0281
  0.0281
  0.0281
  0.0281
  0.0281
  0.0281
  0.0281
  0.0281
  0.0281
  0.0281
  0.0281
  0.0281
  0.0281
  0.0281
  0.0281
  0.0281
  0.0281
  0.0281
  0.0281
  0.0281
  0.0280
  0.0280
  0.0280
  0.0280
  0.0280
  0.0280
  0.0280
  0.0280
  0.0280
  0.0280
  0.0280
  0.0280
  0.0280
  0.0280
  0.0280
  0.0280
  0.0280
  0.0280
  0.0280
  0.0280
  0.0280
  0.0280
  0.0280
  0.0280
  0.0280
  0.0280
  0.0280
  0.0280
  0.0280
  0.0280
  0.0280
  0.0280
  0.0280
  0.0280
  0.0280
  0.0280
  0.0280
  0.0280
  0.0280
  0.0280
  0.0280
  0.0280
  0.0280
  0.0280
  0.0280
  0.0280
  0.0280
  0.0280
  0.0280
  0.0280
  0.0280
  0.0280
  0.0280
  0.0280
  0.0280
  0.0280
  0.0280
  0.0280
  0.0280
  0.0280
  0.0280
  0.0280
  0.0280
  0.0280
  0.0280
  0.0280
  0.0280
  0.0280
  0.0280
  0.0280
  0.0280
  0.0280
  0.0280
  0.0280
  0.0280
  0.0280
  0.0280
  0.0280
  0.0280
  0.0280
  0.0280
  0.0280
  0.0280
  0.0280
  0.0280
  0.0280
  0.0280
  0.0280
  0.0280
  0.0280
  0.0280
  0.0280
  0.0280
  0.0280
  0.0280
  0.0280
  0.0280
  0.0280
  0.0280
  0.0280
  0.0280
  0.0280
  0.0280
  0.0280
  0.0280
  0.0280
  0.0280
  0.0280
  0.0280
  0.0280
  0.0280
  0.0280
  0.0280
  0.0280
  0.0280
  0.0280
  0.0280
  0.0280
  0.0280
  0.0280
  0.0280
  0.0280
  0.0280
  0.0280
  0.0280
  0.0280
  0.0280
  0.0280
  0.0280
  0.0280
  0.0280
  0.0280
  0.0280
  0.0280
  0.0280
  0.0280
  0.0280
  0.0280
  0.0280
  0.0280
  0.0280
  0.0280
  0.0280
  0.0280
  0.0280
  0.0280
  0.0280
  0.0280
  0.0280
  0.0280
  0.0280
  0.0280
  0.0280
  0.0280
  0.0280
  0.0280
  0.0280
  0.0280
  0.0280
  0.0280
  0.0280
  0.0280
  0.0280
  0.0280
  0.0280
  0.0280
  0.0280
  0.0280
  0.0280
  0.0280
  0.0280
  0.0280
  0.0280
  0.0280
  0.0280
  0.0280
  0.0280
  0.0280
  0.0280
  0.0280
  0.0280
  0.0280
  0.0280
  0.0280
  0.0280
  0.0280
  0.0280
  0.0280
  0.0280
  0.0280
  0.0280
  0.0280
  0.0280
  0.0280
  0.0280
  0.0280
  0.0280
  0.0280
  0.0280
  0.0280
  0.0280
  0.0280
  0.0280
  0.0280
  0.0280
  0.0280
  0.0280
  0.0280
  0.0280
  0.0280
  0.0280
  0.0280
  0.0280
  0.0280
  0.0280
  0.0280
  0.0280
  0.0280
  0.0280
  0.0280
  0.0280
  0.0280
  0.0280
  0.0280
  0.0280
  0.0280
  0.0279
  0.0279
  0.0279
  0.0279
  0.0279
  0.0279
  0.0279
  0.0279
  0.0279
  0.0279
  0.0279
  0.0279
  0.0279
  0.0279
  0.0279
  0.0279
  0.0279
  0.0279
  0.0279
  0.0279
  0.0279
  0.0279
  0.0279
  0.0279
  0.0279
  0.0279
  0.0279
  0.0279
  0.0279
  0.0279
  0.0279
  0.0279
  0.0279
  0.0279
  0.0279
  0.0279
  0.0279
  0.0279
  0.0279
  0.0279
  0.0279
  0.0279
  0.0279
  0.0279
  0.0279
  0.0279
  0.0279
  0.0279
  0.0279
  0.0279
  0.0279
  0.0279
  0.0279
  0.0279
  0.0279
  0.0279
  0.0279
  0.0279
  0.0279
  0.0279
  0.0279
  0.0279
  0.0279
  0.0279
  0.0279
  0.0279
  0.0279
  0.0279
  0.0279
  0.0279
  0.0279
  0.0279
  0.0279
  0.0279
  0.0279
  0.0279
  0.0279
  0.0279
  0.0279
  0.0279
  0.0279
  0.0279
  0.0279
  0.0279
  0.0279
  0.0279
  0.0279
  0.0279
  0.0279
  0.0279
  0.0279
  0.0279
  0.0279
  0.0279
  0.0279
  0.0279
  0.0279
  0.0279
  0.0279
  0.0279
  0.0279
  0.0279
  0.0279
  0.0279
  0.0279
  0.0279
  0.0279
  0.0279
  0.0279
  0.0279
  0.0279
  0.0279
  0.0279
  0.0279
  0.0279
  0.0279
  0.0279
  0.0279
  0.0279
  0.0279
  0.0279
  0.0279
  0.0279
  0.0279
  0.0279
  0.0279
  0.0279
  0.0279
  0.0279
  0.0279
  0.0279
  0.0279
  0.0279
  0.0279
  0.0279
  0.0279
  0.0279
  0.0279
  0.0279
  0.0279
  0.0279
  0.0279
  0.0279
  0.0279
  0.0279
  0.0279
  0.0279
  0.0279
  0.0279
  0.0279
  0.0279
  0.0279
  0.0279
  0.0279
  0.0279
  0.0279
  0.0279
  0.0279
  0.0279
  0.0279
  0.0279
  0.0279
  0.0279
  0.0279
  0.0279
  0.0301
  0.0301
  0.0301
  0.0301
  0.0301
  0.0324
  0.0324
  0.0324
  0.0324
  0.0324
  0.0324
  0.0324
  0.0324
  0.0324
  0.0324
  0.0324
  0.0324
  0.0324
  0.0324
  0.0324
  0.0324
  0.0324
  0.0324
  0.0324
  0.0324
  0.0324
  0.0324
  0.0324
  0.0324
  0.0324
  0.0324
  0.0324
  0.0324
  0.0324
  0.0324
  0.0324
  0.0324
  0.0324
  0.0318
  0.0318
  0.0318
  0.0318
  0.0318
  0.0318
  0.0307
  0.0289
  0.0289
  0.0250
  0.0250
  0.0250
  0.0250
  0.0250
  0.0250
  0.0250
  0.0250
  0.0250
  0.0197
  0.0197
  0.0164
  0.0164
  0.0139
  0.0125
  0.0125
  0.0116
  0.0116
  0.0116
  0.0116
  0.0116
  0.0116
  0.0116
  0.0116
  0.0116
  0.0116
  0.0116
  0.0116
  0.0116
  0.0116
  0.0116
  0.0116
  0.0116
  0.0116
  0.0116
  0.0116
  0.0116
  0.0116
  0.0099
  0.0099
  0.0099
  0.0099
  0.0099
  0.0099
  0.0099
  0.0099
  0.0099
  0.0099
  0.0099
  0.0099
  0.0099
  0.0099
  0.0099
  0.0099
  0.0099
  0.0099
  0.0099
  0.0106
  0.0106
  0.0106
  0.0106
  0.0106
  0.0106
  0.0106
  0.0106
  0.0106
  0.0136
  0.0135
  0.0135
  0.0135
  0.0135
  0.0135
  0.0135
  0.0135
  0.0135
  0.0135
  0.0135
  0.0135
  0.0135
  0.0135
  0.0135
  0.0135
  0.0135
  0.0135
  0.0135
  0.0135
  0.0135
  0.0135
  0.0135
  0.0135
  0.0135
  0.0135
  0.0174
  0.0174
  0.0174
  0.0173
  0.0160
  0.0160
  0.0160
  0.0160
  0.0160
  0.0160
  0.0160
  0.0160
  0.0160
  0.0160
  0.0160
  0.0160
  0.0160
  0.0160
  0.0160
  0.0160
  0.0160
  0.0160
  0.0160
  0.0160
  0.0160
  0.0160
  0.0160
  0.0160
  0.0160
  0.0160
  0.0160
  0.0160
  0.0160
  0.0160
  0.0160
  0.0160
  0.0160
  0.0160
  0.0160
  0.0160
  0.0160
  0.0160
  0.0160
  0.0160
  0.0160
  0.0160
  0.0160
  0.0160
  0.0160
  0.0160
  0.0160
  0.0160
  0.0160
  0.0160
  0.0160
  0.0160
  0.0144
  0.0123
  0.0123
  0.0123
  0.0123
  0.0123
  0.0123
  0.0123
  0.0098
  0.0096
  0.0096
  0.0096
  0.0093
  0.0093
  0.0093
  0.0093
  0.0093
  0.0093
  0.0093
  0.0093
  0.0093
  0.0093
  0.0093
  0.0093
  0.0091
  0.0091
  0.0089
  0.0089
  0.0089
  0.0089
  0.0089
  0.0089
  0.0089
  0.0089
  0.0089
  0.0089
  0.0089
  0.0089
  0.0089
  0.0089
  0.0089
  0.0089
  0.0089
  0.0089
  0.0089
  0.0089
  0.0089
  0.0089
  0.0089
  0.0078
  0.0078
  0.0078
  0.0078
  0.0078
  0.0075
  0.0071
  0.0071
  0.0071
  0.0071
  0.0071
  0.0071
  0.0071
  0.0071
  0.0071
  0.0071
  0.0071
  0.0071
  0.0071
  0.0071
  0.0071
  0.0071
  0.0071
  0.0071
  0.0071
  0.0071
  0.0071
  0.0071
  0.0071
  0.0071
  0.0071
  0.0071
  0.0071
  0.0071
  0.0071
  0.0071
  0.0071
  0.0071
  0.0071
  0.0071
  0.0071
  0.0071
  0.0071
  0.0071
  0.0071
  0.0071
  0.0058
  0.0058
  0.0058
  0.0058
  0.0058
  0.0058
  0.0058
  0.0058
  0.0058
  0.0058
  0.0058
  0.0058
  0.0058
  0.0058
  0.0058
  0.0058
  0.0058
  0.0058
  0.0058
  0.0058
  0.0058
  0.0058
  0.0058
  0.0058
  0.0058
  0.0058
  0.0058
  0.0058
  0.0058
  0.0058
  0.0058
  0.0058
  0.0058
  0.0058
  0.0058
  0.0058
  0.0054
  0.0054
  0.0052
  0.0052
  0.0052
  0.0052
  0.0052
  0.0052
  0.0052
  0.0052
  0.0052
  0.0052
  0.0052
  0.0052
  0.0052
  0.0052
  0.0052
  0.0052
  0.0052
  0.0052
  0.0052
  0.0052
  0.0052
  0.0052
  0.0052
  0.0052
  0.0052
  0.0052
  0.0049
  0.0049
  0.0049
  0.0049
  0.0049
  0.0049
  0.0049
  0.0049
  0.0049
  0.0049
  0.0049
  0.0049
  0.0049
  0.0049
  0.0049
  0.0049
  0.0049
  0.0049
  0.0049
  0.0049
  0.0048
  0.0048
  0.0048
  0.0048
  0.0048
  0.0048
  0.0048
  0.0048
  0.0048
  0.0048
  0.0048
  0.0048
  0.0048
  0.0048
  0.0048
  0.0048
  0.0048
  0.0048
  0.0048
  0.0048
  0.0048
  0.0048
  0.0048
  0.0048
  0.0048
  0.0048
  0.0048
  0.0048
  0.0048
  0.0048
  0.0048
  0.0048
  0.0048
  0.0048
  0.0048
  0.0048
  0.0048
  0.0048
  0.0048
  0.0048
  0.0048
  0.0048
  0.0048
  0.0054
  0.0054
  0.0054
  0.0054
  0.0054
  0.0054
  0.0054
  0.0054
  0.0054
  0.0054
  0.0054
  0.0054
  0.0054
  0.0054
  0.0054
  0.0054
  0.0054
  0.0054
  0.0054
  0.0054
  0.0054
  0.0054
  0.0054
  0.0054
  0.0054
  0.0054
  0.0054
  0.0054
  0.0054
  0.0054
  0.0054
  0.0054
  0.0054
  0.0054
  0.0054
  0.0054
  0.0054
  0.0054
  0.0053
  0.0053
  0.0053
  0.0053
  0.0053
  0.0053
  0.0053
  0.0053
  0.0053
  0.0053
  0.0053
  0.0053
  0.0053
  0.0053
  0.0053
  0.0053
  0.0053
  0.0053
  0.0053
  0.0053
  0.0053
  0.0053
  0.0053
  0.0053
  0.0053
  0.0053
  0.0053
  0.0053
  0.0053
  0.0053
  0.0053
  0.0053
  0.0053
  0.0053
  0.0053
  0.0053
  0.0053
  0.0053
  0.0053
  0.0053
  0.0053
  0.0053
  0.0053
  0.0053
  0.0053
  0.0053
  0.0053
  0.0053
  0.0053
  0.0053
  0.0058
  0.0058
  0.0058
  0.0058
  0.0058
  0.0058
  0.0058
  0.0058
  0.0058
  0.0058
  0.0058
  0.0058
  0.0058
  0.0058
  0.0058
  0.0058
  0.0058
  0.0058
  0.0058
  0.0058
  0.0058
  0.0058
  0.0058
  0.0058
  0.0058
  0.0058
  0.0058
  0.0058
  0.0058
  0.0058
  0.0058
  0.0058
  0.0058
  0.0058
  0.0058
  0.0058
  0.0058
  0.0058
  0.0058
  0.0058
  0.0058
  0.0056
  0.0056
  0.0056
  0.0056
  0.0056
  0.0056
  0.0056
  0.0056
  0.0056
  0.0056
  0.0056
  0.0056
  0.0056
  0.0056
  0.0056
  0.0056
  0.0056
  0.0056
  0.0056
  0.0056
  0.0056
  0.0053
  0.0051
  0.0051
  0.0070
  0.0070
  0.0070
  0.0063
  0.0063
  0.0063
  0.0063
  0.0063
  0.0063
  0.0063
  0.0063
  0.0063
  0.0063
  0.0063
  0.0063
  0.0063
  0.0063
  0.0063
  0.0063
  0.0063
  0.0054
  0.0054
  0.0053
  0.0050
  0.0050
  0.0050
  0.0050
  0.0050
  0.0050
  0.0050
  0.0050
  0.0050
  0.0050
  0.0050
  0.0050
  0.0049
  0.0049
  0.0049
  0.0049
  0.0049
  0.0049
  0.0049
  0.0049
  0.0049
  0.0049
  0.0049
  0.0049
  0.0049
  0.0049
  0.0049
  0.0049
  0.0049
  0.0049
  0.0049
  0.0049
  0.0049
  0.0048
  0.0048
  0.0048
  0.0048
  0.0048
  0.0048
  0.0048
  0.0048
  0.0048
  0.0048
  0.0048
  0.0048
  0.0048
  0.0048
  0.0048
  0.0048
  0.0048
  0.0048
  0.0048
  0.0048
  0.0048
  0.0048
  0.0048
  0.0048
  0.0048
  0.0048
  0.0048
  0.0048
  0.0048
  0.0048
  0.0046
  0.0046
  0.0046
  0.0046
  0.0046
  0.0046
  0.0046
  0.0046
  0.0046
  0.0046
  0.0045
  0.0045
  0.0045
  0.0045
  0.0045
  0.0045
  0.0045
  0.0045
  0.0045
  0.0045
  0.0045
  0.0045
  0.0045
  0.0045
  0.0045
  0.0045
  0.0045
  0.0045
  0.0045
  0.0045
  0.0045
  0.0045
  0.0045
  0.0045
  0.0045
  0.0045
  0.0045
  0.0045
  0.0045
  0.0045
  0.0045
  0.0045
  0.0045
  0.0045
  0.0045
  0.0045
  0.0045
  0.0045
  0.0045
  0.0045
  0.0045
  0.0045
  0.0045
  0.0045
  0.0045
  0.0045
  0.0043
  0.0042
  0.0045
  0.0045
  0.0045
  0.0045
  0.0045
  0.0037
  0.0037
  0.0037
  0.0037
  0.0032
  0.0030
  0.0030
  0.0030
  0.0030
  0.0030
  0.0030
  0.0030
  0.0030
  0.0030
  0.0030
  0.0030
  0.0030
  0.0030
  0.0030
  0.0030
  0.0030
  0.0030
  0.0030
  0.0030
  0.0030
  0.0030
  0.0030
  0.0026
  0.0026
  0.0026
  0.0026
  0.0024
  0.0024
  0.0020
  0.0020
  0.0020
  0.0019
  0.0019
  0.0019
  0.0019
  0.0019
  0.0019
  0.0019
  0.0019
  0.0019
  0.0019
  0.0019
  0.0019
  0.0019
  0.0019
  0.0019
  0.0019
  0.0019
  0.0019
  0.0019
  0.0018
  0.0018
  0.0018
  0.0018
  0.0018
  0.0018
  0.0018
  0.0018
  0.0018
  0.0018
  0.0018
  0.0018
  0.0018
  0.0018
  0.0018
  0.0018
  0.0018
  0.0018
  0.0018
  0.0018
  0.0018
  0.0018
  0.0018
  0.0018
  0.0018
  0.0018
  0.0018
  0.0018
  0.0018
  0.0018
  0.0018
  0.0018
  0.0018
  0.0018
  0.0018
  0.0018
  0.0017
  0.0015
  0.0015
  0.0014
  0.0014
  0.0014
  0.0014
  0.0014
  0.0014
  0.0014
  0.0014
  0.0014
  0.0014
  0.0014
  0.0014
  0.0014
  0.0014
  0.0014
  0.0014
  0.0014
  0.0014
  0.0014
  0.0014
  0.0014
  0.0014
  0.0014
  0.0014
  0.0014
  0.0014
  0.0014
  0.0014
  0.0014
  0.0014
  0.0013
  0.0013
  0.0013
  0.0013
  0.0013
  0.0013
  0.0013
  0.0013
  0.0013
  0.0013
  0.0013
  0.0013
  0.0013
  0.0013
  0.0013
  0.0013
  0.0013
  0.0013
  0.0013
  0.0013
  0.0012
  0.0012
  0.0012
  0.0012
  0.0012
  0.0012
  0.0012
  0.0012
  0.0012
  0.0012
  0.0012
  0.0012
  0.0012
  0.0012
  0.0012
  0.0012
  0.0012
  0.0012
  0.0012
  0.0012
  0.0012
  0.0012
  0.0012
  0.0012
  0.0012
  0.0012
  0.0012
  0.0012
  0.0012
  0.0012
  0.0012
  0.0012
  0.0012
  0.0012
  0.0012
  0.0012
  0.0012
  0.0012
  0.0012
  0.0012
  0.0012
  0.0012
  0.0012
  0.0012
  0.0012
  0.0012
  0.0012
  0.0012
  0.0012
  0.0012
  0.0012
  0.0012
  0.0012
  0.0012
  0.0012
  0.0012
  0.0012
  0.0012
  0.0012
  0.0012
  0.0012
  0.0012
  0.0012
  0.0012
  0.0012
  0.0012
  0.0012
  0.0012
  0.0012
  0.0012
  0.0012
  0.0012
  0.0012
  0.0012
  0.0012
  0.0012
  0.0012
  0.0012
  0.0012
  0.0012
  0.0012
  0.0012
  0.0012
  0.0012
  0.0012
  0.0012
  0.0012
  0.0012
  0.0012
  0.0012
  0.0012
  0.0012
  0.0012
  0.0012
  0.0012
  0.0012
  0.0012
  0.0012
  0.0012
  0.0012
  0.0012
  0.0012
  0.0012
  0.0012
  0.0012
  0.0012
  0.0012
  0.0012
  0.0012
  0.0012
  0.0012
  0.0012
  0.0012
  0.0012
  0.0012
  0.0012
  0.0012
  0.0012
  0.0012
  0.0012
  0.0012
  0.0012
  0.0012
  0.0012
  0.0012
  0.0012
  0.0012
  0.0012
  0.0012
  0.0012
  0.0012
  0.0012
  0.0012
  0.0012
  0.0012
  0.0012
  0.0012
  0.0012
  0.0012
  0.0012
  0.0012
  0.0012
  0.0012
  0.0012
  0.0012
  0.0012
  0.0012
  0.0012
  0.0012
  0.0012
  0.0012
  0.0012
  0.0012
  0.0012
  0.0012
  0.0012
  0.0012
  0.0012
  0.0012
  0.0012
  0.0012
  0.0012
  0.0012
  0.0012
  0.0012
  0.0012
  0.0012
  0.0012
  0.0012
  0.0012
  0.0012
  0.0012
  0.0012
  0.0012
  0.0012
  0.0012
  0.0012
  0.0012
  0.0012
  0.0012
  0.0012
  0.0012
  0.0012
  0.0012
  0.0012
  0.0012
  0.0012
  0.0012
  0.0012
  0.0012
  0.0012
  0.0012
  0.0012
  0.0012
  0.0012
  0.0012
  0.0012
  0.0012
  0.0012
  0.0012
  0.0012
  0.0012
  0.0012
  0.0012
  0.0012
  0.0012
  0.0012
  0.0012
  0.0012
  0.0012
  0.0013
  0.0013
  0.0013
  0.0013
  0.0013
  0.0013
  0.0013
  0.0013
  0.0013
  0.0013
  0.0013
  0.0013
  0.0013
  0.0013
  0.0013
  0.0013
  0.0013
  0.0013
  0.0013
  0.0013
  0.0013
  0.0013
  0.0013
  0.0013
  0.0013
  0.0013
  0.0013
  0.0013
  0.0013
  0.0013
  0.0013
  0.0013
  0.0013
  0.0013
  0.0013
  0.0013
  0.0013
  0.0013
  0.0013
  0.0013
  0.0013
  0.0013
  0.0013
  0.0013
  0.0013
  0.0013
  0.0013
  0.0013
  0.0013
  0.0013
  0.0013
  0.0013
  0.0013
  0.0013
  0.0013
  0.0013
  0.0013
  0.0013
  0.0013
  0.0013
  0.0013
  0.0013
  0.0013
  0.0013
  0.0013
  0.0013
  0.0013
  0.0013
  0.0013
  0.0013
  0.0013
  0.0013
  0.0013
  0.0013
  0.0013
  0.0013
  0.0013
  0.0013
  0.0013
  0.0013
  0.0013
  0.0013
  0.0013
  0.0013
  0.0013
  0.0013
  0.0013
  0.0013
  0.0013
  0.0013
  0.0013
  0.0013
  0.0013
  0.0013
  0.0013
  0.0013
  0.0013
  0.0013
  0.0013
  0.0013
  0.0013
  0.0013
  0.0013
  0.0013
  0.0013
  0.0013
  0.0013
  0.0013
  0.0013
  0.0013
  0.0013
  0.0013
  0.0013
  0.0013
  0.0013
  0.0013
  0.0013
  0.0013
  0.0013
  0.0013
  0.0013
  0.0013
  0.0013
  0.0013
  0.0012
  0.0012
  0.0012
  0.0012
  0.0012
  0.0012
  0.0012
  0.0012
  0.0012
  0.0012
  0.0012
  0.0012
  0.0012
  0.0012
  0.0012
  0.0012
  0.0012
  0.0012
  0.0012
  0.0012
  0.0012
  0.0012
  0.0012
  0.0012
  0.0012
  0.0012
  0.0012
  0.0012
  0.0012
  0.0012
  0.0012
  0.0012
  0.0012
  0.0012
  0.0012
  0.0012
  0.0012
  0.0012
  0.0012
  0.0012
  0.0012
  0.0012
  0.0012
  0.0012
  0.0012
  0.0012
  0.0012
  0.0012
  0.0012
  0.0012
  0.0012
  0.0012
  0.0012
  0.0012
  0.0012
  0.0012
  0.0012
  0.0012
  0.0012
  0.0012
  0.0012
  0.0012
  0.0012
  0.0012
  0.0012
  0.0012
  0.0012
  0.0012
  0.0012
  0.0012
  0.0012
  0.0012
  0.0012
  0.0012
  0.0012
  0.0012
  0.0012
  0.0012
  0.0012
  0.0012
  0.0012
  0.0012
  0.0012
  0.0012
  0.0012
  0.0012
  0.0011
  0.0011
  0.0011
  0.0011
  0.0011
  0.0011
  0.0011
  0.0011
  0.0011
  0.0011
  0.0011
  0.0011
  0.0011
  0.0011
  0.0011
  0.0011
  0.0011
  0.0011
  0.0011
  0.0011
  0.0011
  0.0011
  0.0011
  0.0011
  0.0011
  0.0011
  0.0011
  0.0011
  0.0011
  0.0011
  0.0011
  0.0011
  0.0011
  0.0011
  0.0011
  0.0011
  0.0011
  0.0011
  0.0011
  0.0011
  0.0011
  0.0011
  0.0011
  0.0011
  0.0011
  0.0011
  0.0011
  0.0011
  0.0011
  0.0011
  0.0011
  0.0011
  0.0011
  0.0011
  0.0011
  0.0011
  0.0011
  0.0011
  0.0011
  0.0011
  0.0011
  0.0011
  0.0011
  0.0011
  0.0011
  0.0011
  0.0011
  0.0011
  0.0011
  0.0011
  0.0011
  0.0011
  0.0011
  0.0011
  0.0011
  0.0011
  0.0011
  0.0011
  0.0011
  0.0011
  0.0011
  0.0011
  0.0011
  0.0011
  0.0011
  0.0011
  0.0011
  0.0011
  0.0011
  0.0011
  0.0011
  0.0011
  0.0011
  0.0011
  0.0011
  0.0011
  0.0011
  0.0011
  0.0011
  0.0011
  0.0011
  0.0011
  0.0011
  0.0011
  0.0011
  0.0011
  0.0011
  0.0011
  0.0011
  0.0011
  0.0011
  0.0011
  0.0011
  0.0011
  0.0011
  0.0010
  0.0010
  0.0010
  0.0010
  0.0010
  0.0010
  0.0010
  0.0010
  0.0010
  0.0010
  0.0010
  0.0010
  0.0010
  0.0010
  0.0010
  0.0010
  0.0010
  0.0010
  0.0010
  0.0010
  0.0010
  0.0010
  0.0010
  0.0010
  0.0010
  0.0010
  0.0010
  0.0010
  0.0010
  0.0010
  0.0010
  0.0010
  0.0010
  0.0010
  0.0010
  0.0010
  0.0010
  0.0010
  0.0010
  0.0010
  0.0010
  0.0010
  0.0010
  0.0010
  0.0010
  0.0010
  0.0010
  0.0010
  0.0010
  0.0010
  0.0010
  0.0010
  0.0010
  0.0010
  0.0010
  0.0010
  0.0010
  0.0010
  0.0010
  0.0010
  0.0010
  0.0010
  0.0010
  0.0010
  0.0010
  0.0010
  0.0010
  0.0010
  0.0010
  0.0010
  0.0010
  0.0010
  0.0010
  0.0010
  0.0010
  0.0010
  0.0010
  0.0010
  0.0010
  0.0010
  0.0010
  0.0010
  0.0010
  0.0010
  0.0010
  0.0010
  0.0010
  0.0010
  0.0010
  0.0010
  0.0010
  0.0010
  0.0010
  0.0010
  0.0010
  0.0010
  0.0010
  0.0010
  0.0010
  0.0010
  0.0010
  0.0010
  0.0010
  0.0010
  0.0010
  0.0010
  0.0010
  0.0010
  0.0010
  0.0010
  0.0010
  0.0010
  0.0010
  0.0010
  0.0010
  0.0010
  0.0010
  0.0010
  0.0010
  0.0010
  0.0010
  0.0010
  0.0010
  0.0010
  0.0010
  0.0010
  0.0010
  0.0010
  0.0010
  0.0010
  0.0010
  0.0010
  0.0010
  0.0010
  0.0010
  0.0010
  0.0010
  0.0010
  0.0010
  0.0010
  0.0010
  0.0010
  0.0010
  0.0010
  0.0010
  0.0010
  0.0010
  0.0010
  0.0010
  0.0010
  0.0010
  0.0010
  0.0010
  0.0010
  0.0010
  0.0010
  0.0010
  0.0009
  0.0009
  0.0009
  0.0009
  0.0009
  0.0009
  0.0009
  0.0009
  0.0009
  0.0009
  0.0009
  0.0009
  0.0009
  0.0009
  0.0009
  0.0009
  0.0009
  0.0009
  0.0009
  0.0009
  0.0009
  0.0009
  0.0009
  0.0009
  0.0009
  0.0009
  0.0009
  0.0009
  0.0009
  0.0009
  0.0009
  0.0009
  0.0009
  0.0009
  0.0009
  0.0009
  0.0009
  0.0009
  0.0009
  0.0009
  0.0009
  0.0009
  0.0009
  0.0009
  0.0009
  0.0009
  0.0009
  0.0009
  0.0009
  0.0009
  0.0009
  0.0009
  0.0009
  0.0009
  0.0009
  0.0009
  0.0009
  0.0009
  0.0009
  0.0009
  0.0009
  0.0009
  0.0009
  0.0009
  0.0009
  0.0009
  0.0009
  0.0009
  0.0009
  0.0009
  0.0009
  0.0009
  0.0009
  0.0009
  0.0009
  0.0009
  0.0009
  0.0009
  0.0009
  0.0009
  0.0009
  0.0009
  0.0009
  0.0009
  0.0009
  0.0009
  0.0009
  0.0009
  0.0009
  0.0009
  0.0009
  0.0009
  0.0009
  0.0009
  0.0009
  0.0009
  0.0009
  0.0009
  0.0009
  0.0009
  0.0009
  0.0009
  0.0009
  0.0009
  0.0009
  0.0009
  0.0009
  0.0009
  0.0009
  0.0009
  0.0009
  0.0009
  0.0009
  0.0009
  0.0009
  0.0009
  0.0009
  0.0009
  0.0009
  0.0009
  0.0009
  0.0009
  0.0009
  0.0009
  0.0009
  0.0009
  0.0009
  0.0009
  0.0009
  0.0009
  0.0009
  0.0009
  0.0009
  0.0009
  0.0008
  0.0008
  0.0008
  0.0008
  0.0008
  0.0008
  0.0008
  0.0008
  0.0008
  0.0008
  0.0008
  0.0008
  0.0008
  0.0008
  0.0008
  0.0008
  0.0008
  0.0008
  0.0008
  0.0008
  0.0008
  0.0008
  0.0008
  0.0008
  0.0008
  0.0008
  0.0008
  0.0008
  0.0008
  0.0008
  0.0008
  0.0008
  0.0008
  0.0008
  0.0008
  0.0008
  0.0008
  0.0008
  0.0008
  0.0008
  0.0008
  0.0008
  0.0008
  0.0008
  0.0008
  0.0008
  0.0008
  0.0008
  0.0008
  0.0008
  0.0008
  0.0008
  0.0008
  0.0008
  0.0008
  0.0008
  0.0008
  0.0008
  0.0008
  0.0008
  0.0008
  0.0008
  0.0008
  0.0008
  0.0008
  0.0008
  0.0008
  0.0008
  0.0008
  0.0008
  0.0008
  0.0008
  0.0008
  0.0008
  0.0008
  0.0008
  0.0008
  0.0008
  0.0008
  0.0008
  0.0008
  0.0008
  0.0008
  0.0008
  0.0008
  0.0008
  0.0008
  0.0008
  0.0008
  0.0008
  0.0008
  0.0008
  0.0008
  0.0008
  0.0008
  0.0008
  0.0008
  0.0008
  0.0008
  0.0008
  0.0008
  0.0008
  0.0008
  0.0008
  0.0008
  0.0008
  0.0008
  0.0008
  0.0008
  0.0008
  0.0008
  0.0008
  0.0008
  0.0008
  0.0008
  0.0008
  0.0008
  0.0008
  0.0008
  0.0008
  0.0008
  0.0008
  0.0008
  0.0008
  0.0008
  0.0008
  0.0008
  0.0008
  0.0008
  0.0008
  0.0008
  0.0008
  0.0008
  0.0008
  0.0008
  0.0008
  0.0008
  0.0008
  0.0008
  0.0008
  0.0008
  0.0008
  0.0008
  0.0008
  0.0008
  0.0008
  0.0008
  0.0008
  0.0008
  0.0008
  0.0008
  0.0008
  0.0008
  0.0008
  0.0008
  0.0008
  0.0008
  0.0008
  0.0008
  0.0008
  0.0008
  0.0008
  0.0008
  0.0008
  0.0008
  0.0008
  0.0008
  0.0008
  0.0008
  0.0008
  0.0008
  0.0008
  0.0008
  0.0008
  0.0008
  0.0008
  0.0008
  0.0008
  0.0008
  0.0008
  0.0008
  0.0008
  0.0008
  0.0008
  0.0008
  0.0008
  0.0008
  0.0008
  0.0008
  0.0008
  0.0008
  0.0008
  0.0008
  0.0008
  0.0008
  0.0008
  0.0008
  0.0008
  0.0008
  0.0008
  0.0008
  0.0008
  0.0008
  0.0008
  0.0008
  0.0008
  0.0008
  0.0008
  0.0008
  0.0008
  0.0008
  0.0008
  0.0008
  0.0008
  0.0008
  0.0008
  0.0008
  0.0008
  0.0008
  0.0008
  0.0008
  0.0008
  0.0008
  0.0008
  0.0008
  0.0008
  0.0008
  0.0008
  0.0008
  0.0008
  0.0008
  0.0008
  0.0008
  0.0008
  0.0008
  0.0008
  0.0008
  0.0008
  0.0008
  0.0008
  0.0008
  0.0008
  0.0008
  0.0008
  0.0008
  0.0008
  0.0008
  0.0008
  0.0008
  0.0008
  0.0008
  0.0008
  0.0008
  0.0008
  0.0008
  0.0008
  0.0008
  0.0008
  0.0008
  0.0008
  0.0008
  0.0008
  0.0008
  0.0008
  0.0008
  0.0008
  0.0008
  0.0008
  0.0008
  0.0008
  0.0008
  0.0008
  0.0008
  0.0008
  0.0008
  0.0008
  0.0008
  0.0008
  0.0008
  0.0008
  0.0008
  0.0008
  0.0008
  0.0008
  0.0008
  0.0008
  0.0008
  0.0008
  0.0008
  0.0008
  0.0008
  0.0008
  0.0008
  0.0008
  0.0008
  0.0008
  0.0008
  0.0008
  0.0008
  0.0008
  0.0008
  0.0008
  0.0008
  0.0008
  0.0008
  0.0008
  0.0008
  0.0008
  0.0008
  0.0008
  0.0008
  0.0008
  0.0008
  0.0008
  0.0008
  0.0008
  0.0008
  0.0008
  0.0008
  0.0008
  0.0008
  0.0008
  0.0008
  0.0008
  0.0008
  0.0008
  0.0008
  0.0008
  0.0008
  0.0008
  0.0008
  0.0008
  0.0008
  0.0008
  0.0008
  0.0008
  0.0008
  0.0007
  0.0007
  0.0007
  0.0007
  0.0007
  0.0007
  0.0007
  0.0007
  0.0007
  0.0007
  0.0007
  0.0007
  0.0007
  0.0007
  0.0007
  0.0007
  0.0007
  0.0007
  0.0007
  0.0007
  0.0007
  0.0007
  0.0007
  0.0007
  0.0007
  0.0007
  0.0007
  0.0007
  0.0007
  0.0007
  0.0007
  0.0007
  0.0007
  0.0007
  0.0007
  0.0007
  0.0007
  0.0007
  0.0007
  0.0007
  0.0007
  0.0007
  0.0007
  0.0007
  0.0007
  0.0007
  0.0007
  0.0007
  0.0007
  0.0007
  0.0007
  0.0007
  0.0007
  0.0007
  0.0007
  0.0007
  0.0007
  0.0007
  0.0007
  0.0007
  0.0007
  0.0007
  0.0007
  0.0007
  0.0007
  0.0007
  0.0007
  0.0007
  0.0007
  0.0007
  0.0007
  0.0007
  0.0007
  0.0007
  0.0007
  0.0007
  0.0007
  0.0007
  0.0007
  0.0007
  0.0007
  0.0007
  0.0007
  0.0007
  0.0007
  0.0007
  0.0007
  0.0007
  0.0007
  0.0007
  0.0007
  0.0007
  0.0007
  0.0007
  0.0007
  0.0007
  0.0007
  0.0007
  0.0007
  0.0007
  0.0007
  0.0007
  0.0007
  0.0007
  0.0007
  0.0007
  0.0007
  0.0007
  0.0007
  0.0007
  0.0007
  0.0007
  0.0007
  0.0007
  0.0007
  0.0007
  0.0007
  0.0007
  0.0007
  0.0007
  0.0007
  0.0007
  0.0007
  0.0007
  0.0007
  0.0007
  0.0007
  0.0007
  0.0007
  0.0007
  0.0007
  0.0007
  0.0007
  0.0007
  0.0007
  0.0007
  0.0007
  0.0007
  0.0007
  0.0007
  0.0007
  0.0007
  0.0007
  0.0007
  0.0007
  0.0007
  0.0007
  0.0007
  0.0007
  0.0007
  0.0007
  0.0007
  0.0007
  0.0007
  0.0007
  0.0007
  0.0007
  0.0007
  0.0007
  0.0007
  0.0007
  0.0007
  0.0007
  0.0007
  0.0007
  0.0007
  0.0007
  0.0007
  0.0007
  0.0007
  0.0007
  0.0007
  0.0007
  0.0007
  0.0007
  0.0007
  0.0007
  0.0007
  0.0007
  0.0007
  0.0007
  0.0007
  0.0007
  0.0007
  0.0007
  0.0007
  0.0007
  0.0007
  0.0007
  0.0007
  0.0007
  0.0007
  0.0007
  0.0007
  0.0007
  0.0007
  0.0007
  0.0007
  0.0007
  0.0007
  0.0007
  0.0007
  0.0007
  0.0007
  0.0007
  0.0007
  0.0007
  0.0007
  0.0007
  0.0007
  0.0007
  0.0007
  0.0007
  0.0007
  0.0007
  0.0007
  0.0007
  0.0007
  0.0007
  0.0007
  0.0007
  0.0007
  0.0007
  0.0007
  0.0007
  0.0007
  0.0007
  0.0007
  0.0007
  0.0007
  0.0007
  0.0007
  0.0007
  0.0007
  0.0007
  0.0007
  0.0007
  0.0007
  0.0007
  0.0007
  0.0007
  0.0007
  0.0007
  0.0007
  0.0007
  0.0007
  0.0007
  0.0007
  0.0007
  0.0007
  0.0007
  0.0007
  0.0007
  0.0007
  0.0007
  0.0007
  0.0007
  0.0007
  0.0007
  0.0007
  0.0007
  0.0007
  0.0007
  0.0007
  0.0007
  0.0007
  0.0007
  0.0007
  0.0007
  0.0007
  0.0007
  0.0007
  0.0007
  0.0007
  0.0007
  0.0007
  0.0007
  0.0007
  0.0007
  0.0007
  0.0007
  0.0007
  0.0007
  0.0007
  0.0007
  0.0007
  0.0007
  0.0007
  0.0007
  0.0007
  0.0007
  0.0007
  0.0007
  0.0007
  0.0007
  0.0007
  0.0007
  0.0007
  0.0007
  0.0007
  0.0007
  0.0007
  0.0007
  0.0007
  0.0007
  0.0007
  0.0007
  0.0007
  0.0007
  0.0007
  0.0007
  0.0007
  0.0007
  0.0007
  0.0007
  0.0007
  0.0007
  0.0007
  0.0007
  0.0007
  0.0007
  0.0007
  0.0007
  0.0007
  0.0007
  0.0007
  0.0007
  0.0007
  0.0007
  0.0007
