1   0.9116
2   0.9116
3   0.9116
4   0.9116
5   0.9116
6   0.9116
7   0.9116
8   0.9116
9   0.9116
10   0.9116
11   0.9116
12   0.9116
13   0.9116
14   0.9116
15   0.8835
16   0.8835
17   0.8772
18   0.8733
19   0.8627
20   0.8627
21   0.8627
22   0.8627
23   0.8627
24   0.8627
25   0.8627
26   0.8627
27   0.8521
28   0.8521
29   0.8521
30   0.8521
31   0.8462
32   0.8462
33   0.8462
34   0.8462
35   0.8462
36   0.8462
37   0.8462
38   0.8462
39   0.5799
40   0.5799
41   0.5799
42   0.5799
43   0.5799
44   0.5799
45   0.5799
46   0.5799
47   0.5799
48   0.5799
49   0.5799
50   0.5799
51   0.5799
52   0.5799
53   0.5799
54   0.5799
55   0.5799
56   0.5799
57   0.5799
58   0.5799
59   0.5799
60   0.5799
61   0.5799
62   0.5799
63   0.5799
64   0.5799
65   0.5799
66   0.5799
67   0.5799
68   0.5799
69   0.5799
70   0.5799
71   0.5799
72   0.5799
73   0.5799
74   0.5799
75   0.5799
76   0.5765
77   0.5765
78   0.5765
79   0.5765
80   0.5765
81   0.5765
82   0.5765
83   0.5765
84   0.5765
85   0.5765
86   0.5765
87   0.5765
88   0.5765
89   0.5765
90   0.5765
91   0.5765
92   0.5765
93   0.5658
94   0.5620
95   0.5620
96   0.5620
97   0.5620
98   0.5620
99   0.5620
100   0.5620
101   0.5620
102   0.5620
103   0.5620
104   0.5620
105   0.5614
106   0.5154
107   0.5154
108   0.5154
109   0.5154
110   0.5154
111   0.5154
112   0.5154
113   0.5154
114   0.5154
115   0.5154
116   0.5154
117   0.5154
118   0.5154
119   0.5154
120   0.5154
121   0.5154
122   0.5154
123   0.5154
124   0.5154
125   0.5154
126   0.5154
127   0.5154
128   0.5154
129   0.5154
130   0.5154
131   0.5154
132   0.5154
133   0.5154
134   0.5154
135   0.5154
136   0.5154
137   0.5154
138   0.5154
139   0.5154
140   0.5154
141   0.5154
142   0.5145
143   0.5145
144   0.5145
145   0.5145
146   0.5145
147   0.5145
148   0.5145
149   0.5145
150   0.5145
151   0.5020
152   0.5020
153   0.5020
154   0.4955
155   0.4955
156   0.4955
157   0.4955
158   0.4955
159   0.4954
160   0.4954
161   0.4954
162   0.4954
163   0.4954
164   0.4954
165   0.4954
166   0.4954
167   0.4954
168   0.4954
169   0.4954
170   0.4954
171   0.4954
172   0.4945
173   0.4945
174   0.4945
175   0.4836
176   0.4836
177   0.4836
178   0.4836
179   0.4836
180   0.4836
181   0.4836
182   0.4836
183   0.4836
184   0.4836
185   0.4836
186   0.4836
187   0.4836
188   0.4836
189   0.4836
190   0.4836
191   0.4836
192   0.4836
193   0.4836
194   0.4836
195   0.4836
196   0.4836
197   0.4836
198   0.4836
199   0.4836
200   0.4770
201   0.4770
202   0.4770
203   0.4770
204   0.4770
205   0.4770
206   0.4770
207   0.4770
208   0.4770
209   0.4770
210   0.4770
211   0.4770
212   0.4770
213   0.4770
214   0.4770
215   0.4770
216   0.4770
217   0.4770
218   0.4770
219   0.4770
220   0.4770
221   0.4770
222   0.4770
223   0.4770
224   0.4770
225   0.4770
226   0.4770
227   0.4770
228   0.4770
229   0.4770
230   0.4770
231   0.4770
232   0.4770
233   0.4770
234   0.4770
235   0.4770
236   0.4770
237   0.4770
238   0.4770
239   0.4770
240   0.4770
241   0.4770
242   0.4770
243   0.4770
244   0.4770
245   0.4770
246   0.4770
247   0.4770
248   0.4770
249   0.4770
250   0.4770
251   0.4770
252   0.4770
253   0.4770
254   0.4770
255   0.4770
256   0.4770
257   0.4770
258   0.4770
259   0.4770
260   0.4770
261   0.4770
262   0.4770
263   0.4770
264   0.4770
265   0.4770
266   0.4770
267   0.4770
268   0.4770
269   0.4770
270   0.4770
271   0.4770
272   0.4770
273   0.4770
274   0.4770
275   0.4770
276   0.4770
277   0.4770
278   0.4770
279   0.4770
280   0.4770
281   0.4770
282   0.4770
283   0.4770
284   0.4770
285   0.4770
286   0.4770
287   0.4770
288   0.4762
289   0.4762
290   0.4743
291   0.4743
292   0.4696
293   0.4696
294   0.4696
295   0.4696
296   0.4696
297   0.4696
298   0.4696
299   0.4696
300   0.4696
301   0.4696
302   0.4696
303   0.4696
304   0.4696
305   0.4696
306   0.4696
307   0.4696
308   0.4696
309   0.4696
310   0.4696
311   0.4696
312   0.4696
313   0.4696
314   0.4696
315   0.4696
316   0.4696
317   0.4696
318   0.4696
319   0.4696
320   0.4696
321   0.4696
322   0.4696
323   0.4696
324   0.4696
325   0.4696
326   0.4696
327   0.4696
328   0.4696
329   0.4696
330   0.4696
331   0.4696
332   0.4696
333   0.4696
334   0.4696
335   0.4696
336   0.4696
337   0.4696
338   0.4696
339   0.4696
340   0.4696
341   0.4696
342   0.4696
343   0.4696
344   0.4696
345   0.4696
346   0.4696
347   0.4696
348   0.4696
349   0.4696
350   0.4696
351   0.4696
352   0.4696
353   0.4696
354   0.4696
355   0.4696
356   0.4696
357   0.4696
358   0.4696
359   0.4696
360   0.4696
361   0.4696
362   0.4696
363   0.4696
364   0.4696
365   0.4696
366   0.4696
367   0.4696
368   0.4696
369   0.4696
370   0.4696
371   0.4696
372   0.4696
373   0.4696
374   0.4696
375   0.4696
376   0.4696
377   0.4696
378   0.4696
379   0.4696
380   0.4696
381   0.4696
382   0.4696
383   0.4696
384   0.4696
385   0.4696
386   0.4696
387   0.4696
388   0.4696
389   0.4696
390   0.4696
391   0.4696
392   0.4696
393   0.4696
394   0.4696
395   0.4696
396   0.4696
397   0.4696
398   0.4696
399   0.4696
400   0.4696
401   0.4696
402   0.4696
403   0.4696
404   0.4696
405   0.4696
406   0.4696
407   0.4696
408   0.4696
409   0.4696
410   0.4696
411   0.4696
412   0.4696
413   0.4696
414   0.4696
415   0.4696
416   0.4696
417   0.4696
418   0.4696
419   0.4696
420   0.4696
421   0.4696
422   0.4696
423   0.4696
424   0.4696
425   0.4696
426   0.4696
427   0.4696
428   0.4696
429   0.4696
430   0.4696
431   0.4696
432   0.4696
433   0.4696
434   0.4696
435   0.4696
436   0.4696
437   0.4696
438   0.4696
439   0.4696
440   0.4696
441   0.4696
442   0.4696
443   0.4696
444   0.4696
445   0.4696
446   0.4696
447   0.4696
448   0.4696
449   0.4696
450   0.4696
451   0.4696
452   0.4696
453   0.4696
454   0.4696
455   0.4696
456   0.4696
457   0.4696
458   0.4696
459   0.4696
460   0.4696
461   0.4696
462   0.4696
463   0.4696
464   0.4696
465   0.4696
466   0.4696
467   0.4696
468   0.4696
469   0.4696
470   0.4696
471   0.4696
472   0.4696
473   0.4696
474   0.4696
475   0.4696
476   0.4696
477   0.4696
478   0.4696
479   0.4696
480   0.4696
481   0.4696
482   0.4696
483   0.4696
484   0.4696
485   0.4696
486   0.4696
487   0.4696
488   0.4696
489   0.4696
490   0.4696
491   0.4696
492   0.4696
493   0.4696
494   0.4696
495   0.4696
496   0.4696
497   0.4696
498   0.4696
499   0.4696
500   0.4696
501   0.4696
502   0.4696
503   0.4696
504   0.4696
505   0.4696
506   0.4696
507   0.4696
508   0.4696
509   0.4696
510   0.4696
511   0.4696
512   0.4696
513   0.4696
514   0.4696
515   0.4696
516   0.4696
517   0.4696
518   0.4696
519   0.4696
520   0.4696
521   0.4696
522   0.4696
523   0.4696
524   0.4696
525   0.4696
526   0.4696
527   0.4696
528   0.4696
529   0.4696
530   0.4696
531   0.4696
532   0.4696
533   0.4696
534   0.4696
535   0.4696
536   0.4696
537   0.4696
538   0.4696
539   0.4696
540   0.4696
541   0.4696
542   0.4696
543   0.4696
544   0.4696
545   0.4696
546   0.4696
547   0.4696
548   0.4696
549   0.4696
550   0.4696
551   0.4696
552   0.4696
553   0.4696
554   0.4696
555   0.4696
556   0.4696
557   0.4696
558   0.4696
559   0.4696
560   0.4696
561   0.4696
562   0.4696
563   0.4696
564   0.4696
565   0.4696
566   0.4696
567   0.4696
568   0.4696
569   0.4696
570   0.4696
571   0.4696
572   0.4696
573   0.4696
574   0.4696
575   0.4696
576   0.4696
577   0.4696
578   0.4696
579   0.4696
580   0.4696
581   0.4696
582   0.4696
583   0.4696
584   0.4696
585   0.4696
586   0.4696
587   0.4696
588   0.4696
589   0.4696
590   0.4696
591   0.4696
592   0.4696
593   0.4696
594   0.4696
595   0.4696
596   0.4696
597   0.4696
598   0.4696
599   0.4696
600   0.4696
601   0.4696
602   0.4696
603   0.4696
604   0.4696
605   0.4696
606   0.4696
607   0.4696
608   0.4696
609   0.4696
610   0.4696
611   0.4696
612   0.4696
613   0.4696
614   0.4671
615   0.4671
616   0.4671
617   0.4671
618   0.4671
619   0.4671
620   0.4671
621   0.4671
622   0.4671
623   0.4671
624   0.4671
625   0.4671
626   0.4671
627   0.4671
628   0.4671
629   0.4671
630   0.4671
631   0.4671
632   0.4671
633   0.4671
634   0.4671
635   0.4671
636   0.4671
637   0.4671
638   0.4671
639   0.4671
640   0.4671
641   0.4671
642   0.4671
643   0.4671
644   0.4671
645   0.4671
646   0.4671
647   0.4671
648   0.4671
649   0.4671
650   0.4671
651   0.4671
652   0.4671
653   0.4671
654   0.4671
655   0.4671
656   0.4671
657   0.4671
658   0.4671
659   0.4671
660   0.4671
661   0.4671
662   0.4671
663   0.4671
664   0.4671
665   0.4671
666   0.4671
667   0.4671
668   0.4671
669   0.4671
670   0.4671
671   0.4671
672   0.4671
673   0.4671
674   0.4671
675   0.4671
676   0.4671
677   0.4671
678   0.4671
679   0.4671
680   0.4671
681   0.4671
682   0.4671
683   0.4671
684   0.4671
685   0.4671
686   0.4671
687   0.4671
688   0.4671
689   0.4671
690   0.4671
691   0.4671
692   0.4671
693   0.4671
694   0.4671
695   0.4671
696   0.4671
697   0.4671
698   0.4671
699   0.4671
700   0.4671
701   0.4671
702   0.4671
703   0.4671
704   0.4671
705   0.4671
706   0.4671
707   0.4671
708   0.4671
709   0.4671
710   0.4671
711   0.4671
712   0.4671
713   0.4671
714   0.4671
715   0.4671
716   0.4671
717   0.4671
718   0.4671
719   0.4671
720   0.4671
721   0.4671
722   0.4671
723   0.4671
724   0.4671
725   0.4671
726   0.4671
727   0.4671
728   0.4671
729   0.4671
730   0.4671
731   0.4671
732   0.4671
733   0.4671
734   0.4671
735   0.4671
736   0.4671
737   0.4671
738   0.4671
739   0.4671
740   0.4671
741   0.4671
742   0.4671
743   0.4671
744   0.4671
745   0.4671
746   0.4671
747   0.4671
748   0.4671
749   0.4671
750   0.4671
751   0.4671
752   0.4671
753   0.4671
754   0.4671
755   0.4671
756   0.4671
757   0.4671
758   0.4671
759   0.4671
760   0.4671
761   0.4671
762   0.4671
763   0.4671
764   0.4671
765   0.4671
766   0.4671
767   0.4671
768   0.4671
769   0.4671
770   0.4671
771   0.4671
772   0.4671
773   0.4671
774   0.4671
775   0.4671
776   0.4671
777   0.4671
778   0.4671
779   0.4671
780   0.4671
781   0.4671
782   0.4671
783   0.4671
784   0.4671
785   0.4671
786   0.4671
787   0.4671
788   0.4671
789   0.4671
790   0.4671
791   0.4671
792   0.4671
793   0.4671
794   0.4671
795   0.4647
796   0.4647
797   0.4647
798   0.4647
799   0.4647
800   0.4647
801   0.4647
802   0.4647
803   0.4647
804   0.4647
805   0.4647
806   0.4647
807   0.4647
808   0.4647
809   0.4647
810   0.4647
811   0.4647
812   0.4647
813   0.4647
814   0.4647
815   0.4647
816   0.4647
817   0.4647
818   0.4647
819   0.4647
820   0.4647
821   0.4647
822   0.4647
823   0.4647
824   0.4647
825   0.4647
826   0.4647
827   0.4647
828   0.4647
829   0.4647
830   0.4647
831   0.4647
832   0.4647
833   0.4647
834   0.4647
835   0.4647
836   0.4647
837   0.4647
838   0.4647
839   0.4647
840   0.4647
841   0.4647
842   0.4647
843   0.4647
844   0.4647
845   0.4647
846   0.4647
847   0.4647
848   0.4647
849   0.4647
850   0.4647
851   0.4647
852   0.4647
853   0.4647
854   0.4647
855   0.4647
856   0.4647
857   0.4647
858   0.4647
859   0.4647
860   0.4647
861   0.4647
862   0.4647
863   0.4647
864   0.4647
865   0.4647
866   0.4647
867   0.4647
868   0.4647
869   0.4647
870   0.4647
871   0.4647
872   0.4647
873   0.4647
874   0.4647
875   0.4647
876   0.4647
877   0.4647
878   0.4647
879   0.4647
880   0.4647
881   0.4647
882   0.4647
883   0.4647
884   0.4647
885   0.4647
886   0.4647
887   0.4647
888   0.4647
889   0.4647
890   0.4647
891   0.4647
892   0.4647
893   0.4647
894   0.4647
895   0.4647
896   0.4647
897   0.4647
898   0.4647
899   0.4647
900   0.4647
901   0.4647
902   0.4647
903   0.4647
904   0.4647
905   0.4647
906   0.4647
907   0.4647
908   0.4647
909   0.4647
910   0.4647
911   0.4647
912   0.4647
913   0.4647
914   0.4647
915   0.4647
916   0.4647
917   0.4647
918   0.4647
919   0.4647
920   0.4647
921   0.4647
922   0.4647
923   0.4647
924   0.4647
925   0.4647
926   0.4647
927   0.4647
928   0.4647
929   0.4647
930   0.4647
931   0.4647
932   0.4647
933   0.4647
934   0.4647
935   0.4647
936   0.4647
937   0.4647
938   0.4647
939   0.4647
940   0.4647
941   0.4647
942   0.4647
943   0.4647
944   0.4647
945   0.4647
946   0.4647
947   0.4647
948   0.4647
949   0.4647
950   0.4647
951   0.4647
952   0.4647
953   0.4647
954   0.4647
955   0.4647
956   0.4647
957   0.4647
958   0.4647
959   0.4647
960   0.4647
961   0.4647
962   0.4647
963   0.4647
964   0.4647
965   0.4647
966   0.4647
967   0.4647
968   0.4647
969   0.4647
970   0.4647
971   0.4647
972   0.4647
973   0.4647
974   0.4647
975   0.4647
976   0.4647
977   0.4647
978   0.4647
979   0.4647
980   0.4647
981   0.4647
982   0.4647
983   0.4647
984   0.4647
985   0.4647
986   0.4647
987   0.4647
988   0.4647
989   0.4647
990   0.4647
991   0.4647
992   0.4647
993   0.4647
994   0.4647
995   0.4647
996   0.4647
997   0.4647
998   0.4647
999   0.4647
1000   0.4647
1001   0.4646
1002   0.4646
1003   0.4646
1004   0.4646
1005   0.4646
1006   0.4646
1007   0.4646
1008   0.4646
1009   0.4646
1010   0.4646
1011   0.4646
1012   0.4646
1013   0.4646
1014   0.4646
1015   0.4646
1016   0.4646
1017   0.4646
1018   0.4646
1019   0.4646
1020   0.4646
1021   0.4646
1022   0.4646
1023   0.4646
1024   0.4646
1025   0.4646
1026   0.4646
1027   0.4646
1028   0.4646
1029   0.4646
1030   0.4646
1031   0.4646
1032   0.4646
1033   0.4646
1034   0.4646
1035   0.4646
1036   0.4646
1037   0.4646
1038   0.4646
1039   0.4646
1040   0.4646
1041   0.4646
1042   0.4646
1043   0.4646
1044   0.4646
1045   0.4646
1046   0.4646
1047   0.4646
1048   0.4646
1049   0.4646
1050   0.4646
1051   0.4646
1052   0.4646
1053   0.4646
1054   0.4646
1055   0.4646
1056   0.4646
1057   0.4646
1058   0.4646
1059   0.4646
1060   0.4646
1061   0.4646
1062   0.4646
1063   0.4646
1064   0.4646
1065   0.4646
1066   0.4646
1067   0.4646
1068   0.4646
1069   0.4646
1070   0.4646
1071   0.4646
1072   0.4646
1073   0.4646
1074   0.4646
1075   0.4646
1076   0.4646
1077   0.4646
1078   0.4646
1079   0.4646
1080   0.4646
1081   0.4646
1082   0.4646
1083   0.4646
1084   0.4646
1085   0.4646
1086   0.4646
1087   0.4646
1088   0.4646
1089   0.4646
1090   0.4646
1091   0.4646
1092   0.4646
1093   0.4646
1094   0.4646
1095   0.4646
1096   0.4646
1097   0.4646
1098   0.4646
1099   0.4646
1100   0.4646
1101   0.4646
1102   0.4646
1103   0.4646
1104   0.4646
1105   0.4646
1106   0.4646
1107   0.4646
1108   0.4646
1109   0.4646
1110   0.4646
1111   0.4646
1112   0.4646
1113   0.4646
1114   0.4646
1115   0.4646
1116   0.4646
1117   0.4646
1118   0.4646
1119   0.4646
1120   0.4646
1121   0.4646
1122   0.4646
1123   0.4646
1124   0.4646
1125   0.4646
1126   0.4646
1127   0.4646
1128   0.4646
1129   0.4646
1130   0.4646
1131   0.4646
1132   0.4646
1133   0.4646
1134   0.4646
1135   0.4646
1136   0.4646
1137   0.4646
1138   0.4646
1139   0.4646
1140   0.4646
1141   0.4646
1142   0.4646
1143   0.4646
1144   0.4646
1145   0.4646
1146   0.4646
1147   0.4646
1148   0.4646
1149   0.4646
1150   0.4646
1151   0.4646
1152   0.4646
1153   0.4646
1154   0.4646
1155   0.4646
1156   0.4646
1157   0.4646
1158   0.4646
1159   0.4646
1160   0.4646
1161   0.4646
1162   0.4646
1163   0.4646
1164   0.4646
1165   0.4646
1166   0.4646
1167   0.4646
1168   0.4646
1169   0.4646
1170   0.4646
1171   0.4646
1172   0.4646
1173   0.4646
1174   0.4646
1175   0.4646
1176   0.4646
1177   0.4646
1178   0.4646
1179   0.4646
1180   0.4646
1181   0.4646
1182   0.4646
1183   0.4646
1184   0.4646
1185   0.4646
1186   0.4646
1187   0.4646
1188   0.4646
1189   0.4646
1190   0.4646
1191   0.4646
1192   0.4646
1193   0.4646
1194   0.4646
1195   0.4646
1196   0.4646
1197   0.4646
1198   0.4646
1199   0.4646
1200   0.4646
1201   0.4646
1202   0.4646
1203   0.4646
1204   0.4646
1205   0.4641
1206   0.4641
1207   0.4641
1208   0.4641
1209   0.4641
1210   0.4641
1211   0.4641
1212   0.4641
1213   0.4641
1214   0.4641
1215   0.4641
1216   0.4641
1217   0.4641
1218   0.4641
1219   0.4641
1220   0.4641
1221   0.4641
1222   0.4641
1223   0.4641
1224   0.4641
1225   0.4641
1226   0.4641
1227   0.4641
1228   0.4641
1229   0.4641
1230   0.4641
1231   0.4641
1232   0.4641
1233   0.4641
1234   0.4641
1235   0.4641
1236   0.4641
1237   0.4641
1238   0.4641
1239   0.4641
1240   0.4641
1241   0.4641
1242   0.4641
1243   0.4641
1244   0.4641
1245   0.4641
1246   0.4641
1247   0.4641
1248   0.4641
1249   0.4641
1250   0.4641
1251   0.4641
1252   0.4641
1253   0.4641
1254   0.4641
1255   0.4641
1256   0.4641
1257   0.4641
1258   0.4641
1259   0.4641
1260   0.4641
1261   0.4641
1262   0.4641
1263   0.4641
1264   0.4641
1265   0.4641
1266   0.4641
1267   0.4641
1268   0.4641
1269   0.4641
1270   0.4641
1271   0.4641
1272   0.4641
1273   0.4641
1274   0.4641
1275   0.4641
1276   0.4641
1277   0.4641
1278   0.4641
1279   0.4641
1280   0.4641
1281   0.4641
1282   0.4641
1283   0.4641
1284   0.4641
1285   0.4641
1286   0.4641
1287   0.4641
1288   0.4641
1289   0.4641
1290   0.4641
1291   0.4641
1292   0.4641
1293   0.4641
1294   0.4641
1295   0.4641
1296   0.4641
1297   0.4641
1298   0.4641
1299   0.4641
1300   0.4641
1301   0.4641
1302   0.4641
1303   0.4641
1304   0.4641
1305   0.4641
1306   0.4641
1307   0.4641
1308   0.4641
1309   0.4641
1310   0.4641
1311   0.4641
1312   0.4641
1313   0.4641
1314   0.4641
1315   0.4641
1316   0.4641
1317   0.4641
1318   0.4641
1319   0.4641
1320   0.4634
1321   0.4634
1322   0.4634
1323   0.4634
1324   0.4634
1325   0.4634
1326   0.4634
1327   0.4634
1328   0.4634
1329   0.4634
1330   0.4634
1331   0.4634
1332   0.4634
1333   0.4634
1334   0.4634
1335   0.4634
1336   0.4634
1337   0.4634
1338   0.4634
1339   0.4634
1340   0.4634
1341   0.4634
1342   0.4634
1343   0.4634
1344   0.4634
1345   0.4634
1346   0.4634
1347   0.4634
1348   0.4634
1349   0.4634
1350   0.4634
1351   0.4634
1352   0.4634
1353   0.4634
1354   0.4634
1355   0.4634
1356   0.4634
1357   0.4634
1358   0.4634
1359   0.4634
1360   0.4634
1361   0.4634
1362   0.4634
1363   0.4634
1364   0.4634
1365   0.4634
1366   0.4634
1367   0.4634
1368   0.4634
1369   0.4634
1370   0.4634
1371   0.4634
1372   0.4634
1373   0.4634
1374   0.4634
1375   0.4634
1376   0.4634
1377   0.4634
1378   0.4634
1379   0.4634
1380   0.4634
1381   0.4634
1382   0.4634
1383   0.4634
1384   0.4634
1385   0.4634
1386   0.4634
1387   0.4634
1388   0.4634
1389   0.4634
1390   0.4634
1391   0.4634
1392   0.4634
1393   0.4634
1394   0.4634
1395   0.4634
1396   0.4634
1397   0.4634
1398   0.4634
1399   0.4634
1400   0.4634
1401   0.4634
1402   0.4634
1403   0.4634
1404   0.4634
1405   0.4634
1406   0.4634
1407   0.4634
1408   0.4634
1409   0.4634
1410   0.4634
1411   0.4634
1412   0.4634
1413   0.4634
1414   0.4634
1415   0.4634
1416   0.4634
1417   0.4634
1418   0.4634
1419   0.4634
1420   0.4634
1421   0.4634
1422   0.4634
1423   0.4634
1424   0.4634
1425   0.4634
1426   0.4634
1427   0.4634
1428   0.4634
1429   0.4634
1430   0.4634
1431   0.4634
1432   0.4634
1433   0.4634
1434   0.4634
1435   0.4634
1436   0.4634
1437   0.4634
1438   0.4634
1439   0.4634
1440   0.4634
1441   0.4634
1442   0.4634
1443   0.4634
1444   0.4634
1445   0.4634
1446   0.4634
1447   0.4634
1448   0.4634
1449   0.4634
1450   0.4634
1451   0.4634
1452   0.4634
1453   0.4634
1454   0.4634
1455   0.4634
1456   0.4634
1457   0.4634
1458   0.4634
1459   0.4634
1460   0.4634
1461   0.4634
1462   0.4634
1463   0.4634
1464   0.4634
1465   0.4634
1466   0.4634
1467   0.4634
1468   0.4634
1469   0.4634
1470   0.4634
1471   0.4634
1472   0.4634
1473   0.4634
1474   0.4634
1475   0.4634
1476   0.4634
1477   0.4634
1478   0.4634
1479   0.4634
1480   0.4634
1481   0.4634
1482   0.4634
1483   0.4634
1484   0.4634
1485   0.4634
1486   0.4634
1487   0.4634
1488   0.4634
1489   0.4634
1490   0.4634
1491   0.4634
1492   0.4634
1493   0.4634
1494   0.4634
1495   0.4634
1496   0.4634
1497   0.4634
1498   0.4634
1499   0.4634
1500   0.4634
1501   0.4634
1502   0.4634
1503   0.4634
1504   0.4634
1505   0.4634
1506   0.4634
1507   0.4634
1508   0.4634
1509   0.4634
1510   0.4634
1511   0.4634
1512   0.4634
1513   0.4634
1514   0.4634
1515   0.4634
1516   0.4634
1517   0.4634
1518   0.4634
1519   0.4634
1520   0.4634
1521   0.4634
1522   0.4634
1523   0.4634
1524   0.4634
1525   0.4634
1526   0.4634
1527   0.4634
1528   0.4634
1529   0.4634
1530   0.4634
1531   0.4634
1532   0.4634
1533   0.4634
1534   0.4634
1535   0.4634
1536   0.4634
1537   0.4634
1538   0.4634
1539   0.4634
1540   0.4634
1541   0.4634
1542   0.4634
1543   0.4634
1544   0.4634
1545   0.4634
1546   0.4634
1547   0.4634
1548   0.4634
1549   0.4634
1550   0.4634
1551   0.4634
1552   0.4634
1553   0.4634
1554   0.4634
1555   0.4634
1556   0.4634
1557   0.4634
1558   0.4634
1559   0.4634
1560   0.4634
1561   0.4634
1562   0.4634
1563   0.4634
1564   0.4634
1565   0.4634
1566   0.4634
1567   0.4634
1568   0.4634
1569   0.4634
1570   0.4634
1571   0.4634
1572   0.4634
1573   0.4634
1574   0.4634
1575   0.4634
1576   0.4634
1577   0.4634
1578   0.4634
1579   0.4634
1580   0.4634
1581   0.4634
1582   0.4634
1583   0.4634
1584   0.4634
1585   0.4634
1586   0.4634
1587   0.4634
1588   0.4634
1589   0.4634
1590   0.4634
1591   0.4634
1592   0.4634
1593   0.4634
1594   0.4634
1595   0.4634
1596   0.4634
1597   0.4634
1598   0.4634
1599   0.4634
1600   0.4634
1601   0.4634
1602   0.4634
1603   0.4634
1604   0.4634
1605   0.4634
1606   0.4634
1607   0.4634
1608   0.4634
1609   0.4634
1610   0.4634
1611   0.4634
1612   0.4634
1613   0.4634
1614   0.4634
1615   0.4634
1616   0.4634
1617   0.4634
1618   0.4634
1619   0.4634
1620   0.4634
1621   0.4634
1622   0.4634
1623   0.4634
1624   0.4634
1625   0.4634
1626   0.4634
1627   0.4634
1628   0.4634
1629   0.4634
1630   0.4634
1631   0.4634
1632   0.4634
1633   0.4634
1634   0.4634
1635   0.4634
1636   0.4634
1637   0.4634
1638   0.4634
1639   0.4634
1640   0.4634
1641   0.4634
1642   0.4634
1643   0.4634
1644   0.4634
1645   0.4634
1646   0.4634
1647   0.4634
1648   0.4634
1649   0.4634
1650   0.4634
1651   0.4634
1652   0.4634
1653   0.4634
1654   0.4634
1655   0.4634
1656   0.4634
1657   0.4634
1658   0.4634
1659   0.4634
1660   0.4634
1661   0.4634
1662   0.4634
1663   0.4634
1664   0.4634
1665   0.4634
1666   0.4634
1667   0.4634
1668   0.4634
1669   0.4634
1670   0.4634
1671   0.4634
1672   0.4634
1673   0.4634
1674   0.4634
1675   0.4634
1676   0.4634
1677   0.4634
1678   0.4634
1679   0.4634
1680   0.4634
1681   0.4634
1682   0.4634
1683   0.4634
1684   0.4634
1685   0.4634
1686   0.4634
1687   0.4634
1688   0.4634
1689   0.4634
1690   0.4634
1691   0.4634
1692   0.4634
1693   0.4634
1694   0.4634
1695   0.4634
1696   0.4634
1697   0.4634
1698   0.4634
1699   0.4634
1700   0.4634
1701   0.4634
1702   0.4634
1703   0.4634
1704   0.4634
1705   0.4634
1706   0.4634
1707   0.4634
1708   0.4634
1709   0.4634
1710   0.4634
1711   0.4634
1712   0.4634
1713   0.4634
1714   0.4634
1715   0.4634
1716   0.4634
1717   0.4634
1718   0.4634
1719   0.4634
1720   0.4634
1721   0.4634
1722   0.4634
1723   0.4634
1724   0.4634
1725   0.4634
1726   0.4634
1727   0.4634
1728   0.4634
1729   0.4634
1730   0.4634
1731   0.4634
1732   0.4634
1733   0.4634
1734   0.4634
1735   0.4634
1736   0.4634
1737   0.4630
1738   0.4630
1739   0.4630
1740   0.4630
1741   0.4630
1742   0.4630
1743   0.4630
1744   0.4630
1745   0.4630
1746   0.4630
1747   0.4630
1748   0.4630
1749   0.4630
1750   0.4630
1751   0.4630
1752   0.4630
1753   0.4630
1754   0.4630
1755   0.4630
1756   0.4630
1757   0.4630
1758   0.4630
1759   0.4630
1760   0.4630
1761   0.4630
1762   0.4630
1763   0.4630
1764   0.4630
1765   0.4630
1766   0.4630
1767   0.4630
1768   0.4630
1769   0.4630
1770   0.4630
1771   0.4630
1772   0.4630
1773   0.4630
1774   0.4630
1775   0.4630
1776   0.4630
1777   0.4630
1778   0.4630
1779   0.4630
1780   0.4630
1781   0.4630
1782   0.4630
1783   0.4630
1784   0.4630
1785   0.4630
1786   0.4630
1787   0.4630
1788   0.4630
1789   0.4630
1790   0.4630
1791   0.4630
1792   0.4630
1793   0.4630
1794   0.4630
1795   0.4630
1796   0.4630
1797   0.4630
1798   0.4630
1799   0.4630
1800   0.4630
1801   0.4630
1802   0.4630
1803   0.4630
1804   0.4630
1805   0.4630
1806   0.4630
1807   0.4630
1808   0.4630
1809   0.4630
1810   0.4630
1811   0.4630
1812   0.4630
1813   0.4630
1814   0.4630
1815   0.4630
1816   0.4630
1817   0.4630
1818   0.4630
1819   0.4630
1820   0.4630
1821   0.4630
1822   0.4630
1823   0.4630
1824   0.4630
1825   0.4630
1826   0.4630
1827   0.4630
1828   0.4630
1829   0.4630
1830   0.4630
1831   0.4630
1832   0.4630
1833   0.4630
1834   0.4630
1835   0.4630
1836   0.4630
1837   0.4630
1838   0.4630
1839   0.4630
1840   0.4630
1841   0.4630
1842   0.4630
1843   0.4630
1844   0.4630
1845   0.4630
1846   0.4630
1847   0.4630
1848   0.4630
1849   0.4630
1850   0.4630
1851   0.4630
1852   0.4630
1853   0.4630
1854   0.4630
1855   0.4630
1856   0.4630
1857   0.4630
1858   0.4630
1859   0.4630
1860   0.4630
1861   0.4630
1862   0.4630
1863   0.4630
1864   0.4630
1865   0.4630
1866   0.4630
1867   0.4630
1868   0.4630
1869   0.4630
1870   0.4630
1871   0.4630
1872   0.4630
1873   0.4630
1874   0.4630
1875   0.4630
1876   0.4630
1877   0.4630
1878   0.4630
1879   0.4630
1880   0.4630
1881   0.4630
1882   0.4630
1883   0.4630
1884   0.4630
1885   0.4630
1886   0.4630
1887   0.4630
1888   0.4630
1889   0.4630
1890   0.4630
1891   0.4630
1892   0.4630
1893   0.4630
1894   0.4630
1895   0.4630
1896   0.4630
1897   0.4630
1898   0.4630
1899   0.4630
1900   0.4630
1901   0.4630
1902   0.4630
1903   0.4630
1904   0.4630
1905   0.4630
1906   0.4630
1907   0.4630
1908   0.4630
1909   0.4630
1910   0.4630
1911   0.4630
1912   0.4630
1913   0.4630
1914   0.4630
1915   0.4630
1916   0.4630
1917   0.4630
1918   0.4630
1919   0.4630
1920   0.4630
1921   0.4630
1922   0.4630
1923   0.4630
1924   0.4630
1925   0.4630
1926   0.4630
1927   0.4630
1928   0.4630
1929   0.4630
1930   0.4630
1931   0.4630
1932   0.4630
1933   0.4630
1934   0.4630
1935   0.4630
1936   0.4630
1937   0.4630
1938   0.4630
1939   0.4630
1940   0.4630
1941   0.4630
1942   0.4630
1943   0.4630
1944   0.4630
1945   0.4630
1946   0.4630
1947   0.4630
1948   0.4630
1949   0.4630
1950   0.4630
1951   0.4630
1952   0.4630
1953   0.4630
1954   0.4630
1955   0.4630
1956   0.4630
1957   0.4630
1958   0.4630
1959   0.4630
1960   0.4630
1961   0.4630
1962   0.4630
1963   0.4630
1964   0.4630
1965   0.4630
1966   0.4630
1967   0.4630
1968   0.4630
1969   0.4630
1970   0.4630
1971   0.4630
1972   0.4630
1973   0.4630
1974   0.4630
1975   0.4630
1976   0.4630
1977   0.4630
1978   0.4630
1979   0.4630
1980   0.4630
1981   0.4630
1982   0.4630
1983   0.4630
1984   0.4630
1985   0.4630
1986   0.4630
1987   0.4630
1988   0.4630
1989   0.4630
1990   0.4630
1991   0.4630
1992   0.4630
1993   0.4630
1994   0.4630
1995   0.4630
1996   0.4630
1997   0.4630
1998   0.4630
1999   0.4630
2000   0.4630
2001   0.4630
2002   0.4630
2003   0.4630
2004   0.4630
2005   0.4630
2006   0.4630
2007   0.4630
2008   0.4630
2009   0.4630
2010   0.4630
2011   0.4630
2012   0.4630
2013   0.4630
2014   0.4630
2015   0.4630
2016   0.4630
2017   0.4630
2018   0.4630
2019   0.4630
2020   0.4630
2021   0.4630
2022   0.4630
2023   0.4630
2024   0.4630
2025   0.4630
2026   0.4630
2027   0.4630
2028   0.4630
2029   0.4630
2030   0.4630
2031   0.4630
2032   0.4630
2033   0.4630
2034   0.4630
2035   0.4630
2036   0.4630
2037   0.4630
2038   0.4630
2039   0.4630
2040   0.4630
2041   0.4630
2042   0.4630
2043   0.4630
2044   0.4630
2045   0.4630
2046   0.4630
2047   0.4630
2048   0.4630
2049   0.4630
2050   0.4630
2051   0.4630
2052   0.4630
2053   0.4630
2054   0.4630
2055   0.4630
2056   0.4630
2057   0.4630
2058   0.4630
2059   0.4630
2060   0.4630
2061   0.4630
2062   0.4630
2063   0.4630
2064   0.4630
2065   0.4630
2066   0.4630
2067   0.4630
2068   0.4630
2069   0.4630
2070   0.4630
2071   0.4630
2072   0.4630
2073   0.4630
2074   0.4630
2075   0.4630
2076   0.4630
2077   0.4630
2078   0.4630
2079   0.4630
2080   0.4630
2081   0.4630
2082   0.4630
2083   0.4630
2084   0.4630
2085   0.4630
2086   0.4630
2087   0.4630
2088   0.4630
2089   0.4630
2090   0.4630
2091   0.4630
2092   0.4630
2093   0.4630
2094   0.4630
2095   0.4630
2096   0.4630
2097   0.4630
2098   0.4630
2099   0.4630
2100   0.4630
2101   0.4630
2102   0.4630
2103   0.4630
2104   0.4630
2105   0.4630
2106   0.4630
2107   0.4630
2108   0.4630
2109   0.4630
2110   0.4630
2111   0.4630
2112   0.4630
2113   0.4630
2114   0.4630
2115   0.4630
2116   0.4630
2117   0.4630
2118   0.4630
2119   0.4630
2120   0.4630
2121   0.4630
2122   0.4630
2123   0.4630
2124   0.4630
2125   0.4630
2126   0.4630
2127   0.4630
2128   0.4630
2129   0.4630
2130   0.4630
2131   0.4630
2132   0.4630
2133   0.4630
2134   0.4630
2135   0.4630
2136   0.4630
2137   0.4630
2138   0.4630
2139   0.4630
2140   0.4630
2141   0.4630
2142   0.4630
2143   0.4630
2144   0.4630
2145   0.4630
2146   0.4630
2147   0.4630
2148   0.4630
2149   0.4630
2150   0.4630
2151   0.4630
2152   0.4630
2153   0.4630
2154   0.4630
2155   0.4630
2156   0.4630
2157   0.4630
2158   0.4630
2159   0.4630
2160   0.4630
2161   0.4630
2162   0.4630
2163   0.4630
2164   0.4630
2165   0.4630
2166   0.4630
2167   0.4630
2168   0.4630
2169   0.4630
2170   0.4630
2171   0.4630
2172   0.4630
2173   0.4630
2174   0.4630
2175   0.4630
2176   0.4630
2177   0.4630
2178   0.4630
2179   0.4630
2180   0.4630
2181   0.4630
2182   0.4630
2183   0.4630
2184   0.4630
2185   0.4630
2186   0.4630
2187   0.4630
2188   0.4630
2189   0.4630
2190   0.4630
2191   0.4630
2192   0.4630
2193   0.4630
2194   0.4630
2195   0.4630
2196   0.4630
2197   0.4630
2198   0.4630
2199   0.4630
2200   0.4630
2201   0.4630
2202   0.4630
2203   0.4630
2204   0.4630
2205   0.4630
2206   0.4630
2207   0.4630
2208   0.4630
2209   0.4630
2210   0.4630
2211   0.4630
2212   0.4630
2213   0.4630
2214   0.4630
2215   0.4630
2216   0.4630
2217   0.4630
2218   0.4630
2219   0.4630
2220   0.4630
2221   0.4630
2222   0.4630
2223   0.4630
2224   0.4630
2225   0.4630
2226   0.4630
2227   0.4630
2228   0.4630
2229   0.4630
2230   0.4630
2231   0.4630
2232   0.4630
2233   0.4630
2234   0.4630
2235   0.4630
2236   0.4630
2237   0.4630
2238   0.4630
2239   0.4630
2240   0.4630
2241   0.4630
2242   0.4630
2243   0.4630
2244   0.4630
2245   0.4630
2246   0.4630
2247   0.4630
2248   0.4630
2249   0.4630
2250   0.4630
2251   0.4630
2252   0.4630
2253   0.4630
2254   0.4630
2255   0.4630
2256   0.4630
2257   0.4630
2258   0.4630
2259   0.4630
2260   0.4630
2261   0.4630
2262   0.4630
2263   0.4630
2264   0.4630
2265   0.4630
2266   0.4630
2267   0.4630
2268   0.4630
2269   0.4630
2270   0.4630
2271   0.4630
2272   0.4630
2273   0.4630
2274   0.4630
2275   0.4630
2276   0.4630
2277   0.4630
2278   0.4630
2279   0.4630
2280   0.4630
2281   0.4630
2282   0.4630
2283   0.4630
2284   0.4630
2285   0.4630
2286   0.4630
2287   0.4630
2288   0.4630
2289   0.4630
2290   0.4630
2291   0.4630
2292   0.4630
2293   0.4630
2294   0.4630
2295   0.4630
2296   0.4630
2297   0.4630
2298   0.4630
2299   0.4630
2300   0.4630
2301   0.4630
2302   0.4630
2303   0.4630
2304   0.4630
2305   0.4630
2306   0.4630
2307   0.4630
2308   0.4630
2309   0.4630
2310   0.4630
2311   0.4630
2312   0.4630
2313   0.4630
2314   0.4630
2315   0.4630
2316   0.4630
2317   0.4630
2318   0.4630
2319   0.4630
2320   0.4630
2321   0.4630
2322   0.4630
2323   0.4630
2324   0.4630
2325   0.4630
2326   0.4630
2327   0.4630
2328   0.4630
2329   0.4630
2330   0.4630
2331   0.4630
2332   0.4630
2333   0.4630
2334   0.4630
2335   0.4630
2336   0.4630
2337   0.4630
2338   0.4630
2339   0.4630
2340   0.4630
2341   0.4630
2342   0.4630
2343   0.4630
2344   0.4630
2345   0.4630
2346   0.4630
2347   0.4630
2348   0.4630
2349   0.4630
2350   0.4630
2351   0.4630
2352   0.4630
2353   0.4630
2354   0.4630
2355   0.4630
2356   0.4630
2357   0.4630
2358   0.4630
2359   0.4630
2360   0.4630
2361   0.4630
2362   0.4630
2363   0.4630
2364   0.4630
2365   0.4630
2366   0.4630
2367   0.4630
2368   0.4630
2369   0.4630
2370   0.4630
2371   0.4630
2372   0.4630
2373   0.4630
2374   0.4630
2375   0.4630
2376   0.4630
2377   0.4630
2378   0.4630
2379   0.4630
2380   0.4630
2381   0.4630
2382   0.4630
2383   0.4630
2384   0.4630
2385   0.4630
2386   0.4630
2387   0.4630
2388   0.4630
2389   0.4630
2390   0.4630
2391   0.4630
2392   0.4630
2393   0.4630
2394   0.4630
2395   0.4630
2396   0.4630
2397   0.4630
2398   0.4630
2399   0.4630
2400   0.4630
2401   0.4630
2402   0.4630
2403   0.4630
2404   0.4630
2405   0.4630
2406   0.4630
2407   0.4630
2408   0.4630
2409   0.4630
2410   0.4630
2411   0.4630
2412   0.4630
2413   0.4630
2414   0.4630
2415   0.4630
2416   0.4630
2417   0.4630
2418   0.4630
2419   0.4630
2420   0.4630
2421   0.4630
2422   0.4630
2423   0.4630
2424   0.4630
2425   0.4630
2426   0.4630
2427   0.4630
2428   0.4630
2429   0.4630
2430   0.4630
2431   0.4630
2432   0.4630
2433   0.4630
2434   0.4630
2435   0.4630
2436   0.4630
2437   0.4630
2438   0.4630
2439   0.4630
2440   0.4630
2441   0.4630
2442   0.4630
2443   0.4630
2444   0.4630
2445   0.4630
2446   0.4630
2447   0.4630
2448   0.4630
2449   0.4630
2450   0.4630
2451   0.4630
2452   0.4630
2453   0.4630
2454   0.4630
2455   0.4630
2456   0.4630
2457   0.4630
2458   0.4630
2459   0.4630
2460   0.4630
2461   0.4630
2462   0.4630
2463   0.4630
2464   0.4630
2465   0.4630
2466   0.4630
2467   0.4630
2468   0.4630
2469   0.4630
2470   0.4630
2471   0.4630
2472   0.4630
2473   0.4630
2474   0.4630
2475   0.4630
2476   0.4630
2477   0.4630
2478   0.4630
2479   0.4630
2480   0.4630
2481   0.4630
2482   0.4630
2483   0.4630
2484   0.4630
2485   0.4630
2486   0.4630
2487   0.4630
2488   0.4630
2489   0.4630
2490   0.4630
2491   0.4630
2492   0.4630
2493   0.4630
2494   0.4630
2495   0.4630
2496   0.4630
2497   0.4630
2498   0.4630
2499   0.4630
2500   0.4630
2501   0.4630
2502   0.4630
2503   0.4630
2504   0.4630
2505   0.4630
2506   0.4630
2507   0.4630
2508   0.4630
2509   0.4630
2510   0.4630
2511   0.4630
2512   0.4630
2513   0.4630
2514   0.4630
2515   0.4630
2516   0.4630
2517   0.4630
2518   0.4630
2519   0.4630
2520   0.4630
2521   0.4630
2522   0.4630
2523   0.4630
2524   0.4630
2525   0.4630
2526   0.4630
2527   0.4630
2528   0.4630
2529   0.4630
2530   0.4630
2531   0.4630
2532   0.4630
2533   0.4630
2534   0.4630
2535   0.4630
2536   0.4630
2537   0.4630
2538   0.4630
2539   0.4630
2540   0.4630
2541   0.4630
2542   0.4630
2543   0.4630
2544   0.4630
2545   0.4630
2546   0.4630
2547   0.4630
2548   0.4630
2549   0.4630
2550   0.4630
2551   0.4630
2552   0.4630
2553   0.4630
2554   0.4630
2555   0.4630
2556   0.4630
2557   0.4630
2558   0.4630
2559   0.4630
2560   0.4630
2561   0.4630
2562   0.4630
2563   0.4630
2564   0.4630
2565   0.4630
2566   0.4630
2567   0.4630
2568   0.4630
2569   0.4630
2570   0.4630
2571   0.4630
2572   0.4630
2573   0.4630
2574   0.4630
2575   0.4630
2576   0.4630
2577   0.4630
2578   0.4630
2579   0.4630
2580   0.4630
2581   0.4630
2582   0.4630
2583   0.4630
2584   0.4630
2585   0.4630
2586   0.4630
2587   0.4630
2588   0.4630
2589   0.4630
2590   0.4630
2591   0.4630
2592   0.4630
2593   0.4630
2594   0.4630
2595   0.4630
2596   0.4630
2597   0.4630
2598   0.4630
2599   0.4630
2600   0.4630
2601   0.4630
2602   0.4630
2603   0.4630
2604   0.4630
2605   0.4630
2606   0.4630
2607   0.4630
2608   0.4630
2609   0.4630
2610   0.4630
2611   0.4630
2612   0.4630
2613   0.4630
2614   0.4630
2615   0.4630
2616   0.4630
2617   0.4630
2618   0.4630
2619   0.4630
2620   0.4630
2621   0.4630
2622   0.4630
2623   0.4630
2624   0.4630
2625   0.4630
2626   0.4630
2627   0.4630
2628   0.4630
2629   0.4630
2630   0.4630
2631   0.4630
2632   0.4630
2633   0.4630
2634   0.4630
2635   0.4630
2636   0.4630
2637   0.4630
2638   0.4630
2639   0.4630
2640   0.4630
2641   0.4630
2642   0.4630
2643   0.4630
2644   0.4630
2645   0.4630
2646   0.4630
2647   0.4630
2648   0.4630
2649   0.4630
2650   0.4630
2651   0.4630
2652   0.4630
2653   0.4630
2654   0.4630
2655   0.4630
2656   0.4630
2657   0.4630
2658   0.4630
2659   0.4630
2660   0.4630
2661   0.4630
2662   0.4630
2663   0.4630
2664   0.4630
2665   0.4630
2666   0.4630
2667   0.4630
2668   0.4630
2669   0.4630
2670   0.4630
2671   0.4630
2672   0.4630
2673   0.4630
2674   0.4630
2675   0.4630
2676   0.4630
2677   0.4630
2678   0.4630
2679   0.4630
2680   0.4630
2681   0.4630
2682   0.4630
2683   0.4630
2684   0.4630
2685   0.4630
2686   0.4630
2687   0.4630
2688   0.4630
2689   0.4630
2690   0.4630
2691   0.4630
2692   0.4630
2693   0.4630
2694   0.4630
2695   0.4630
2696   0.4630
2697   0.4630
2698   0.4630
2699   0.4630
2700   0.4630
2701   0.4630
2702   0.4630
2703   0.4630
2704   0.4630
2705   0.4630
2706   0.4630
2707   0.4630
2708   0.4630
2709   0.4630
2710   0.4630
2711   0.4630
2712   0.4630
2713   0.4630
2714   0.4630
2715   0.4630
2716   0.4630
2717   0.4630
2718   0.4630
2719   0.4630
2720   0.4630
2721   0.4630
2722   0.4630
2723   0.4630
2724   0.4630
2725   0.4630
2726   0.4630
2727   0.4630
2728   0.4630
2729   0.4630
2730   0.4630
2731   0.4630
2732   0.4630
2733   0.4630
2734   0.4630
2735   0.4630
2736   0.4630
2737   0.4630
2738   0.4630
2739   0.4630
2740   0.4630
2741   0.4630
2742   0.4630
2743   0.4630
2744   0.4630
2745   0.4630
2746   0.4630
2747   0.4630
2748   0.4630
2749   0.4630
2750   0.4630
2751   0.4630
2752   0.4630
2753   0.4630
2754   0.4630
2755   0.4630
2756   0.4630
2757   0.4630
2758   0.4630
2759   0.4630
2760   0.4630
2761   0.4630
2762   0.4630
2763   0.4630
2764   0.4630
2765   0.4630
2766   0.4630
2767   0.4630
2768   0.4630
2769   0.4630
2770   0.4630
2771   0.4630
2772   0.4630
2773   0.4630
2774   0.4630
2775   0.4630
2776   0.4630
2777   0.4630
2778   0.4630
2779   0.4630
2780   0.4630
2781   0.4630
2782   0.4630
2783   0.4630
2784   0.4630
2785   0.4630
2786   0.4630
2787   0.4630
2788   0.4630
2789   0.4630
2790   0.4630
2791   0.4630
2792   0.4630
2793   0.4630
2794   0.4630
2795   0.4630
2796   0.4630
2797   0.4630
2798   0.4630
2799   0.4630
2800   0.4630
2801   0.4630
2802   0.4630
2803   0.4630
2804   0.4630
2805   0.4630
2806   0.4630
2807   0.4630
2808   0.4630
2809   0.4630
2810   0.4630
2811   0.4630
2812   0.4630
2813   0.4630
2814   0.4630
2815   0.4630
2816   0.4630
2817   0.4630
2818   0.4630
2819   0.4630
2820   0.4630
2821   0.4630
2822   0.4630
2823   0.4630
2824   0.4630
2825   0.4630
2826   0.4630
2827   0.4630
2828   0.4630
2829   0.4630
2830   0.4630
2831   0.4630
2832   0.4630
2833   0.4630
2834   0.4630
2835   0.4630
2836   0.4630
2837   0.4630
2838   0.4630
2839   0.4630
2840   0.4630
2841   0.4630
2842   0.4630
2843   0.4630
2844   0.4630
2845   0.4630
2846   0.4630
2847   0.4630
2848   0.4630
2849   0.4630
2850   0.4630
2851   0.4630
2852   0.4630
2853   0.4630
2854   0.4630
2855   0.4630
2856   0.4630
2857   0.4630
2858   0.4630
2859   0.4630
2860   0.4630
2861   0.4630
2862   0.4630
2863   0.4630
2864   0.4630
2865   0.4630
2866   0.4630
2867   0.4630
2868   0.4630
2869   0.4630
2870   0.4630
2871   0.4630
2872   0.4630
2873   0.4630
2874   0.4630
2875   0.4630
2876   0.4630
2877   0.4630
2878   0.4630
2879   0.4630
2880   0.4630
2881   0.4630
2882   0.4630
2883   0.4630
2884   0.4630
2885   0.4630
2886   0.4630
2887   0.4630
2888   0.4630
2889   0.4630
2890   0.4630
2891   0.4630
2892   0.4630
2893   0.4630
2894   0.4630
2895   0.4630
2896   0.4630
2897   0.4630
2898   0.4630
2899   0.4630
2900   0.4630
2901   0.4630
2902   0.4630
2903   0.4630
2904   0.4630
2905   0.4630
2906   0.4630
2907   0.4630
2908   0.4630
2909   0.4630
2910   0.4630
2911   0.4630
2912   0.4630
2913   0.4630
2914   0.4630
2915   0.4630
2916   0.4630
2917   0.4630
2918   0.4630
2919   0.4630
2920   0.4630
2921   0.4630
2922   0.4630
2923   0.4630
2924   0.4630
2925   0.4630
2926   0.4630
2927   0.4630
2928   0.4630
2929   0.4630
2930   0.4630
2931   0.4630
2932   0.4630
2933   0.4630
2934   0.4630
2935   0.4630
2936   0.4630
2937   0.4630
2938   0.4630
2939   0.4630
2940   0.4630
2941   0.4630
2942   0.4630
2943   0.4630
2944   0.4630
2945   0.4630
2946   0.4630
2947   0.4630
2948   0.4630
2949   0.4630
2950   0.4630
2951   0.4630
2952   0.4630
2953   0.4630
2954   0.4630
2955   0.4630
2956   0.4630
2957   0.4630
2958   0.4630
2959   0.4630
2960   0.4630
2961   0.4630
2962   0.4630
2963   0.4630
2964   0.4630
2965   0.4630
2966   0.4630
2967   0.4630
2968   0.4630
2969   0.4630
2970   0.4630
2971   0.4630
2972   0.4630
2973   0.4630
2974   0.4630
2975   0.4630
2976   0.4630
2977   0.4630
2978   0.4630
2979   0.4630
2980   0.4630
2981   0.4630
2982   0.4630
2983   0.4630
2984   0.4630
2985   0.4630
2986   0.4630
2987   0.4630
2988   0.4630
2989   0.4630
2990   0.4630
2991   0.4630
2992   0.4630
2993   0.4630
2994   0.4630
2995   0.4630
2996   0.4630
2997   0.4630
2998   0.4630
2999   0.4630
3000   0.4630
