1   1.2140
2   1.2140
3   1.2140
4   1.0738
5   1.0419
6   1.0419
7   1.0419
8   1.0419
9   1.0419
10   0.8023
11   0.8023
12   0.8023
13   0.8023
14   0.8023
15   0.8023
16   0.8023
17   0.8023
18   0.8023
19   0.8023
20   0.8023
21   0.8023
22   0.8023
23   0.8023
24   0.8023
25   0.8023
26   0.8023
27   0.8023
28   0.8023
29   0.8023
30   0.8023
31   0.8023
32   0.8023
33   0.8023
34   0.8023
35   0.8023
36   0.8023
37   0.8023
38   0.8023
39   0.8023
40   0.8023
41   0.8023
42   0.7974
43   0.7974
44   0.7974
45   0.7907
46   0.7907
47   0.7901
48   0.7901
49   0.7901
50   0.7901
51   0.7901
52   0.7901
53   0.7901
54   0.7901
55   0.7901
56   0.7901
57   0.7901
58   0.7901
59   0.7901
60   0.7901
61   0.7901
62   0.7901
63   0.7901
64   0.7901
65   0.7901
66   0.7742
67   0.7742
68   0.7742
69   0.7742
70   0.7668
71   0.7668
72   0.7668
73   0.7668
74   0.6923
75   0.6900
76   0.6900
77   0.6900
78   0.6900
79   0.6900
80   0.6900
81   0.6553
82   0.6553
83   0.6528
84   0.6478
85   0.6381
86   0.6381
87   0.6381
88   0.6381
89   0.6381
90   0.6381
91   0.6381
92   0.6381
93   0.6381
94   0.6381
95   0.6381
96   0.6381
97   0.6381
98   0.6381
99   0.6381
100   0.6381
101   0.6381
102   0.6381
103   0.6185
104   0.6185
105   0.6185
106   0.6185
107   0.5867
108   0.5867
109   0.5867
110   0.5867
111   0.5867
112   0.5867
113   0.5867
114   0.5867
115   0.5867
116   0.5867
117   0.5867
118   0.5867
119   0.5867
120   0.5867
121   0.5867
122   0.5867
123   0.5867
124   0.5867
125   0.5867
126   0.5867
127   0.5867
128   0.5867
129   0.5867
130   0.5867
131   0.5867
132   0.5867
133   0.5867
134   0.5867
135   0.5867
136   0.5867
137   0.5854
138   0.5854
139   0.5854
140   0.5854
141   0.5854
142   0.5854
143   0.5854
144   0.5854
145   0.5854
146   0.5854
147   0.5854
148   0.5854
149   0.5854
150   0.5854
151   0.5854
152   0.5854
153   0.5854
154   0.5854
155   0.5854
156   0.5854
157   0.5854
158   0.5854
159   0.5772
160   0.5772
161   0.5772
162   0.5772
163   0.5772
164   0.5772
165   0.5772
166   0.5772
167   0.5772
168   0.5772
169   0.5772
170   0.5772
171   0.5772
172   0.5772
173   0.5772
174   0.5772
175   0.5772
176   0.5772
177   0.5772
178   0.5772
179   0.5772
180   0.5772
181   0.5772
182   0.5772
183   0.5772
184   0.5772
185   0.5772
186   0.5772
187   0.5772
188   0.5772
189   0.5772
190   0.5772
191   0.5772
192   0.5772
193   0.5772
194   0.5772
195   0.5772
196   0.5772
197   0.5772
198   0.5772
199   0.5772
200   0.5772
201   0.5772
202   0.5772
203   0.5772
204   0.5772
205   0.5772
206   0.5772
207   0.5772
208   0.5772
209   0.5772
210   0.5772
211   0.5772
212   0.5772
213   0.5772
214   0.5772
215   0.5772
216   0.5772
217   0.5772
218   0.5772
219   0.5772
220   0.5723
221   0.5723
222   0.5723
223   0.5723
224   0.5723
225   0.5723
226   0.5723
227   0.5723
228   0.5723
229   0.5723
230   0.5723
231   0.5723
232   0.5723
233   0.5723
234   0.5723
235   0.5723
236   0.5723
237   0.5723
238   0.5723
239   0.5723
240   0.5723
241   0.5723
242   0.5723
243   0.5723
244   0.5723
245   0.5723
246   0.5723
247   0.5723
248   0.5723
249   0.5723
250   0.5723
251   0.5723
252   0.5723
253   0.5723
254   0.5723
255   0.5723
256   0.5723
257   0.5723
258   0.5723
259   0.5723
260   0.5723
261   0.5723
262   0.5723
263   0.5723
264   0.5723
265   0.5723
266   0.5723
267   0.5723
268   0.5723
269   0.5723
270   0.5723
271   0.5723
272   0.5723
273   0.5723
274   0.5723
275   0.5723
276   0.5714
277   0.5714
278   0.5714
279   0.5714
280   0.5714
281   0.5281
282   0.5281
283   0.5281
284   0.5281
285   0.5281
286   0.5281
287   0.5281
288   0.5281
289   0.5281
290   0.5281
291   0.5281
292   0.5281
293   0.5281
294   0.5281
295   0.5281
296   0.5281
297   0.5281
298   0.5281
299   0.5281
300   0.5281
301   0.5281
302   0.5281
303   0.5281
304   0.5281
305   0.5281
306   0.5281
307   0.5281
308   0.5281
309   0.5281
310   0.5281
311   0.5281
312   0.5281
313   0.5281
314   0.5281
315   0.5281
316   0.5281
317   0.5281
318   0.5281
319   0.5281
320   0.5281
321   0.5281
322   0.5281
323   0.5281
324   0.5281
325   0.5281
326   0.5281
327   0.5281
328   0.5281
329   0.5281
330   0.5281
331   0.5281
332   0.5281
333   0.5281
334   0.5281
335   0.5281
336   0.5281
337   0.5281
338   0.5281
339   0.5281
340   0.5281
341   0.5281
342   0.5281
343   0.5281
344   0.5281
345   0.5281
346   0.5281
347   0.5281
348   0.5281
349   0.5281
350   0.5281
351   0.5281
352   0.5281
353   0.5281
354   0.5281
355   0.5281
356   0.5281
357   0.5281
358   0.5281
359   0.5281
360   0.5281
361   0.5281
362   0.5281
363   0.5281
364   0.5281
365   0.5281
366   0.5281
367   0.5281
368   0.5281
369   0.5281
370   0.5281
371   0.5281
372   0.5281
373   0.5281
374   0.5281
375   0.5281
376   0.5281
377   0.5281
378   0.5281
379   0.5281
380   0.5281
381   0.5281
382   0.5281
383   0.5281
384   0.5281
385   0.5281
386   0.5281
387   0.5281
388   0.5281
389   0.5281
390   0.5281
391   0.5281
392   0.5281
393   0.5281
394   0.5281
395   0.5281
396   0.5281
397   0.5281
398   0.5281
399   0.5281
400   0.5281
401   0.5281
402   0.5281
403   0.5281
404   0.5281
405   0.5281
406   0.5281
407   0.5281
408   0.5281
409   0.5281
410   0.5281
411   0.5281
412   0.5281
413   0.5281
414   0.5281
415   0.5281
416   0.5281
417   0.5281
418   0.5281
419   0.5281
420   0.5281
421   0.5281
422   0.5281
423   0.5281
424   0.5281
425   0.5281
426   0.5281
427   0.5281
428   0.5281
429   0.5281
430   0.5281
431   0.5281
432   0.5281
433   0.5281
434   0.5281
435   0.5281
436   0.5281
437   0.5281
438   0.5281
439   0.5281
440   0.5281
441   0.5281
442   0.5281
443   0.5281
444   0.5281
445   0.5281
446   0.5281
447   0.5281
448   0.5281
449   0.5281
450   0.5281
451   0.5281
452   0.5281
453   0.5281
454   0.5281
455   0.5281
456   0.5281
457   0.5281
458   0.5281
459   0.5281
460   0.5281
461   0.5281
462   0.5281
463   0.5281
464   0.5281
465   0.5281
466   0.5281
467   0.5281
468   0.5281
469   0.5281
470   0.5281
471   0.5281
472   0.5281
473   0.5281
474   0.5281
475   0.5281
476   0.5281
477   0.5281
478   0.5281
479   0.5281
480   0.5281
481   0.5281
482   0.5281
483   0.5281
484   0.5281
485   0.5281
486   0.5281
487   0.5281
488   0.5281
489   0.5281
490   0.5281
491   0.5281
492   0.5281
493   0.5281
494   0.5281
495   0.5281
496   0.5281
497   0.5281
498   0.5281
499   0.5281
500   0.5281
501   0.5281
502   0.5184
503   0.5184
504   0.5184
505   0.5184
506   0.5184
507   0.5184
508   0.5184
509   0.5184
510   0.5184
511   0.5184
512   0.5184
513   0.5184
514   0.5184
515   0.5184
516   0.5184
517   0.5184
518   0.5184
519   0.5184
520   0.5184
521   0.5184
522   0.5184
523   0.5184
524   0.5184
525   0.5184
526   0.5184
527   0.5184
528   0.5184
529   0.5184
530   0.5184
531   0.5184
532   0.5184
533   0.5184
534   0.5066
535   0.5066
536   0.5066
537   0.5066
538   0.5010
539   0.5010
540   0.5010
541   0.5010
542   0.5010
543   0.5010
544   0.5010
545   0.5010
546   0.5010
547   0.5010
548   0.5010
549   0.5010
550   0.5010
551   0.5010
552   0.5010
553   0.5010
554   0.5010
555   0.5006
556   0.5006
557   0.5006
558   0.5006
559   0.5006
560   0.5006
561   0.5006
562   0.5006
563   0.5006
564   0.5006
565   0.5006
566   0.5006
567   0.5006
568   0.5006
569   0.5006
570   0.5006
571   0.5006
572   0.5006
573   0.5006
574   0.5006
575   0.5006
576   0.5006
577   0.5006
578   0.5006
579   0.5006
580   0.5006
581   0.4635
582   0.4635
583   0.4635
584   0.4635
585   0.4635
586   0.4635
587   0.4635
588   0.4635
589   0.4635
590   0.4635
591   0.4635
592   0.4635
593   0.4040
594   0.4025
595   0.4025
596   0.4025
597   0.4025
598   0.4025
599   0.4025
600   0.4025
601   0.4025
602   0.4025
603   0.4025
604   0.4025
605   0.4025
606   0.4025
607   0.4025
608   0.4025
609   0.4025
610   0.4025
611   0.4025
612   0.4025
613   0.4025
614   0.4025
615   0.4025
616   0.4025
617   0.4025
618   0.4025
619   0.4025
620   0.4025
621   0.4025
622   0.4025
623   0.4025
624   0.4025
625   0.4025
626   0.4025
627   0.4025
628   0.4025
629   0.4025
630   0.4025
631   0.4025
632   0.4025
633   0.4025
634   0.4025
635   0.4025
636   0.4025
637   0.4025
638   0.4025
639   0.4025
640   0.4025
641   0.4025
642   0.4025
643   0.4025
644   0.4025
645   0.4025
646   0.4025
647   0.4025
648   0.4025
649   0.4025
650   0.4025
651   0.4025
652   0.4025
653   0.4025
654   0.4025
655   0.4025
656   0.4023
657   0.4023
658   0.4023
659   0.4023
660   0.4020
661   0.4020
662   0.4020
663   0.4020
664   0.4020
665   0.4020
666   0.4020
667   0.4020
668   0.4002
669   0.4002
670   0.4002
671   0.4002
672   0.4002
673   0.4002
674   0.4002
675   0.4002
676   0.4002
677   0.4002
678   0.4002
679   0.4002
680   0.4002
681   0.4002
682   0.4002
683   0.4002
684   0.4002
685   0.4002
686   0.4002
687   0.4002
688   0.4002
689   0.4002
690   0.4002
691   0.4002
692   0.4002
693   0.4002
694   0.4002
695   0.4002
696   0.4002
697   0.4002
698   0.3999
699   0.3999
700   0.3999
701   0.3999
702   0.3999
703   0.3995
704   0.3995
705   0.3995
706   0.3995
707   0.3995
708   0.3995
709   0.3995
710   0.3995
711   0.3995
712   0.3995
713   0.3995
714   0.3995
715   0.3995
716   0.3995
717   0.3995
718   0.3983
719   0.3983
720   0.3983
721   0.3983
722   0.3983
723   0.3983
724   0.3983
725   0.3983
726   0.3983
727   0.3983
728   0.3983
729   0.3983
730   0.3983
731   0.3983
732   0.3974
733   0.3974
734   0.3974
735   0.3974
736   0.3974
737   0.3974
738   0.3974
739   0.3974
740   0.3974
741   0.3974
742   0.3974
743   0.3974
744   0.3974
745   0.3974
746   0.3974
747   0.3974
748   0.3974
749   0.3974
750   0.3974
751   0.3974
752   0.3974
753   0.3974
754   0.3974
755   0.3974
756   0.3974
757   0.3974
758   0.3974
759   0.3974
760   0.3974
761   0.3974
762   0.3974
763   0.3974
764   0.3974
765   0.3974
766   0.3974
767   0.3974
768   0.3974
769   0.3974
770   0.3974
771   0.3974
772   0.3974
773   0.3974
774   0.3974
775   0.3974
776   0.3974
777   0.3974
778   0.3974
779   0.3974
780   0.3974
781   0.3974
782   0.3974
783   0.3974
784   0.3974
785   0.3974
786   0.3974
787   0.3974
788   0.3974
789   0.3974
790   0.3974
791   0.3974
792   0.3974
793   0.3974
794   0.3974
795   0.3974
796   0.3974
797   0.3974
798   0.3974
799   0.3974
800   0.3974
801   0.3974
802   0.3974
803   0.3974
804   0.3974
805   0.3974
806   0.3974
807   0.3974
808   0.3974
809   0.3974
810   0.3974
811   0.3974
812   0.3974
813   0.3974
814   0.3974
815   0.3974
816   0.3974
817   0.3974
818   0.3974
819   0.3974
820   0.3974
821   0.3974
822   0.3974
823   0.3974
824   0.3974
825   0.3974
826   0.3974
827   0.3974
828   0.3974
829   0.3974
830   0.3974
831   0.3974
832   0.3974
833   0.3974
834   0.3974
835   0.3974
836   0.3974
837   0.3974
838   0.3974
839   0.3974
840   0.3974
841   0.3974
842   0.3974
843   0.3974
844   0.3974
845   0.3974
846   0.3974
847   0.3974
848   0.3974
849   0.3974
850   0.3974
851   0.3974
852   0.3974
853   0.3974
854   0.3974
855   0.3974
856   0.3974
857   0.3974
858   0.3974
859   0.3974
860   0.3974
861   0.3974
862   0.3974
863   0.3974
864   0.3974
865   0.3974
866   0.3974
867   0.3974
868   0.3974
869   0.3974
870   0.3974
871   0.3974
872   0.3974
873   0.3974
874   0.3974
875   0.3974
876   0.3974
877   0.3974
878   0.3974
879   0.3974
880   0.3974
881   0.3974
882   0.3974
883   0.3974
884   0.3974
885   0.3974
886   0.3974
887   0.3974
888   0.3974
889   0.3974
890   0.3974
891   0.3974
892   0.3974
893   0.3974
894   0.3974
895   0.3974
896   0.3974
897   0.3974
898   0.3974
899   0.3974
900   0.3974
901   0.3974
902   0.3974
903   0.3974
904   0.3974
905   0.3974
906   0.3974
907   0.3974
908   0.3974
909   0.3974
910   0.3974
911   0.3974
912   0.3974
913   0.3974
914   0.3974
915   0.3974
916   0.3966
917   0.3966
918   0.3966
919   0.3966
920   0.3966
921   0.3966
922   0.3966
923   0.3966
924   0.3966
925   0.3966
926   0.3966
927   0.3966
928   0.3966
929   0.3966
930   0.3966
931   0.3966
932   0.3966
933   0.3966
934   0.3966
935   0.3966
936   0.3966
937   0.3966
938   0.3966
939   0.3966
940   0.3966
941   0.3966
942   0.3966
943   0.3966
944   0.3966
945   0.3966
946   0.3966
947   0.3966
948   0.3966
949   0.3966
950   0.3966
951   0.3966
952   0.3966
953   0.3966
954   0.3966
955   0.3966
956   0.3966
957   0.3966
958   0.3966
959   0.3966
960   0.3966
961   0.3966
962   0.3966
963   0.3966
964   0.3966
965   0.3966
966   0.3966
967   0.3966
968   0.3966
969   0.3966
970   0.3966
971   0.3966
972   0.3966
973   0.3966
974   0.3966
975   0.3966
976   0.3966
977   0.3966
978   0.3966
979   0.3966
980   0.3966
981   0.3966
982   0.3966
983   0.3966
984   0.3966
985   0.3966
986   0.3966
987   0.3966
988   0.3966
989   0.3966
990   0.3966
991   0.3966
992   0.3966
993   0.3966
994   0.3966
995   0.3966
996   0.3965
997   0.3965
998   0.3965
999   0.3965
1000   0.3965
1001   0.3965
1002   0.3965
1003   0.3965
1004   0.3965
1005   0.3965
1006   0.3965
1007   0.3965
1008   0.3965
1009   0.3965
1010   0.3965
1011   0.3965
1012   0.3965
1013   0.3965
1014   0.3965
1015   0.3965
1016   0.3965
1017   0.3965
1018   0.3965
1019   0.3965
1020   0.3965
1021   0.3965
1022   0.3965
1023   0.3965
1024   0.3965
1025   0.3965
1026   0.3965
1027   0.3965
1028   0.3965
1029   0.3965
1030   0.3965
1031   0.3965
1032   0.3965
1033   0.3965
1034   0.3965
1035   0.3965
1036   0.3965
1037   0.3965
1038   0.3965
1039   0.3965
1040   0.3965
1041   0.3965
1042   0.3965
1043   0.3965
1044   0.3965
1045   0.3965
1046   0.3965
1047   0.3965
1048   0.3965
1049   0.3965
1050   0.3965
1051   0.3965
1052   0.3965
1053   0.3965
1054   0.3965
1055   0.3965
1056   0.3965
1057   0.3965
1058   0.3965
1059   0.3965
1060   0.3965
1061   0.3965
1062   0.3965
1063   0.3965
1064   0.3965
1065   0.3965
1066   0.3965
1067   0.3965
1068   0.3965
1069   0.3965
1070   0.3965
1071   0.3965
1072   0.3965
1073   0.3965
1074   0.3965
1075   0.3965
1076   0.3965
1077   0.3965
1078   0.3965
1079   0.3965
1080   0.3965
1081   0.3965
1082   0.3965
1083   0.3965
1084   0.3965
1085   0.3965
1086   0.3965
1087   0.3965
1088   0.3965
1089   0.3965
1090   0.3965
1091   0.3965
1092   0.3965
1093   0.3965
1094   0.3965
1095   0.3965
1096   0.3965
1097   0.3965
1098   0.3965
1099   0.3965
1100   0.3965
1101   0.3965
1102   0.3965
1103   0.3965
1104   0.3965
1105   0.3965
1106   0.3965
1107   0.3965
1108   0.3965
1109   0.3965
1110   0.3965
1111   0.3965
1112   0.3965
1113   0.3965
1114   0.3965
1115   0.3965
1116   0.3965
1117   0.3965
1118   0.3965
1119   0.3965
1120   0.3965
1121   0.3965
1122   0.3965
1123   0.3965
1124   0.3965
1125   0.3965
1126   0.3965
1127   0.3965
1128   0.3965
1129   0.3965
1130   0.3965
1131   0.3965
1132   0.3965
1133   0.3965
1134   0.3965
1135   0.3965
1136   0.3965
1137   0.3965
1138   0.3965
1139   0.3965
1140   0.3965
1141   0.3965
1142   0.3965
1143   0.3965
1144   0.3965
1145   0.3965
1146   0.3965
1147   0.3965
1148   0.3965
1149   0.3965
1150   0.3965
1151   0.3965
1152   0.3965
1153   0.3965
1154   0.3965
1155   0.3965
1156   0.3965
1157   0.3965
1158   0.3965
1159   0.3965
1160   0.3965
1161   0.3965
1162   0.3965
1163   0.3965
1164   0.3965
1165   0.3965
1166   0.3965
1167   0.3965
1168   0.3965
1169   0.3965
1170   0.3965
1171   0.3965
1172   0.3965
1173   0.3965
1174   0.3965
1175   0.3965
1176   0.3965
1177   0.3965
1178   0.3965
1179   0.3965
1180   0.3965
1181   0.3965
1182   0.3965
1183   0.3965
1184   0.3965
1185   0.3965
1186   0.3965
1187   0.3965
1188   0.3965
1189   0.3965
1190   0.3965
1191   0.3965
1192   0.3965
1193   0.3965
1194   0.3965
1195   0.3965
1196   0.3965
1197   0.3965
1198   0.3965
1199   0.3965
1200   0.3965
1201   0.3965
1202   0.3965
1203   0.3965
1204   0.3965
1205   0.3965
1206   0.3965
1207   0.3965
1208   0.3965
1209   0.3965
1210   0.3965
1211   0.3965
1212   0.3965
1213   0.3965
1214   0.3965
1215   0.3965
1216   0.3965
1217   0.3965
1218   0.3965
1219   0.3965
1220   0.3965
1221   0.3965
1222   0.3965
1223   0.3965
1224   0.3965
1225   0.3965
1226   0.3965
1227   0.3965
1228   0.3965
1229   0.3965
1230   0.3965
1231   0.3965
1232   0.3965
1233   0.3965
1234   0.3965
1235   0.3965
1236   0.3965
1237   0.3965
1238   0.3965
1239   0.3965
1240   0.3965
1241   0.3965
1242   0.3965
1243   0.3965
1244   0.3965
1245   0.3965
1246   0.3965
1247   0.3965
1248   0.3965
1249   0.3965
1250   0.3965
1251   0.3965
1252   0.3965
1253   0.3965
1254   0.3965
1255   0.3965
1256   0.3965
1257   0.3965
1258   0.3965
1259   0.3965
1260   0.3965
1261   0.3965
1262   0.3965
1263   0.3965
1264   0.3965
1265   0.3965
1266   0.3965
1267   0.3965
1268   0.3965
1269   0.3965
1270   0.3965
1271   0.3965
1272   0.3965
1273   0.3965
1274   0.3965
1275   0.3965
1276   0.3965
1277   0.3965
1278   0.3965
1279   0.3965
1280   0.3965
1281   0.3965
1282   0.3965
1283   0.3965
1284   0.3965
1285   0.3965
1286   0.3965
1287   0.3965
1288   0.3965
1289   0.3965
1290   0.3965
1291   0.3965
1292   0.3965
1293   0.3965
1294   0.3965
1295   0.3965
1296   0.3965
1297   0.3965
1298   0.3965
1299   0.3965
1300   0.3965
1301   0.3965
1302   0.3965
1303   0.3965
1304   0.3965
1305   0.3965
1306   0.3965
1307   0.3965
1308   0.3965
1309   0.3965
1310   0.3965
1311   0.3965
1312   0.3965
1313   0.3965
1314   0.3965
1315   0.3965
1316   0.3965
1317   0.3965
1318   0.3965
1319   0.3965
1320   0.3965
1321   0.3965
1322   0.3965
1323   0.3965
1324   0.3965
1325   0.3965
1326   0.3965
1327   0.3965
1328   0.3965
1329   0.3965
1330   0.3965
1331   0.3965
1332   0.3965
1333   0.3965
1334   0.3965
1335   0.3965
1336   0.3965
1337   0.3965
1338   0.3965
1339   0.3965
1340   0.3965
1341   0.3965
1342   0.3965
1343   0.3965
1344   0.3965
1345   0.3965
1346   0.3965
1347   0.3965
1348   0.3965
1349   0.3965
1350   0.3965
1351   0.3965
1352   0.3965
1353   0.3965
1354   0.3965
1355   0.3965
1356   0.3965
1357   0.3965
1358   0.3965
1359   0.3965
1360   0.3965
1361   0.3965
1362   0.3965
1363   0.3965
1364   0.3965
1365   0.3965
1366   0.3965
1367   0.3965
1368   0.3965
1369   0.3965
1370   0.3965
1371   0.3965
1372   0.3965
1373   0.3965
1374   0.3965
1375   0.3965
1376   0.3965
1377   0.3965
1378   0.3965
1379   0.3965
1380   0.3965
1381   0.3965
1382   0.3965
1383   0.3965
1384   0.3965
1385   0.3965
1386   0.3965
1387   0.3965
1388   0.3965
1389   0.3965
1390   0.3965
1391   0.3965
1392   0.3965
1393   0.3965
1394   0.3965
1395   0.3965
1396   0.3965
1397   0.3965
1398   0.3965
1399   0.3965
1400   0.3965
1401   0.3965
1402   0.3965
1403   0.3965
1404   0.3965
1405   0.3965
1406   0.3965
1407   0.3965
1408   0.3965
1409   0.3965
1410   0.3965
1411   0.3965
1412   0.3965
1413   0.3965
1414   0.3965
1415   0.3965
1416   0.3965
1417   0.3965
1418   0.3965
1419   0.3965
1420   0.3965
1421   0.3965
1422   0.3965
1423   0.3965
1424   0.3965
1425   0.3965
1426   0.3965
1427   0.3965
1428   0.3965
1429   0.3965
1430   0.3965
1431   0.3965
1432   0.3965
1433   0.3965
1434   0.3965
1435   0.3965
1436   0.3965
1437   0.3965
1438   0.3965
1439   0.3965
1440   0.3965
1441   0.3965
1442   0.3965
1443   0.3965
1444   0.3965
1445   0.3965
1446   0.3965
1447   0.3965
1448   0.3965
1449   0.3965
1450   0.3965
1451   0.3965
1452   0.3965
1453   0.3965
1454   0.3965
1455   0.3965
1456   0.3965
1457   0.3965
1458   0.3965
1459   0.3965
1460   0.3965
1461   0.3965
1462   0.3965
1463   0.3965
1464   0.3965
1465   0.3965
1466   0.3965
1467   0.3965
1468   0.3965
1469   0.3965
1470   0.3965
1471   0.3965
1472   0.3965
1473   0.3965
1474   0.3965
1475   0.3965
1476   0.3965
1477   0.3965
1478   0.3965
1479   0.3965
1480   0.3965
1481   0.3965
1482   0.3965
1483   0.3965
1484   0.3965
1485   0.3965
1486   0.3965
1487   0.3965
1488   0.3965
1489   0.3965
1490   0.3965
1491   0.3965
1492   0.3965
1493   0.3965
1494   0.3965
1495   0.3965
1496   0.3965
1497   0.3965
1498   0.3965
1499   0.3965
1500   0.3965
1501   0.3965
1502   0.3965
1503   0.3965
1504   0.3965
1505   0.3965
1506   0.3965
1507   0.3965
1508   0.3965
1509   0.3965
1510   0.3965
1511   0.3965
1512   0.3965
1513   0.3965
1514   0.3965
1515   0.3965
1516   0.3965
1517   0.3965
1518   0.3965
1519   0.3965
1520   0.3965
1521   0.3965
1522   0.3965
1523   0.3965
1524   0.3965
1525   0.3965
1526   0.3965
1527   0.3965
1528   0.3965
1529   0.3965
1530   0.3965
1531   0.3965
1532   0.3965
1533   0.3965
1534   0.3965
1535   0.3965
1536   0.3965
1537   0.3965
1538   0.3965
1539   0.3965
1540   0.3965
1541   0.3965
1542   0.3965
1543   0.3965
1544   0.3965
1545   0.3965
1546   0.3965
1547   0.3965
1548   0.3965
1549   0.3965
1550   0.3965
1551   0.3965
1552   0.3965
1553   0.3965
1554   0.3965
1555   0.3965
1556   0.3965
1557   0.3965
1558   0.3965
1559   0.3965
1560   0.3965
1561   0.3965
1562   0.3965
1563   0.3965
1564   0.3965
1565   0.3965
1566   0.3965
1567   0.3965
1568   0.3965
1569   0.3965
1570   0.3965
1571   0.3965
1572   0.3965
1573   0.3965
1574   0.3965
1575   0.3965
1576   0.3965
1577   0.3965
1578   0.3965
1579   0.3965
1580   0.3965
1581   0.3965
1582   0.3965
1583   0.3965
1584   0.3965
1585   0.3965
1586   0.3965
1587   0.3965
1588   0.3965
1589   0.3965
1590   0.3965
1591   0.3965
1592   0.3965
1593   0.3965
1594   0.3965
1595   0.3965
1596   0.3965
1597   0.3965
1598   0.3965
1599   0.3965
1600   0.3965
1601   0.3965
1602   0.3965
1603   0.3965
1604   0.3965
1605   0.3965
1606   0.3965
1607   0.3965
1608   0.3965
1609   0.3965
1610   0.3965
1611   0.3965
1612   0.3965
1613   0.3965
1614   0.3965
1615   0.3965
1616   0.3965
1617   0.3965
1618   0.3965
1619   0.3965
1620   0.3965
1621   0.3965
1622   0.3965
1623   0.3965
1624   0.3965
1625   0.3965
1626   0.3965
1627   0.3965
1628   0.3965
1629   0.3965
1630   0.3965
1631   0.3965
1632   0.3965
1633   0.3965
1634   0.3965
1635   0.3965
1636   0.3965
1637   0.3965
1638   0.3965
1639   0.3965
1640   0.3965
1641   0.3965
1642   0.3965
1643   0.3965
1644   0.3965
1645   0.3965
1646   0.3965
1647   0.3965
1648   0.3965
1649   0.3965
1650   0.3965
1651   0.3965
1652   0.3965
1653   0.3965
1654   0.3965
1655   0.3965
1656   0.3965
1657   0.3965
1658   0.3965
1659   0.3965
1660   0.3965
1661   0.3965
1662   0.3965
1663   0.3965
1664   0.3965
1665   0.3965
1666   0.3965
1667   0.3965
1668   0.3965
1669   0.3965
1670   0.3965
1671   0.3965
1672   0.3965
1673   0.3965
1674   0.3965
1675   0.3965
1676   0.3965
1677   0.3965
1678   0.3965
1679   0.3965
1680   0.3965
1681   0.3965
1682   0.3965
1683   0.3965
1684   0.3965
1685   0.3965
1686   0.3965
1687   0.3965
1688   0.3965
1689   0.3965
1690   0.3965
1691   0.3965
1692   0.3965
1693   0.3965
1694   0.3965
1695   0.3965
1696   0.3965
1697   0.3965
1698   0.3965
1699   0.3965
1700   0.3965
1701   0.3965
1702   0.3965
1703   0.3965
1704   0.3965
1705   0.3965
1706   0.3965
1707   0.3965
1708   0.3965
1709   0.3965
1710   0.3965
1711   0.3965
1712   0.3965
1713   0.3965
1714   0.3965
1715   0.3965
1716   0.3965
1717   0.3965
1718   0.3965
1719   0.3965
1720   0.3965
1721   0.3965
1722   0.3965
1723   0.3965
1724   0.3965
1725   0.3965
1726   0.3965
1727   0.3965
1728   0.3965
1729   0.3965
1730   0.3965
1731   0.3965
1732   0.3965
1733   0.3965
1734   0.3965
1735   0.3965
1736   0.3965
1737   0.3965
1738   0.3965
1739   0.3965
1740   0.3965
1741   0.3965
1742   0.3965
1743   0.3965
1744   0.3965
1745   0.3965
1746   0.3965
1747   0.3965
1748   0.3965
1749   0.3965
1750   0.3965
1751   0.3965
1752   0.3965
1753   0.3965
1754   0.3965
1755   0.3965
1756   0.3965
1757   0.3965
1758   0.3965
1759   0.3965
1760   0.3965
1761   0.3965
1762   0.3965
1763   0.3965
1764   0.3965
1765   0.3965
1766   0.3965
1767   0.3965
1768   0.3965
1769   0.3965
1770   0.3965
1771   0.3965
1772   0.3965
1773   0.3965
1774   0.3965
1775   0.3965
1776   0.3965
1777   0.3965
1778   0.3965
1779   0.3965
1780   0.3965
1781   0.3965
1782   0.3965
1783   0.3965
1784   0.3965
1785   0.3965
1786   0.3965
1787   0.3965
1788   0.3965
1789   0.3965
1790   0.3965
1791   0.3965
1792   0.3965
1793   0.3965
1794   0.3965
1795   0.3965
1796   0.3965
1797   0.3965
1798   0.3965
1799   0.3965
1800   0.3965
1801   0.3965
1802   0.3965
1803   0.3965
1804   0.3965
1805   0.3965
1806   0.3965
1807   0.3965
1808   0.3965
1809   0.3965
1810   0.3965
1811   0.3965
1812   0.3965
1813   0.3965
1814   0.3965
1815   0.3965
1816   0.3965
1817   0.3965
1818   0.3965
1819   0.3965
1820   0.3965
1821   0.3965
1822   0.3965
1823   0.3965
1824   0.3965
1825   0.3965
1826   0.3965
1827   0.3965
1828   0.3965
1829   0.3965
1830   0.3965
1831   0.3965
1832   0.3965
1833   0.3965
1834   0.3965
1835   0.3965
1836   0.3965
1837   0.3965
1838   0.3965
1839   0.3965
1840   0.3965
1841   0.3965
1842   0.3965
1843   0.3965
1844   0.3965
1845   0.3965
1846   0.3965
1847   0.3965
1848   0.3965
1849   0.3965
1850   0.3965
1851   0.3965
1852   0.3965
1853   0.3965
1854   0.3965
1855   0.3965
1856   0.3965
1857   0.3965
1858   0.3965
1859   0.3965
1860   0.3965
1861   0.3965
1862   0.3965
1863   0.3965
1864   0.3965
1865   0.3965
1866   0.3965
1867   0.3965
1868   0.3965
1869   0.3965
1870   0.3965
1871   0.3965
1872   0.3965
1873   0.3965
1874   0.3965
1875   0.3965
1876   0.3965
1877   0.3965
1878   0.3965
1879   0.3965
1880   0.3965
1881   0.3965
1882   0.3965
1883   0.3965
1884   0.3965
1885   0.3965
1886   0.3965
1887   0.3965
1888   0.3965
1889   0.3965
1890   0.3965
1891   0.3965
1892   0.3965
1893   0.3965
1894   0.3965
1895   0.3965
1896   0.3965
1897   0.3965
1898   0.3965
1899   0.3965
1900   0.3965
1901   0.3965
1902   0.3965
1903   0.3965
1904   0.3965
1905   0.3965
1906   0.3965
1907   0.3965
1908   0.3965
1909   0.3965
1910   0.3965
1911   0.3965
1912   0.3965
1913   0.3965
1914   0.3965
1915   0.3965
1916   0.3965
1917   0.3965
1918   0.3965
1919   0.3965
1920   0.3965
1921   0.3965
1922   0.3965
1923   0.3965
1924   0.3965
1925   0.3965
1926   0.3965
1927   0.3965
1928   0.3965
1929   0.3965
1930   0.3965
1931   0.3965
1932   0.3965
1933   0.3965
1934   0.3965
1935   0.3965
1936   0.3965
1937   0.3965
1938   0.3965
1939   0.3965
1940   0.3965
1941   0.3965
1942   0.3965
1943   0.3965
1944   0.3965
1945   0.3965
1946   0.3965
1947   0.3965
1948   0.3965
1949   0.3965
1950   0.3965
1951   0.3965
1952   0.3965
1953   0.3965
1954   0.3965
1955   0.3965
1956   0.3965
1957   0.3965
1958   0.3965
1959   0.3965
1960   0.3965
1961   0.3965
1962   0.3965
1963   0.3965
1964   0.3965
1965   0.3965
1966   0.3965
1967   0.3965
1968   0.3965
1969   0.3965
1970   0.3965
1971   0.3965
1972   0.3965
1973   0.3965
1974   0.3965
1975   0.3965
1976   0.3965
1977   0.3965
1978   0.3965
1979   0.3965
1980   0.3965
1981   0.3965
1982   0.3965
1983   0.3965
1984   0.3965
1985   0.3965
1986   0.3965
1987   0.3965
1988   0.3965
1989   0.3965
1990   0.3965
1991   0.3965
1992   0.3965
1993   0.3965
1994   0.3965
1995   0.3965
1996   0.3965
1997   0.3965
1998   0.3965
1999   0.3965
2000   0.3965
2001   0.3965
2002   0.3965
2003   0.3965
2004   0.3965
2005   0.3965
2006   0.3965
2007   0.3965
2008   0.3965
2009   0.3965
2010   0.3965
2011   0.3965
2012   0.3965
2013   0.3965
2014   0.3965
2015   0.3965
2016   0.3965
2017   0.3965
2018   0.3965
2019   0.3965
2020   0.3965
2021   0.3965
2022   0.3965
2023   0.3965
2024   0.3965
2025   0.3965
2026   0.3965
2027   0.3965
2028   0.3965
2029   0.3965
2030   0.3965
2031   0.3965
2032   0.3965
2033   0.3965
2034   0.3965
2035   0.3965
2036   0.3965
2037   0.3965
2038   0.3965
2039   0.3965
2040   0.3965
2041   0.3965
2042   0.3965
2043   0.3965
2044   0.3965
2045   0.3965
2046   0.3965
2047   0.3965
2048   0.3965
2049   0.3965
2050   0.3965
2051   0.3965
2052   0.3965
2053   0.3965
2054   0.3965
2055   0.3965
2056   0.3965
2057   0.3965
2058   0.3965
2059   0.3965
2060   0.3965
2061   0.3965
2062   0.3965
2063   0.3965
2064   0.3965
2065   0.3965
2066   0.3965
2067   0.3965
2068   0.3965
2069   0.3965
2070   0.3965
2071   0.3965
2072   0.3965
2073   0.3965
2074   0.3965
2075   0.3965
2076   0.3965
2077   0.3965
2078   0.3965
2079   0.3965
2080   0.3965
2081   0.3965
2082   0.3965
2083   0.3965
2084   0.3965
2085   0.3965
2086   0.3965
2087   0.3965
2088   0.3965
2089   0.3965
2090   0.3965
2091   0.3965
2092   0.3965
2093   0.3965
2094   0.3965
2095   0.3965
2096   0.3965
2097   0.3965
2098   0.3965
2099   0.3965
2100   0.3965
2101   0.3965
2102   0.3965
2103   0.3965
2104   0.3965
2105   0.3965
2106   0.3965
2107   0.3965
2108   0.3965
2109   0.3965
2110   0.3965
2111   0.3965
2112   0.3965
2113   0.3965
2114   0.3965
2115   0.3965
2116   0.3965
2117   0.3965
2118   0.3965
2119   0.3965
2120   0.3965
2121   0.3965
2122   0.3965
2123   0.3965
2124   0.3965
2125   0.3965
2126   0.3965
2127   0.3965
2128   0.3965
2129   0.3965
2130   0.3965
2131   0.3965
2132   0.3965
2133   0.3965
2134   0.3965
2135   0.3965
2136   0.3965
2137   0.3965
2138   0.3965
2139   0.3965
2140   0.3965
2141   0.3965
2142   0.3965
2143   0.3965
2144   0.3965
2145   0.3965
2146   0.3965
2147   0.3965
2148   0.3965
2149   0.3965
2150   0.3965
2151   0.3965
2152   0.3965
2153   0.3965
2154   0.3965
2155   0.3965
2156   0.3965
2157   0.3965
2158   0.3965
2159   0.3965
2160   0.3965
2161   0.3965
2162   0.3965
2163   0.3965
2164   0.3965
2165   0.3965
2166   0.3965
2167   0.3965
2168   0.3965
2169   0.3965
2170   0.3965
2171   0.3965
2172   0.3965
2173   0.3965
2174   0.3965
2175   0.3965
2176   0.3965
2177   0.3965
2178   0.3965
2179   0.3965
2180   0.3965
2181   0.3965
2182   0.3965
2183   0.3965
2184   0.3965
2185   0.3965
2186   0.3965
2187   0.3965
2188   0.3965
2189   0.3965
2190   0.3965
2191   0.3965
2192   0.3965
2193   0.3965
2194   0.3965
2195   0.3965
2196   0.3965
2197   0.3965
2198   0.3965
2199   0.3965
2200   0.3965
2201   0.3965
2202   0.3965
2203   0.3965
2204   0.3965
2205   0.3965
2206   0.3965
2207   0.3965
2208   0.3965
2209   0.3965
2210   0.3965
2211   0.3965
2212   0.3965
2213   0.3965
2214   0.3965
2215   0.3965
2216   0.3965
2217   0.3965
2218   0.3965
2219   0.3965
2220   0.3965
2221   0.3965
2222   0.3965
2223   0.3965
2224   0.3965
2225   0.3965
2226   0.3965
2227   0.3965
2228   0.3965
2229   0.3965
2230   0.3965
2231   0.3965
2232   0.3965
2233   0.3965
2234   0.3965
2235   0.3965
2236   0.3965
2237   0.3965
2238   0.3965
2239   0.3965
2240   0.3965
2241   0.3965
2242   0.3965
2243   0.3965
2244   0.3965
2245   0.3965
2246   0.3965
2247   0.3965
2248   0.3965
2249   0.3965
2250   0.3965
2251   0.3965
2252   0.3965
2253   0.3965
2254   0.3965
2255   0.3965
2256   0.3965
2257   0.3965
2258   0.3965
2259   0.3965
2260   0.3965
2261   0.3965
2262   0.3965
2263   0.3965
2264   0.3965
2265   0.3965
2266   0.3965
2267   0.3965
2268   0.3965
2269   0.3965
2270   0.3965
2271   0.3965
2272   0.3965
2273   0.3965
2274   0.3965
2275   0.3965
2276   0.3965
2277   0.3965
2278   0.3965
2279   0.3965
2280   0.3965
2281   0.3965
2282   0.3965
2283   0.3965
2284   0.3965
2285   0.3965
2286   0.3965
2287   0.3965
2288   0.3965
2289   0.3965
2290   0.3965
2291   0.3965
2292   0.3965
2293   0.3965
2294   0.3965
2295   0.3965
2296   0.3965
2297   0.3965
2298   0.3965
2299   0.3965
2300   0.3965
2301   0.3965
2302   0.3965
2303   0.3965
2304   0.3965
2305   0.3965
2306   0.3965
2307   0.3965
2308   0.3965
2309   0.3965
2310   0.3965
2311   0.3965
2312   0.3965
2313   0.3965
2314   0.3965
2315   0.3965
2316   0.3965
2317   0.3965
2318   0.3965
2319   0.3965
2320   0.3965
2321   0.3965
2322   0.3965
2323   0.3965
2324   0.3965
2325   0.3965
2326   0.3965
2327   0.3965
2328   0.3965
2329   0.3965
2330   0.3965
2331   0.3965
2332   0.3965
2333   0.3965
2334   0.3965
2335   0.3965
2336   0.3965
2337   0.3965
2338   0.3965
2339   0.3965
2340   0.3965
2341   0.3965
2342   0.3965
2343   0.3965
2344   0.3965
2345   0.3965
2346   0.3965
2347   0.3965
2348   0.3965
2349   0.3965
2350   0.3965
2351   0.3965
2352   0.3965
2353   0.3965
2354   0.3965
2355   0.3965
2356   0.3965
2357   0.3965
2358   0.3965
2359   0.3965
2360   0.3965
2361   0.3965
2362   0.3965
2363   0.3965
2364   0.3965
2365   0.3965
2366   0.3965
2367   0.3965
2368   0.3965
2369   0.3965
2370   0.3965
2371   0.3965
2372   0.3965
2373   0.3965
2374   0.3965
2375   0.3965
2376   0.3965
2377   0.3965
2378   0.3965
2379   0.3965
2380   0.3965
2381   0.3965
2382   0.3965
2383   0.3965
2384   0.3965
2385   0.3965
2386   0.3965
2387   0.3965
2388   0.3965
2389   0.3965
2390   0.3965
2391   0.3965
2392   0.3965
2393   0.3965
2394   0.3965
2395   0.3965
2396   0.3965
2397   0.3965
2398   0.3965
2399   0.3965
2400   0.3965
2401   0.3965
2402   0.3965
2403   0.3965
2404   0.3965
2405   0.3965
2406   0.3965
2407   0.3965
2408   0.3965
2409   0.3965
2410   0.3965
2411   0.3965
2412   0.3965
2413   0.3965
2414   0.3965
2415   0.3965
2416   0.3965
2417   0.3965
2418   0.3965
2419   0.3965
2420   0.3965
2421   0.3965
2422   0.3965
2423   0.3965
2424   0.3965
2425   0.3965
2426   0.3965
2427   0.3965
2428   0.3965
2429   0.3965
2430   0.3965
2431   0.3965
2432   0.3965
2433   0.3965
2434   0.3965
2435   0.3965
2436   0.3965
2437   0.3965
2438   0.3965
2439   0.3965
2440   0.3965
2441   0.3965
2442   0.3965
2443   0.3965
2444   0.3965
2445   0.3965
2446   0.3965
2447   0.3965
2448   0.3965
2449   0.3965
2450   0.3965
2451   0.3965
2452   0.3965
2453   0.3965
2454   0.3965
2455   0.3965
2456   0.3965
2457   0.3965
2458   0.3965
2459   0.3965
2460   0.3965
2461   0.3965
2462   0.3965
2463   0.3965
2464   0.3965
2465   0.3965
2466   0.3965
2467   0.3965
2468   0.3965
2469   0.3965
2470   0.3965
2471   0.3965
2472   0.3965
2473   0.3965
2474   0.3965
2475   0.3965
2476   0.3965
2477   0.3965
2478   0.3965
2479   0.3965
2480   0.3965
2481   0.3965
2482   0.3965
2483   0.3965
2484   0.3965
2485   0.3965
2486   0.3965
2487   0.3965
2488   0.3965
2489   0.3965
2490   0.3965
2491   0.3965
2492   0.3965
2493   0.3965
2494   0.3965
2495   0.3965
2496   0.3965
2497   0.3965
2498   0.3965
2499   0.3965
2500   0.3965
2501   0.3965
2502   0.3965
2503   0.3965
2504   0.3965
2505   0.3965
2506   0.3965
2507   0.3965
2508   0.3965
2509   0.3965
2510   0.3965
2511   0.3965
2512   0.3965
2513   0.3965
2514   0.3965
2515   0.3965
2516   0.3965
2517   0.3965
2518   0.3965
2519   0.3965
2520   0.3965
2521   0.3965
2522   0.3965
2523   0.3965
2524   0.3965
2525   0.3965
2526   0.3965
2527   0.3965
2528   0.3965
2529   0.3965
2530   0.3965
2531   0.3965
2532   0.3965
2533   0.3965
2534   0.3965
2535   0.3965
2536   0.3965
2537   0.3965
2538   0.3965
2539   0.3965
2540   0.3965
2541   0.3965
2542   0.3965
2543   0.3965
2544   0.3965
2545   0.3965
2546   0.3965
2547   0.3965
2548   0.3965
2549   0.3965
2550   0.3965
2551   0.3965
2552   0.3965
2553   0.3965
2554   0.3965
2555   0.3965
2556   0.3965
2557   0.3965
2558   0.3965
2559   0.3965
2560   0.3965
2561   0.3965
2562   0.3965
2563   0.3965
2564   0.3965
2565   0.3965
2566   0.3965
2567   0.3965
2568   0.3965
2569   0.3965
2570   0.3965
2571   0.3965
2572   0.3965
2573   0.3965
2574   0.3965
2575   0.3965
2576   0.3965
2577   0.3965
2578   0.3965
2579   0.3965
2580   0.3965
2581   0.3965
2582   0.3965
2583   0.3965
2584   0.3965
2585   0.3965
2586   0.3965
2587   0.3965
2588   0.3965
2589   0.3965
2590   0.3965
2591   0.3965
2592   0.3965
2593   0.3965
2594   0.3965
2595   0.3965
2596   0.3965
2597   0.3965
2598   0.3965
2599   0.3965
2600   0.3965
2601   0.3965
2602   0.3965
2603   0.3965
2604   0.3965
2605   0.3965
2606   0.3965
2607   0.3965
2608   0.3965
2609   0.3965
2610   0.3965
2611   0.3965
2612   0.3965
2613   0.3965
2614   0.3965
2615   0.3965
2616   0.3965
2617   0.3965
2618   0.3965
2619   0.3965
2620   0.3965
2621   0.3965
2622   0.3965
2623   0.3965
2624   0.3965
2625   0.3965
2626   0.3965
2627   0.3965
2628   0.3965
2629   0.3965
2630   0.3965
2631   0.3965
2632   0.3965
2633   0.3965
2634   0.3965
2635   0.3965
2636   0.3965
2637   0.3965
2638   0.3965
2639   0.3965
2640   0.3965
2641   0.3965
2642   0.3965
2643   0.3965
2644   0.3965
2645   0.3965
2646   0.3965
2647   0.3965
2648   0.3965
2649   0.3965
2650   0.3965
2651   0.3965
2652   0.3965
2653   0.3965
2654   0.3965
2655   0.3965
2656   0.3965
2657   0.3965
2658   0.3965
2659   0.3965
2660   0.3965
2661   0.3965
2662   0.3965
2663   0.3965
2664   0.3965
2665   0.3965
2666   0.3965
2667   0.3965
2668   0.3965
2669   0.3965
2670   0.3965
2671   0.3965
2672   0.3965
2673   0.3965
2674   0.3965
2675   0.3965
2676   0.3965
2677   0.3965
2678   0.3965
2679   0.3965
2680   0.3965
2681   0.3965
2682   0.3965
2683   0.3965
2684   0.3965
2685   0.3965
2686   0.3965
2687   0.3965
2688   0.3965
2689   0.3965
2690   0.3965
2691   0.3965
2692   0.3965
2693   0.3965
2694   0.3965
2695   0.3965
2696   0.3965
2697   0.3965
2698   0.3965
2699   0.3965
2700   0.3965
2701   0.3965
2702   0.3965
2703   0.3965
2704   0.3965
2705   0.3965
2706   0.3965
2707   0.3965
2708   0.3965
2709   0.3965
2710   0.3965
2711   0.3965
2712   0.3965
2713   0.3965
2714   0.3965
2715   0.3965
2716   0.3965
2717   0.3965
2718   0.3965
2719   0.3965
2720   0.3965
2721   0.3965
2722   0.3965
2723   0.3965
2724   0.3965
2725   0.3965
2726   0.3965
2727   0.3965
2728   0.3965
2729   0.3965
2730   0.3965
2731   0.3965
2732   0.3965
2733   0.3965
2734   0.3965
2735   0.3965
2736   0.3965
2737   0.3965
2738   0.3965
2739   0.3965
2740   0.3965
2741   0.3965
2742   0.3965
2743   0.3965
2744   0.3965
2745   0.3965
2746   0.3965
2747   0.3965
2748   0.3965
2749   0.3965
2750   0.3965
2751   0.3965
2752   0.3965
2753   0.3965
2754   0.3965
2755   0.3965
2756   0.3965
2757   0.3965
2758   0.3965
2759   0.3965
2760   0.3965
2761   0.3965
2762   0.3965
2763   0.3965
2764   0.3965
2765   0.3965
2766   0.3965
2767   0.3965
2768   0.3965
2769   0.3965
2770   0.3965
2771   0.3965
2772   0.3965
2773   0.3965
2774   0.3965
2775   0.3965
2776   0.3965
2777   0.3965
2778   0.3965
2779   0.3965
2780   0.3965
2781   0.3965
2782   0.3965
2783   0.3965
2784   0.3965
2785   0.3965
2786   0.3965
2787   0.3965
2788   0.3965
2789   0.3965
2790   0.3965
2791   0.3965
2792   0.3965
2793   0.3965
2794   0.3965
2795   0.3965
2796   0.3965
2797   0.3965
2798   0.3965
2799   0.3965
2800   0.3965
2801   0.3965
2802   0.3965
2803   0.3965
2804   0.3965
2805   0.3965
2806   0.3965
2807   0.3965
2808   0.3965
2809   0.3965
2810   0.3965
2811   0.3965
2812   0.3965
2813   0.3965
2814   0.3965
2815   0.3965
2816   0.3965
2817   0.3965
2818   0.3965
2819   0.3965
2820   0.3965
2821   0.3965
2822   0.3965
2823   0.3965
2824   0.3965
2825   0.3965
2826   0.3965
2827   0.3965
2828   0.3965
2829   0.3965
2830   0.3965
2831   0.3965
2832   0.3965
2833   0.3965
2834   0.3965
2835   0.3965
2836   0.3965
2837   0.3965
2838   0.3965
2839   0.3965
2840   0.3965
2841   0.3965
2842   0.3965
2843   0.3965
2844   0.3965
2845   0.3965
2846   0.3965
2847   0.3965
2848   0.3965
2849   0.3965
2850   0.3965
2851   0.3965
2852   0.3965
2853   0.3965
2854   0.3965
2855   0.3965
2856   0.3965
2857   0.3965
2858   0.3965
2859   0.3965
2860   0.3965
2861   0.3965
2862   0.3965
2863   0.3965
2864   0.3965
2865   0.3965
2866   0.3965
2867   0.3965
2868   0.3965
2869   0.3965
2870   0.3965
2871   0.3965
2872   0.3965
2873   0.3965
2874   0.3965
2875   0.3965
2876   0.3965
2877   0.3965
2878   0.3965
2879   0.3965
2880   0.3965
2881   0.3965
2882   0.3965
2883   0.3965
2884   0.3965
2885   0.3965
2886   0.3965
2887   0.3965
2888   0.3965
2889   0.3965
2890   0.3965
2891   0.3965
2892   0.3965
2893   0.3965
2894   0.3965
2895   0.3965
2896   0.3965
2897   0.3965
2898   0.3965
2899   0.3965
2900   0.3965
2901   0.3965
2902   0.3965
2903   0.3965
2904   0.3965
2905   0.3965
2906   0.3965
2907   0.3965
2908   0.3965
2909   0.3965
2910   0.3965
2911   0.3965
2912   0.3965
2913   0.3965
2914   0.3965
2915   0.3965
2916   0.3965
2917   0.3965
2918   0.3965
2919   0.3965
2920   0.3965
2921   0.3965
2922   0.3965
2923   0.3965
2924   0.3965
2925   0.3965
2926   0.3965
2927   0.3965
2928   0.3965
2929   0.3965
2930   0.3965
2931   0.3965
2932   0.3965
2933   0.3965
2934   0.3965
2935   0.3965
2936   0.3965
2937   0.3965
2938   0.3965
2939   0.3965
2940   0.3965
2941   0.3965
2942   0.3965
2943   0.3965
2944   0.3965
2945   0.3965
2946   0.3965
2947   0.3965
2948   0.3965
2949   0.3965
2950   0.3965
2951   0.3965
2952   0.3965
2953   0.3965
2954   0.3965
2955   0.3965
2956   0.3965
2957   0.3965
2958   0.3965
2959   0.3965
2960   0.3965
2961   0.3965
2962   0.3965
2963   0.3965
2964   0.3965
2965   0.3965
2966   0.3965
2967   0.3965
2968   0.3965
2969   0.3965
2970   0.3965
2971   0.3965
2972   0.3965
2973   0.3965
2974   0.3965
2975   0.3965
2976   0.3965
2977   0.3965
2978   0.3965
2979   0.3965
2980   0.3965
2981   0.3965
2982   0.3965
2983   0.3965
2984   0.3965
2985   0.3965
2986   0.3965
2987   0.3965
2988   0.3965
2989   0.3965
2990   0.3965
2991   0.3965
2992   0.3965
2993   0.3965
2994   0.3965
2995   0.3965
2996   0.3965
2997   0.3965
2998   0.3965
2999   0.3965
3000   0.3965
