1   1.1594
2   1.0878
3   1.0878
4   1.0069
5   1.0069
6   1.0069
7   1.0069
8   0.9970
9   0.9681
10   0.9681
11   0.8940
12   0.8212
13   0.8212
14   0.8212
15   0.8212
16   0.8212
17   0.8212
18   0.8212
19   0.8212
20   0.8212
21   0.8212
22   0.8212
23   0.8212
24   0.8064
25   0.8064
26   0.8064
27   0.8064
28   0.7263
29   0.7263
30   0.7263
31   0.7263
32   0.7263
33   0.7263
34   0.7263
35   0.7263
36   0.6573
37   0.6573
38   0.6573
39   0.6573
40   0.6573
41   0.6573
42   0.6573
43   0.6328
44   0.6328
45   0.6328
46   0.6328
47   0.6328
48   0.6328
49   0.6328
50   0.6328
51   0.6328
52   0.6328
53   0.6328
54   0.6328
55   0.6328
56   0.6328
57   0.6328
58   0.6328
59   0.5717
60   0.5717
61   0.5717
62   0.5717
63   0.5717
64   0.5717
65   0.5717
66   0.5717
67   0.5717
68   0.5717
69   0.5717
70   0.5717
71   0.5717
72   0.5717
73   0.5717
74   0.5717
75   0.5717
76   0.5717
77   0.5677
78   0.5677
79   0.5677
80   0.5677
81   0.5677
82   0.5677
83   0.5677
84   0.5671
85   0.5671
86   0.5671
87   0.5671
88   0.5671
89   0.5618
90   0.5618
91   0.5618
92   0.5618
93   0.5618
94   0.5618
95   0.5618
96   0.5618
97   0.5618
98   0.5618
99   0.5618
100   0.5618
101   0.5618
102   0.5618
103   0.5618
104   0.5618
105   0.5618
106   0.5606
107   0.5606
108   0.5606
109   0.5606
110   0.5606
111   0.5606
112   0.5606
113   0.5606
114   0.5405
115   0.5405
116   0.5048
117   0.5048
118   0.5048
119   0.5048
120   0.5048
121   0.5048
122   0.5048
123   0.5048
124   0.5048
125   0.5048
126   0.5048
127   0.5048
128   0.5048
129   0.5048
130   0.4652
131   0.4652
132   0.4652
133   0.4652
134   0.4652
135   0.4652
136   0.4652
137   0.4652
138   0.4652
139   0.4652
140   0.4652
141   0.4652
142   0.4652
143   0.4652
144   0.4652
145   0.4652
146   0.4652
147   0.4652
148   0.4652
149   0.4652
150   0.4652
151   0.4652
152   0.4652
153   0.4652
154   0.4652
155   0.4652
156   0.4652
157   0.4652
158   0.4652
159   0.4652
160   0.4652
161   0.4652
162   0.4652
163   0.4652
164   0.4652
165   0.4652
166   0.4652
167   0.4652
168   0.4652
169   0.4652
170   0.4652
171   0.4652
172   0.4652
173   0.4652
174   0.4652
175   0.4652
176   0.4652
177   0.4652
178   0.4652
179   0.4652
180   0.4652
181   0.4652
182   0.4652
183   0.4652
184   0.4652
185   0.4652
186   0.4652
187   0.4652
188   0.4652
189   0.4652
190   0.4652
191   0.4652
192   0.4652
193   0.4652
194   0.4652
195   0.4652
196   0.4652
197   0.4652
198   0.4652
199   0.4652
200   0.4652
201   0.4652
202   0.4652
203   0.4652
204   0.4652
205   0.4652
206   0.4652
207   0.4652
208   0.4652
209   0.4652
210   0.4652
211   0.4652
212   0.4652
213   0.4652
214   0.4652
215   0.4652
216   0.4652
217   0.4652
218   0.4652
219   0.4652
220   0.4652
221   0.4652
222   0.4652
223   0.4652
224   0.4652
225   0.4652
226   0.4652
227   0.4652
228   0.4652
229   0.4652
230   0.4652
231   0.4652
232   0.4652
233   0.4652
234   0.4652
235   0.4652
236   0.4652
237   0.4652
238   0.4652
239   0.4652
240   0.4652
241   0.4652
242   0.4652
243   0.4652
244   0.4652
245   0.4652
246   0.4652
247   0.4652
248   0.4652
249   0.4652
250   0.4652
251   0.4652
252   0.4652
253   0.4652
254   0.4652
255   0.4652
256   0.4652
257   0.4652
258   0.4652
259   0.4652
260   0.4652
261   0.4652
262   0.4652
263   0.4652
264   0.4652
265   0.4652
266   0.4652
267   0.4652
268   0.4652
269   0.4652
270   0.4652
271   0.4652
272   0.4652
273   0.4652
274   0.4652
275   0.4652
276   0.4652
277   0.4652
278   0.4652
279   0.4652
280   0.4652
281   0.4652
282   0.4652
283   0.4652
284   0.4652
285   0.4652
286   0.4652
287   0.4652
288   0.4652
289   0.4652
290   0.4652
291   0.4652
292   0.4652
293   0.4652
294   0.4652
295   0.4652
296   0.4652
297   0.4652
298   0.4652
299   0.4652
300   0.4652
301   0.4652
302   0.4652
303   0.4652
304   0.4652
305   0.4652
306   0.4652
307   0.4652
308   0.4652
309   0.4652
310   0.4652
311   0.4652
312   0.4652
313   0.4652
314   0.4652
315   0.4652
316   0.4652
317   0.4652
318   0.4652
319   0.4652
320   0.4652
321   0.4652
322   0.4652
323   0.4652
324   0.4652
325   0.4652
326   0.4652
327   0.4652
328   0.4652
329   0.4652
330   0.4652
331   0.4652
332   0.4652
333   0.4652
334   0.4652
335   0.4652
336   0.4652
337   0.4652
338   0.4652
339   0.4652
340   0.4652
341   0.4652
342   0.4652
343   0.4652
344   0.4652
345   0.4652
346   0.4652
347   0.4652
348   0.4652
349   0.4652
350   0.4652
351   0.4652
352   0.4652
353   0.4652
354   0.4652
355   0.4652
356   0.4652
357   0.4652
358   0.4652
359   0.4652
360   0.4652
361   0.4652
362   0.4652
363   0.4652
364   0.4652
365   0.4652
366   0.4652
367   0.4652
368   0.4652
369   0.4652
370   0.4652
371   0.4652
372   0.4652
373   0.4652
374   0.4652
375   0.4652
376   0.4652
377   0.4652
378   0.4652
379   0.4652
380   0.4652
381   0.4652
382   0.4652
383   0.4652
384   0.4652
385   0.4652
386   0.4652
387   0.4652
388   0.4652
389   0.4652
390   0.4652
391   0.4652
392   0.4652
393   0.4652
394   0.4652
395   0.4652
396   0.4652
397   0.4652
398   0.4652
399   0.4652
400   0.4652
401   0.4652
402   0.4652
403   0.4652
404   0.4652
405   0.4652
406   0.4652
407   0.4652
408   0.4652
409   0.4652
410   0.4652
411   0.4652
412   0.4652
413   0.4652
414   0.4652
415   0.4652
416   0.4652
417   0.4652
418   0.4652
419   0.4652
420   0.4652
421   0.4652
422   0.4652
423   0.4652
424   0.4652
425   0.4652
426   0.4652
427   0.4652
428   0.4652
429   0.4652
430   0.4652
431   0.4652
432   0.4652
433   0.4652
434   0.4652
435   0.4652
436   0.4652
437   0.4652
438   0.4652
439   0.4652
440   0.4652
441   0.4652
442   0.4652
443   0.4652
444   0.4652
445   0.4652
446   0.4652
447   0.4652
448   0.4652
449   0.4652
450   0.4652
451   0.4652
452   0.4652
453   0.4652
454   0.4652
455   0.4652
456   0.4652
457   0.4652
458   0.4652
459   0.4652
460   0.4652
461   0.4652
462   0.4652
463   0.4652
464   0.4652
465   0.4652
466   0.4652
467   0.4652
468   0.4652
469   0.4652
470   0.4652
471   0.4652
472   0.4652
473   0.4652
474   0.4652
475   0.4652
476   0.4652
477   0.4652
478   0.4652
479   0.4652
480   0.4652
481   0.4652
482   0.4652
483   0.4652
484   0.4652
485   0.4652
486   0.4652
487   0.4652
488   0.4652
489   0.4652
490   0.4652
491   0.4652
492   0.4652
493   0.4652
494   0.4652
495   0.4652
496   0.4652
497   0.4652
498   0.4652
499   0.4652
500   0.4652
501   0.4652
502   0.4652
503   0.4652
504   0.4652
505   0.4652
506   0.4652
507   0.4652
508   0.4652
509   0.4652
510   0.4652
511   0.4652
512   0.4652
513   0.4652
514   0.4652
515   0.4652
516   0.4652
517   0.4652
518   0.4652
519   0.4652
520   0.4652
521   0.4652
522   0.4652
523   0.4652
524   0.4652
525   0.4652
526   0.4652
527   0.4652
528   0.4652
529   0.4652
530   0.4652
531   0.4652
532   0.4652
533   0.4652
534   0.4652
535   0.4652
536   0.4652
537   0.4652
538   0.4652
539   0.4652
540   0.4652
541   0.4652
542   0.4652
543   0.4652
544   0.4652
545   0.4652
546   0.4652
547   0.4652
548   0.4652
549   0.4652
550   0.4652
551   0.4652
552   0.4652
553   0.4652
554   0.4652
555   0.4652
556   0.4652
557   0.4652
558   0.4652
559   0.4652
560   0.4652
561   0.4652
562   0.4652
563   0.4652
564   0.4652
565   0.4652
566   0.4652
567   0.4652
568   0.4652
569   0.4652
570   0.4652
571   0.4652
572   0.4652
573   0.4652
574   0.4652
575   0.4652
576   0.4652
577   0.4652
578   0.4652
579   0.4652
580   0.4652
581   0.4652
582   0.4652
583   0.4652
584   0.4652
585   0.4652
586   0.4652
587   0.4652
588   0.4652
589   0.4652
590   0.4652
591   0.4652
592   0.4652
593   0.4652
594   0.4652
595   0.4652
596   0.4652
597   0.4652
598   0.4652
599   0.4652
600   0.4652
601   0.4652
602   0.4652
603   0.4652
604   0.4652
605   0.4652
606   0.4652
607   0.4652
608   0.4652
609   0.4652
610   0.4652
611   0.4652
612   0.4652
613   0.4652
614   0.4652
615   0.4652
616   0.4652
617   0.4652
618   0.4652
619   0.4652
620   0.4652
621   0.4652
622   0.4652
623   0.4652
624   0.4652
625   0.4652
626   0.4652
627   0.4652
628   0.4652
629   0.4652
630   0.4652
631   0.4652
632   0.4652
633   0.4652
634   0.4652
635   0.4652
636   0.4652
637   0.4652
638   0.4652
639   0.4652
640   0.4652
641   0.4652
642   0.4652
643   0.4652
644   0.4652
645   0.4652
646   0.4652
647   0.4652
648   0.4652
649   0.4652
650   0.4652
651   0.4652
652   0.4652
653   0.4652
654   0.4652
655   0.4652
656   0.4652
657   0.4652
658   0.4652
659   0.4652
660   0.4652
661   0.4652
662   0.4652
663   0.4652
664   0.4652
665   0.4652
666   0.4652
667   0.4652
668   0.4652
669   0.4652
670   0.4652
671   0.4652
672   0.4652
673   0.4652
674   0.4652
675   0.4652
676   0.4652
677   0.4652
678   0.4652
679   0.4652
680   0.4652
681   0.4652
682   0.4652
683   0.4652
684   0.4652
685   0.4652
686   0.4652
687   0.4652
688   0.4652
689   0.4652
690   0.4652
691   0.4652
692   0.4652
693   0.4652
694   0.4652
695   0.4652
696   0.4652
697   0.4652
698   0.4652
699   0.4652
700   0.4652
701   0.4652
702   0.4652
703   0.4652
704   0.4652
705   0.4652
706   0.4652
707   0.4652
708   0.4652
709   0.4652
710   0.4652
711   0.4652
712   0.4652
713   0.4652
714   0.4652
715   0.4652
716   0.4652
717   0.4652
718   0.4652
719   0.4652
720   0.4652
721   0.4652
722   0.4652
723   0.4652
724   0.4652
725   0.4652
726   0.4652
727   0.4652
728   0.4652
729   0.4652
730   0.4652
731   0.4652
732   0.4652
733   0.4652
734   0.4652
735   0.4652
736   0.4652
737   0.4652
738   0.4652
739   0.4652
740   0.4652
741   0.4652
742   0.4652
743   0.4652
744   0.4652
745   0.4652
746   0.4652
747   0.4652
748   0.4652
749   0.4652
750   0.4652
751   0.4652
752   0.4652
753   0.4652
754   0.4652
755   0.4652
756   0.4652
757   0.4652
758   0.4652
759   0.4652
760   0.4652
761   0.4652
762   0.4652
763   0.4652
764   0.4652
765   0.4652
766   0.4652
767   0.4652
768   0.4652
769   0.4652
770   0.4652
771   0.4652
772   0.4652
773   0.4652
774   0.4652
775   0.4652
776   0.4652
777   0.4652
778   0.4652
779   0.4652
780   0.4652
781   0.4652
782   0.4652
783   0.4652
784   0.4652
785   0.4652
786   0.4652
787   0.4652
788   0.4652
789   0.4652
790   0.4652
791   0.4652
792   0.4652
793   0.4652
794   0.4652
795   0.4652
796   0.4652
797   0.4652
798   0.4652
799   0.4652
800   0.4652
801   0.4652
802   0.4652
803   0.4652
804   0.4652
805   0.4652
806   0.4652
807   0.4652
808   0.4652
809   0.4652
810   0.4652
811   0.4652
812   0.4652
813   0.4652
814   0.4652
815   0.4652
816   0.4652
817   0.4652
818   0.4652
819   0.4652
820   0.4652
821   0.4652
822   0.4652
823   0.4652
824   0.4652
825   0.4652
826   0.4652
827   0.4652
828   0.4652
829   0.4652
830   0.4652
831   0.4652
832   0.4652
833   0.4652
834   0.4652
835   0.4652
836   0.4652
837   0.4652
838   0.4652
839   0.4652
840   0.4652
841   0.4652
842   0.4652
843   0.4652
844   0.4652
845   0.4652
846   0.4652
847   0.4652
848   0.4652
849   0.4652
850   0.4652
851   0.4652
852   0.4652
853   0.4652
854   0.4652
855   0.4652
856   0.4652
857   0.4652
858   0.4652
859   0.4652
860   0.4652
861   0.4652
862   0.4652
863   0.4652
864   0.4652
865   0.4652
866   0.4652
867   0.4652
868   0.4652
869   0.4652
870   0.4652
871   0.4652
872   0.4652
873   0.4652
874   0.4652
875   0.4652
876   0.4652
877   0.4652
878   0.4652
879   0.4652
880   0.4652
881   0.4652
882   0.4652
883   0.4652
884   0.4652
885   0.4652
886   0.4652
887   0.4652
888   0.4652
889   0.4652
890   0.4652
891   0.4652
892   0.4652
893   0.4652
894   0.4652
895   0.4652
896   0.4652
897   0.4652
898   0.4652
899   0.4652
900   0.4652
901   0.4652
902   0.4652
903   0.4652
904   0.4652
905   0.4652
906   0.4652
907   0.4652
908   0.4652
909   0.4652
910   0.4652
911   0.4652
912   0.4652
913   0.4652
914   0.4652
915   0.4652
916   0.4652
917   0.4652
918   0.4652
919   0.4652
920   0.4652
921   0.4652
922   0.4652
923   0.4652
924   0.4652
925   0.4652
926   0.4652
927   0.4652
928   0.4652
929   0.4652
930   0.4652
931   0.4652
932   0.4652
933   0.4652
934   0.4652
935   0.4652
936   0.4652
937   0.4652
938   0.4652
939   0.4652
940   0.4652
941   0.4652
942   0.4652
943   0.4652
944   0.4652
945   0.4652
946   0.4652
947   0.4652
948   0.4652
949   0.4652
950   0.4652
951   0.4652
952   0.4652
953   0.4652
954   0.4652
955   0.4652
956   0.4652
957   0.4652
958   0.4652
959   0.4652
960   0.4652
961   0.4652
962   0.4652
963   0.4652
964   0.4652
965   0.4652
966   0.4652
967   0.4652
968   0.4652
969   0.4652
970   0.4652
971   0.4652
972   0.4652
973   0.4652
974   0.4652
975   0.4652
976   0.4652
977   0.4652
978   0.4652
979   0.4652
980   0.4652
981   0.4652
982   0.4652
983   0.4652
984   0.4652
985   0.4652
986   0.4652
987   0.4652
988   0.4652
989   0.4652
990   0.4652
991   0.4652
992   0.4652
993   0.4652
994   0.4652
995   0.4652
996   0.4652
997   0.4652
998   0.4652
999   0.4652
1000   0.4652
1001   0.4652
1002   0.4652
1003   0.4652
1004   0.4652
1005   0.4652
1006   0.4652
1007   0.4652
1008   0.4652
1009   0.4652
1010   0.4652
1011   0.4652
1012   0.4652
1013   0.4652
1014   0.4652
1015   0.4652
1016   0.4652
1017   0.4652
1018   0.4652
1019   0.4652
1020   0.4652
1021   0.4652
1022   0.4652
1023   0.4652
1024   0.4652
1025   0.4652
1026   0.4652
1027   0.4652
1028   0.4652
1029   0.4652
1030   0.4652
1031   0.4652
1032   0.4652
1033   0.4652
1034   0.4652
1035   0.4652
1036   0.4652
1037   0.4652
1038   0.4652
1039   0.4652
1040   0.4652
1041   0.4652
1042   0.4652
1043   0.4652
1044   0.4652
1045   0.4652
1046   0.4652
1047   0.4652
1048   0.4652
1049   0.4652
1050   0.4652
1051   0.4652
1052   0.4652
1053   0.4652
1054   0.4652
1055   0.4652
1056   0.4652
1057   0.4652
1058   0.4652
1059   0.4652
1060   0.4652
1061   0.4652
1062   0.4652
1063   0.4652
1064   0.4652
1065   0.4652
1066   0.4652
1067   0.4652
1068   0.4652
1069   0.4652
1070   0.4652
1071   0.4652
1072   0.4652
1073   0.4652
1074   0.4652
1075   0.4652
1076   0.4652
1077   0.4652
1078   0.4652
1079   0.4652
1080   0.4652
1081   0.4652
1082   0.4652
1083   0.4652
1084   0.4652
1085   0.4652
1086   0.4652
1087   0.4652
1088   0.4652
1089   0.4652
1090   0.4652
1091   0.4652
1092   0.4652
1093   0.4652
1094   0.4652
1095   0.4652
1096   0.4652
1097   0.4652
1098   0.4652
1099   0.4652
1100   0.4652
1101   0.4652
1102   0.4652
1103   0.4652
1104   0.4652
1105   0.4652
1106   0.4652
1107   0.4652
1108   0.4652
1109   0.4652
1110   0.4652
1111   0.4652
1112   0.4652
1113   0.4652
1114   0.4652
1115   0.4652
1116   0.4652
1117   0.4652
1118   0.4652
1119   0.4652
1120   0.4652
1121   0.4652
1122   0.4652
1123   0.4652
1124   0.4652
1125   0.4652
1126   0.4652
1127   0.4652
1128   0.4652
1129   0.4652
1130   0.4652
1131   0.4652
1132   0.4652
1133   0.4652
1134   0.4652
1135   0.4652
1136   0.4652
1137   0.4652
1138   0.4652
1139   0.4652
1140   0.4652
1141   0.4652
1142   0.4652
1143   0.4652
1144   0.4652
1145   0.4652
1146   0.4652
1147   0.4652
1148   0.4652
1149   0.4652
1150   0.4652
1151   0.4652
1152   0.4652
1153   0.4652
1154   0.4652
1155   0.4652
1156   0.4652
1157   0.4652
1158   0.4652
1159   0.4652
1160   0.4652
1161   0.4652
1162   0.4652
1163   0.4652
1164   0.4652
1165   0.4652
1166   0.4652
1167   0.4652
1168   0.4652
1169   0.4652
1170   0.4652
1171   0.4652
1172   0.4652
1173   0.4652
1174   0.4652
1175   0.4652
1176   0.4652
1177   0.4652
1178   0.4652
1179   0.4652
1180   0.4652
1181   0.4652
1182   0.4652
1183   0.4652
1184   0.4652
1185   0.4652
1186   0.4652
1187   0.4652
1188   0.4652
1189   0.4652
1190   0.4652
1191   0.4652
1192   0.4652
1193   0.4652
1194   0.4652
1195   0.4652
1196   0.4652
1197   0.4652
1198   0.4652
1199   0.4652
1200   0.4652
1201   0.4652
1202   0.4652
1203   0.4652
1204   0.4652
1205   0.4652
1206   0.4652
1207   0.4652
1208   0.4652
1209   0.4652
1210   0.4652
1211   0.4652
1212   0.4652
1213   0.4652
1214   0.4652
1215   0.4652
1216   0.4652
1217   0.4652
1218   0.4652
1219   0.4652
1220   0.4652
1221   0.4652
1222   0.4652
1223   0.4652
1224   0.4652
1225   0.4652
1226   0.4652
1227   0.4652
1228   0.4652
1229   0.4652
1230   0.4652
1231   0.4652
1232   0.4652
1233   0.4652
1234   0.4652
1235   0.4652
1236   0.4652
1237   0.4652
1238   0.4652
1239   0.4652
1240   0.4652
1241   0.4652
1242   0.4652
1243   0.4652
1244   0.4652
1245   0.4652
1246   0.4652
1247   0.4652
1248   0.4652
1249   0.4652
1250   0.4652
1251   0.4652
1252   0.4652
1253   0.4652
1254   0.4652
1255   0.4652
1256   0.4652
1257   0.4652
1258   0.4652
1259   0.4652
1260   0.4652
1261   0.4652
1262   0.4652
1263   0.4652
1264   0.4652
1265   0.4652
1266   0.4652
1267   0.4652
1268   0.4652
1269   0.4652
1270   0.4652
1271   0.4652
1272   0.4652
1273   0.4652
1274   0.4652
1275   0.4652
1276   0.4652
1277   0.4652
1278   0.4652
1279   0.4652
1280   0.4652
1281   0.4652
1282   0.4652
1283   0.4652
1284   0.4652
1285   0.4652
1286   0.4652
1287   0.4652
1288   0.4652
1289   0.4652
1290   0.4652
1291   0.4652
1292   0.4652
1293   0.4652
1294   0.4652
1295   0.4652
1296   0.4652
1297   0.4652
1298   0.4652
1299   0.4652
1300   0.4652
1301   0.4652
1302   0.4652
1303   0.4652
1304   0.4652
1305   0.4652
1306   0.4652
1307   0.4652
1308   0.4652
1309   0.4652
1310   0.4652
1311   0.4652
1312   0.4652
1313   0.4652
1314   0.4652
1315   0.4652
1316   0.4652
1317   0.4652
1318   0.4652
1319   0.4652
1320   0.4652
1321   0.4652
1322   0.4652
1323   0.4652
1324   0.4652
1325   0.4652
1326   0.4652
1327   0.4652
1328   0.4652
1329   0.4652
1330   0.4652
1331   0.4652
1332   0.4652
1333   0.4652
1334   0.4652
1335   0.4652
1336   0.4652
1337   0.4652
1338   0.4652
1339   0.4652
1340   0.4652
1341   0.4652
1342   0.4652
1343   0.4652
1344   0.4652
1345   0.4652
1346   0.4652
1347   0.4652
1348   0.4652
1349   0.4652
1350   0.4652
1351   0.4652
1352   0.4652
1353   0.4652
1354   0.4652
1355   0.4652
1356   0.4652
1357   0.4652
1358   0.4652
1359   0.4652
1360   0.4652
1361   0.4652
1362   0.4652
1363   0.4652
1364   0.4652
1365   0.4652
1366   0.4652
1367   0.4652
1368   0.4652
1369   0.4652
1370   0.4652
1371   0.4652
1372   0.4652
1373   0.4652
1374   0.4652
1375   0.4652
1376   0.4652
1377   0.4652
1378   0.4652
1379   0.4652
1380   0.4652
1381   0.4652
1382   0.4652
1383   0.4652
1384   0.4652
1385   0.4652
1386   0.4652
1387   0.4652
1388   0.4652
1389   0.4652
1390   0.4652
1391   0.4652
1392   0.4652
1393   0.4652
1394   0.4652
1395   0.4652
1396   0.4652
1397   0.4652
1398   0.4652
1399   0.4652
1400   0.4652
1401   0.4652
1402   0.4652
1403   0.4652
1404   0.4652
1405   0.4652
1406   0.4652
1407   0.4652
1408   0.4652
1409   0.4652
1410   0.4652
1411   0.4652
1412   0.4652
1413   0.4652
1414   0.4652
1415   0.4652
1416   0.4652
1417   0.4652
1418   0.4652
1419   0.4652
1420   0.4652
1421   0.4652
1422   0.4652
1423   0.4652
1424   0.4652
1425   0.4652
1426   0.4652
1427   0.4652
1428   0.4652
1429   0.4652
1430   0.4652
1431   0.4652
1432   0.4652
1433   0.4652
1434   0.4652
1435   0.4652
1436   0.4652
1437   0.4652
1438   0.4652
1439   0.4652
1440   0.4652
1441   0.4652
1442   0.4652
1443   0.4652
1444   0.4652
1445   0.4652
1446   0.4652
1447   0.4652
1448   0.4652
1449   0.4652
1450   0.4652
1451   0.4652
1452   0.4652
1453   0.4652
1454   0.4652
1455   0.4652
1456   0.4652
1457   0.4652
1458   0.4652
1459   0.4652
1460   0.4652
1461   0.4652
1462   0.4652
1463   0.4652
1464   0.4652
1465   0.4652
1466   0.4652
1467   0.4652
1468   0.4652
1469   0.4652
1470   0.4652
1471   0.4652
1472   0.4652
1473   0.4652
1474   0.4652
1475   0.4652
1476   0.4652
1477   0.4652
1478   0.4652
1479   0.4652
1480   0.4652
1481   0.4652
1482   0.4652
1483   0.4652
1484   0.4652
1485   0.4652
1486   0.4652
1487   0.4652
1488   0.4652
1489   0.4652
1490   0.4652
1491   0.4652
1492   0.4652
1493   0.4652
1494   0.4652
1495   0.4652
1496   0.4652
1497   0.4652
1498   0.4652
1499   0.4652
1500   0.4652
1501   0.4652
1502   0.4652
1503   0.4652
1504   0.4652
1505   0.4652
1506   0.4652
1507   0.4652
1508   0.4652
1509   0.4652
1510   0.4652
1511   0.4652
1512   0.4652
1513   0.4652
1514   0.4652
1515   0.4652
1516   0.4652
1517   0.4652
1518   0.4652
1519   0.4652
1520   0.4652
1521   0.4652
1522   0.4652
1523   0.4652
1524   0.4652
1525   0.4652
1526   0.4652
1527   0.4652
1528   0.4652
1529   0.4652
1530   0.4652
1531   0.4652
1532   0.4652
1533   0.4652
1534   0.4652
1535   0.4652
1536   0.4652
1537   0.4652
1538   0.4652
1539   0.4652
1540   0.4652
1541   0.4652
1542   0.4652
1543   0.4652
1544   0.4652
1545   0.4652
1546   0.4652
1547   0.4652
1548   0.4652
1549   0.4652
1550   0.4652
1551   0.4652
1552   0.4652
1553   0.4652
1554   0.4652
1555   0.4652
1556   0.4652
1557   0.4652
1558   0.4652
1559   0.4652
1560   0.4652
1561   0.4652
1562   0.4652
1563   0.4652
1564   0.4652
1565   0.4652
1566   0.4652
1567   0.4652
1568   0.4652
1569   0.4652
1570   0.4652
1571   0.4652
1572   0.4652
1573   0.4652
1574   0.4652
1575   0.4652
1576   0.4652
1577   0.4652
1578   0.4652
1579   0.4652
1580   0.4652
1581   0.4652
1582   0.4652
1583   0.4652
1584   0.4652
1585   0.4652
1586   0.4652
1587   0.4652
1588   0.4652
1589   0.4652
1590   0.4652
1591   0.4652
1592   0.4652
1593   0.4652
1594   0.4652
1595   0.4652
1596   0.4652
1597   0.4652
1598   0.4652
1599   0.4652
1600   0.4652
1601   0.4652
1602   0.4652
1603   0.4652
1604   0.4652
1605   0.4652
1606   0.4652
1607   0.4652
1608   0.4652
1609   0.4652
1610   0.4652
1611   0.4652
1612   0.4652
1613   0.4652
1614   0.4652
1615   0.4652
1616   0.4652
1617   0.4652
1618   0.4652
1619   0.4652
1620   0.4652
1621   0.4652
1622   0.4652
1623   0.4652
1624   0.4652
1625   0.4652
1626   0.4652
1627   0.4652
1628   0.4652
1629   0.4652
1630   0.4652
1631   0.4652
1632   0.4652
1633   0.4652
1634   0.4652
1635   0.4652
1636   0.4652
1637   0.4652
1638   0.4652
1639   0.4652
1640   0.4652
1641   0.4652
1642   0.4652
1643   0.4652
1644   0.4652
1645   0.4652
1646   0.4652
1647   0.4652
1648   0.4652
1649   0.4652
1650   0.4652
1651   0.4652
1652   0.4652
1653   0.4652
1654   0.4652
1655   0.4652
1656   0.4652
1657   0.4652
1658   0.4652
1659   0.4652
1660   0.4652
1661   0.4652
1662   0.4652
1663   0.4652
1664   0.4652
1665   0.4652
1666   0.4652
1667   0.4652
1668   0.4652
1669   0.4652
1670   0.4652
1671   0.4652
1672   0.4652
1673   0.4652
1674   0.4652
1675   0.4652
1676   0.4652
1677   0.4652
1678   0.4652
1679   0.4652
1680   0.4652
1681   0.4652
1682   0.4652
1683   0.4652
1684   0.4652
1685   0.4652
1686   0.4652
1687   0.4652
1688   0.4652
1689   0.4652
1690   0.4652
1691   0.4652
1692   0.4652
1693   0.4652
1694   0.4652
1695   0.4652
1696   0.4652
1697   0.4652
1698   0.4652
1699   0.4652
1700   0.4652
1701   0.4652
1702   0.4652
1703   0.4652
1704   0.4652
1705   0.4652
1706   0.4652
1707   0.4652
1708   0.4652
1709   0.4652
1710   0.4652
1711   0.4652
1712   0.4652
1713   0.4652
1714   0.4652
1715   0.4652
1716   0.4652
1717   0.4652
1718   0.4652
1719   0.4652
1720   0.4652
1721   0.4652
1722   0.4652
1723   0.4652
1724   0.4652
1725   0.4652
1726   0.4652
1727   0.4652
1728   0.4652
1729   0.4652
1730   0.4652
1731   0.4652
1732   0.4652
1733   0.4652
1734   0.4652
1735   0.4652
1736   0.4652
1737   0.4652
1738   0.4652
1739   0.4652
1740   0.4652
1741   0.4652
1742   0.4652
1743   0.4652
1744   0.4652
1745   0.4652
1746   0.4652
1747   0.4652
1748   0.4652
1749   0.4652
1750   0.4652
1751   0.4652
1752   0.4652
1753   0.4652
1754   0.4652
1755   0.4652
1756   0.4652
1757   0.4652
1758   0.4652
1759   0.4652
1760   0.4652
1761   0.4652
1762   0.4652
1763   0.4652
1764   0.4652
1765   0.4652
1766   0.4652
1767   0.4652
1768   0.4652
1769   0.4652
1770   0.4652
1771   0.4652
1772   0.4652
1773   0.4652
1774   0.4652
1775   0.4652
1776   0.4652
1777   0.4652
1778   0.4652
1779   0.4652
1780   0.4652
1781   0.4652
1782   0.4652
1783   0.4652
1784   0.4652
1785   0.4652
1786   0.4652
1787   0.4652
1788   0.4652
1789   0.4652
1790   0.4652
1791   0.4652
1792   0.4652
1793   0.4652
1794   0.4652
1795   0.4652
1796   0.4652
1797   0.4652
1798   0.4652
1799   0.4652
1800   0.4652
1801   0.4652
1802   0.4652
1803   0.4652
1804   0.4652
1805   0.4652
1806   0.4652
1807   0.4652
1808   0.4652
1809   0.4652
1810   0.4652
1811   0.4652
1812   0.4652
1813   0.4652
1814   0.4652
1815   0.4652
1816   0.4652
1817   0.4652
1818   0.4652
1819   0.4652
1820   0.4652
1821   0.4652
1822   0.4652
1823   0.4652
1824   0.4652
1825   0.4652
1826   0.4652
1827   0.4652
1828   0.4652
1829   0.4652
1830   0.4652
1831   0.4652
1832   0.4652
1833   0.4652
1834   0.4652
1835   0.4652
1836   0.4652
1837   0.4652
1838   0.4652
1839   0.4652
1840   0.4652
1841   0.4652
1842   0.4652
1843   0.4652
1844   0.4652
1845   0.4652
1846   0.4652
1847   0.4652
1848   0.4652
1849   0.4652
1850   0.4652
1851   0.4652
1852   0.4652
1853   0.4652
1854   0.4652
1855   0.4652
1856   0.4652
1857   0.4652
1858   0.4652
1859   0.4652
1860   0.4652
1861   0.4652
1862   0.4652
1863   0.4652
1864   0.4652
1865   0.4652
1866   0.4652
1867   0.4652
1868   0.4652
1869   0.4652
1870   0.4652
1871   0.4652
1872   0.4652
1873   0.4652
1874   0.4652
1875   0.4652
1876   0.4652
1877   0.4652
1878   0.4652
1879   0.4652
1880   0.4652
1881   0.4652
1882   0.4652
1883   0.4652
1884   0.4652
1885   0.4652
1886   0.4652
1887   0.4652
1888   0.4652
1889   0.4652
1890   0.4652
1891   0.4652
1892   0.4652
1893   0.4652
1894   0.4652
1895   0.4652
1896   0.4652
1897   0.4652
1898   0.4652
1899   0.4652
1900   0.4652
1901   0.4652
1902   0.4652
1903   0.4652
1904   0.4652
1905   0.4652
1906   0.4652
1907   0.4652
1908   0.4652
1909   0.4652
1910   0.4652
1911   0.4652
1912   0.4652
1913   0.4652
1914   0.4652
1915   0.4652
1916   0.4652
1917   0.4652
1918   0.4652
1919   0.4652
1920   0.4652
1921   0.4652
1922   0.4652
1923   0.4652
1924   0.4652
1925   0.4652
1926   0.4652
1927   0.4652
1928   0.4652
1929   0.4652
1930   0.4652
1931   0.4652
1932   0.4652
1933   0.4652
1934   0.4652
1935   0.4652
1936   0.4652
1937   0.4652
1938   0.4652
1939   0.4652
1940   0.4652
1941   0.4652
1942   0.4652
1943   0.4652
1944   0.4652
1945   0.4652
1946   0.4652
1947   0.4652
1948   0.4652
1949   0.4652
1950   0.4652
1951   0.4652
1952   0.4652
1953   0.4652
1954   0.4652
1955   0.4652
1956   0.4652
1957   0.4652
1958   0.4652
1959   0.4652
1960   0.4652
1961   0.4652
1962   0.4652
1963   0.4652
1964   0.4652
1965   0.4652
1966   0.4652
1967   0.4652
1968   0.4652
1969   0.4652
1970   0.4652
1971   0.4652
1972   0.4652
1973   0.4652
1974   0.4652
1975   0.4652
1976   0.4652
1977   0.4652
1978   0.4652
1979   0.4652
1980   0.4652
1981   0.4652
1982   0.4652
1983   0.4652
1984   0.4652
1985   0.4652
1986   0.4652
1987   0.4652
1988   0.4652
1989   0.4652
1990   0.4652
1991   0.4652
1992   0.4652
1993   0.4652
1994   0.4652
1995   0.4652
1996   0.4652
1997   0.4652
1998   0.4652
1999   0.4652
2000   0.4652
2001   0.4652
2002   0.4652
2003   0.4652
2004   0.4652
2005   0.4652
2006   0.4652
2007   0.4652
2008   0.4652
2009   0.4652
2010   0.4652
2011   0.4652
2012   0.4652
2013   0.4652
2014   0.4652
2015   0.4652
2016   0.4652
2017   0.4652
2018   0.4652
2019   0.4652
2020   0.4652
2021   0.4652
2022   0.4652
2023   0.4652
2024   0.4652
2025   0.4652
2026   0.4652
2027   0.4652
2028   0.4652
2029   0.4652
2030   0.4652
2031   0.4652
2032   0.4652
2033   0.4652
2034   0.4652
2035   0.4652
2036   0.4652
2037   0.4652
2038   0.4652
2039   0.4652
2040   0.4652
2041   0.4652
2042   0.4652
2043   0.4652
2044   0.4652
2045   0.4652
2046   0.4652
2047   0.4652
2048   0.4652
2049   0.4652
2050   0.4652
2051   0.4652
2052   0.4652
2053   0.4652
2054   0.4652
2055   0.4652
2056   0.4652
2057   0.4652
2058   0.4652
2059   0.4652
2060   0.4652
2061   0.4652
2062   0.4652
2063   0.4652
2064   0.4652
2065   0.4652
2066   0.4652
2067   0.4652
2068   0.4652
2069   0.4652
2070   0.4652
2071   0.4652
2072   0.4652
2073   0.4652
2074   0.4652
2075   0.4652
2076   0.4652
2077   0.4652
2078   0.4652
2079   0.4652
2080   0.4652
2081   0.4652
2082   0.4652
2083   0.4652
2084   0.4652
2085   0.4652
2086   0.4652
2087   0.4652
2088   0.4652
2089   0.4652
2090   0.4652
2091   0.4652
2092   0.4652
2093   0.4652
2094   0.4652
2095   0.4652
2096   0.4652
2097   0.4652
2098   0.4652
2099   0.4652
2100   0.4652
2101   0.4652
2102   0.4652
2103   0.4652
2104   0.4652
2105   0.4652
2106   0.4652
2107   0.4652
2108   0.4652
2109   0.4652
2110   0.4652
2111   0.4652
2112   0.4652
2113   0.4652
2114   0.4652
2115   0.4652
2116   0.4652
2117   0.4652
2118   0.4652
2119   0.4652
2120   0.4652
2121   0.4652
2122   0.4652
2123   0.4652
2124   0.4652
2125   0.4652
2126   0.4652
2127   0.4652
2128   0.4652
2129   0.4652
2130   0.4652
2131   0.4652
2132   0.4652
2133   0.4652
2134   0.4652
2135   0.4652
2136   0.4652
2137   0.4652
2138   0.4652
2139   0.4652
2140   0.4652
2141   0.4652
2142   0.4652
2143   0.4652
2144   0.4652
2145   0.4652
2146   0.4652
2147   0.4652
2148   0.4652
2149   0.4652
2150   0.4652
2151   0.4652
2152   0.4652
2153   0.4652
2154   0.4652
2155   0.4652
2156   0.4652
2157   0.4652
2158   0.4652
2159   0.4652
2160   0.4652
2161   0.4652
2162   0.4652
2163   0.4652
2164   0.4652
2165   0.4652
2166   0.4652
2167   0.4652
2168   0.4652
2169   0.4652
2170   0.4652
2171   0.4652
2172   0.4652
2173   0.4652
2174   0.4652
2175   0.4652
2176   0.4652
2177   0.4652
2178   0.4652
2179   0.4652
2180   0.4652
2181   0.4652
2182   0.4652
2183   0.4652
2184   0.4652
2185   0.4652
2186   0.4652
2187   0.4652
2188   0.4652
2189   0.4652
2190   0.4652
2191   0.4652
2192   0.4652
2193   0.4652
2194   0.4652
2195   0.4652
2196   0.4652
2197   0.4652
2198   0.4652
2199   0.4652
2200   0.4652
2201   0.4652
2202   0.4652
2203   0.4652
2204   0.4652
2205   0.4652
2206   0.4652
2207   0.4652
2208   0.4652
2209   0.4652
2210   0.4652
2211   0.4652
2212   0.4652
2213   0.4652
2214   0.4652
2215   0.4652
2216   0.4652
2217   0.4652
2218   0.4652
2219   0.4652
2220   0.4652
2221   0.4652
2222   0.4652
2223   0.4652
2224   0.4652
2225   0.4652
2226   0.4652
2227   0.4652
2228   0.4652
2229   0.4652
2230   0.4652
2231   0.4652
2232   0.4652
2233   0.4652
2234   0.4652
2235   0.4652
2236   0.4652
2237   0.4652
2238   0.4652
2239   0.4652
2240   0.4652
2241   0.4652
2242   0.4652
2243   0.4652
2244   0.4652
2245   0.4652
2246   0.4652
2247   0.4652
2248   0.4652
2249   0.4652
2250   0.4652
2251   0.4652
2252   0.4652
2253   0.4652
2254   0.4652
2255   0.4652
2256   0.4652
2257   0.4652
2258   0.4652
2259   0.4652
2260   0.4652
2261   0.4652
2262   0.4652
2263   0.4652
2264   0.4652
2265   0.4652
2266   0.4652
2267   0.4652
2268   0.4652
2269   0.4652
2270   0.4652
2271   0.4652
2272   0.4652
2273   0.4652
2274   0.4652
2275   0.4652
2276   0.4652
2277   0.4652
2278   0.4652
2279   0.4652
2280   0.4652
2281   0.4652
2282   0.4652
2283   0.4652
2284   0.4652
2285   0.4652
2286   0.4652
2287   0.4652
2288   0.4652
2289   0.4652
2290   0.4652
2291   0.4652
2292   0.4652
2293   0.4652
2294   0.4652
2295   0.4652
2296   0.4652
2297   0.4652
2298   0.4652
2299   0.4652
2300   0.4652
2301   0.4652
2302   0.4652
2303   0.4652
2304   0.4652
2305   0.4652
2306   0.4652
2307   0.4652
2308   0.4652
2309   0.4652
2310   0.4652
2311   0.4652
2312   0.4652
2313   0.4652
2314   0.4652
2315   0.4652
2316   0.4652
2317   0.4652
2318   0.4652
2319   0.4652
2320   0.4652
2321   0.4652
2322   0.4652
2323   0.4652
2324   0.4652
2325   0.4652
2326   0.4652
2327   0.4652
2328   0.4652
2329   0.4652
2330   0.4652
2331   0.4652
2332   0.4652
2333   0.4652
2334   0.4652
2335   0.4652
2336   0.4652
2337   0.4652
2338   0.4652
2339   0.4652
2340   0.4652
2341   0.4652
2342   0.4652
2343   0.4652
2344   0.4652
2345   0.4652
2346   0.4652
2347   0.4652
2348   0.4652
2349   0.4652
2350   0.4652
2351   0.4652
2352   0.4652
2353   0.4652
2354   0.4652
2355   0.4652
2356   0.4652
2357   0.4652
2358   0.4652
2359   0.4652
2360   0.4652
2361   0.4652
2362   0.4652
2363   0.4652
2364   0.4652
2365   0.4652
2366   0.4652
2367   0.4652
2368   0.4652
2369   0.4652
2370   0.4652
2371   0.4652
2372   0.4652
2373   0.4652
2374   0.4652
2375   0.4652
2376   0.4652
2377   0.4652
2378   0.4652
2379   0.4652
2380   0.4652
2381   0.4652
2382   0.4652
2383   0.4652
2384   0.4652
2385   0.4652
2386   0.4652
2387   0.4652
2388   0.4652
2389   0.4652
2390   0.4652
2391   0.4652
2392   0.4652
2393   0.4652
2394   0.4652
2395   0.4652
2396   0.4652
2397   0.4652
2398   0.4652
2399   0.4652
2400   0.4652
2401   0.4652
2402   0.4652
2403   0.4652
2404   0.4652
2405   0.4652
2406   0.4652
2407   0.4652
2408   0.4652
2409   0.4652
2410   0.4652
2411   0.4652
2412   0.4652
2413   0.4652
2414   0.4652
2415   0.4652
2416   0.4652
2417   0.4652
2418   0.4652
2419   0.4652
2420   0.4652
2421   0.4652
2422   0.4652
2423   0.4652
2424   0.4652
2425   0.4652
2426   0.4652
2427   0.4652
2428   0.4652
2429   0.4652
2430   0.4652
2431   0.4652
2432   0.4652
2433   0.4652
2434   0.4652
2435   0.4652
2436   0.4652
2437   0.4652
2438   0.4652
2439   0.4652
2440   0.4652
2441   0.4652
2442   0.4652
2443   0.4652
2444   0.4652
2445   0.4652
2446   0.4652
2447   0.4652
2448   0.4652
2449   0.4652
2450   0.4652
2451   0.4652
2452   0.4652
2453   0.4652
2454   0.4652
2455   0.4652
2456   0.4652
2457   0.4652
2458   0.4652
2459   0.4652
2460   0.4652
2461   0.4652
2462   0.4652
2463   0.4652
2464   0.4652
2465   0.4652
2466   0.4652
2467   0.4652
2468   0.4652
2469   0.4652
2470   0.4652
2471   0.4652
2472   0.4652
2473   0.4652
2474   0.4652
2475   0.4652
2476   0.4652
2477   0.4652
2478   0.4652
2479   0.4652
2480   0.4652
2481   0.4652
2482   0.4652
2483   0.4652
2484   0.4652
2485   0.4652
2486   0.4652
2487   0.4652
2488   0.4652
2489   0.4652
2490   0.4652
2491   0.4652
2492   0.4652
2493   0.4652
2494   0.4652
2495   0.4652
2496   0.4652
2497   0.4652
2498   0.4652
2499   0.4652
2500   0.4652
2501   0.4652
2502   0.4652
2503   0.4652
2504   0.4652
2505   0.4652
2506   0.4652
2507   0.4652
2508   0.4652
2509   0.4652
2510   0.4652
2511   0.4652
2512   0.4652
2513   0.4652
2514   0.4652
2515   0.4652
2516   0.4652
2517   0.4652
2518   0.4652
2519   0.4652
2520   0.4652
2521   0.4652
2522   0.4652
2523   0.4652
2524   0.4652
2525   0.4652
2526   0.4652
2527   0.4652
2528   0.4652
2529   0.4652
2530   0.4652
2531   0.4652
2532   0.4652
2533   0.4652
2534   0.4652
2535   0.4652
2536   0.4652
2537   0.4652
2538   0.4652
2539   0.4652
2540   0.4652
2541   0.4652
2542   0.4652
2543   0.4652
2544   0.4652
2545   0.4652
2546   0.4652
2547   0.4652
2548   0.4652
2549   0.4652
2550   0.4652
2551   0.4652
2552   0.4652
2553   0.4652
2554   0.4652
2555   0.4652
2556   0.4652
2557   0.4652
2558   0.4652
2559   0.4652
2560   0.4652
2561   0.4652
2562   0.4652
2563   0.4652
2564   0.4652
2565   0.4652
2566   0.4652
2567   0.4652
2568   0.4652
2569   0.4652
2570   0.4652
2571   0.4652
2572   0.4652
2573   0.4652
2574   0.4652
2575   0.4652
2576   0.4652
2577   0.4652
2578   0.4652
2579   0.4652
2580   0.4652
2581   0.4652
2582   0.4652
2583   0.4652
2584   0.4652
2585   0.4652
2586   0.4652
2587   0.4652
2588   0.4652
2589   0.4652
2590   0.4652
2591   0.4652
2592   0.4652
2593   0.4652
2594   0.4652
2595   0.4652
2596   0.4652
2597   0.4652
2598   0.4652
2599   0.4652
2600   0.4652
2601   0.4652
2602   0.4652
2603   0.4652
2604   0.4652
2605   0.4652
2606   0.4652
2607   0.4652
2608   0.4652
2609   0.4652
2610   0.4652
2611   0.4652
2612   0.4652
2613   0.4652
2614   0.4652
2615   0.4652
2616   0.4652
2617   0.4652
2618   0.4652
2619   0.4652
2620   0.4652
2621   0.4652
2622   0.4652
2623   0.4652
2624   0.4652
2625   0.4652
2626   0.4652
2627   0.4652
2628   0.4652
2629   0.4652
2630   0.4652
2631   0.4652
2632   0.4652
2633   0.4652
2634   0.4652
2635   0.4652
2636   0.4652
2637   0.4652
2638   0.4652
2639   0.4652
2640   0.4652
2641   0.4652
2642   0.4652
2643   0.4652
2644   0.4652
2645   0.4652
2646   0.4652
2647   0.4652
2648   0.4652
2649   0.4652
2650   0.4652
2651   0.4652
2652   0.4652
2653   0.4652
2654   0.4652
2655   0.4652
2656   0.4652
2657   0.4652
2658   0.4652
2659   0.4652
2660   0.4652
2661   0.4652
2662   0.4652
2663   0.4652
2664   0.4652
2665   0.4652
2666   0.4652
2667   0.4652
2668   0.4652
2669   0.4652
2670   0.4652
2671   0.4652
2672   0.4652
2673   0.4652
2674   0.4652
2675   0.4652
2676   0.4652
2677   0.4652
2678   0.4652
2679   0.4652
2680   0.4652
2681   0.4652
2682   0.4652
2683   0.4652
2684   0.4652
2685   0.4652
2686   0.4652
2687   0.4652
2688   0.4652
2689   0.4652
2690   0.4652
2691   0.4652
2692   0.4652
2693   0.4652
2694   0.4652
2695   0.4652
2696   0.4652
2697   0.4652
2698   0.4652
2699   0.4652
2700   0.4652
2701   0.4652
2702   0.4652
2703   0.4652
2704   0.4652
2705   0.4652
2706   0.4652
2707   0.4652
2708   0.4652
2709   0.4652
2710   0.4652
2711   0.4652
2712   0.4652
2713   0.4652
2714   0.4652
2715   0.4652
2716   0.4652
2717   0.4652
2718   0.4652
2719   0.4652
2720   0.4652
2721   0.4652
2722   0.4652
2723   0.4652
2724   0.4652
2725   0.4652
2726   0.4652
2727   0.4652
2728   0.4652
2729   0.4652
2730   0.4652
2731   0.4652
2732   0.4652
2733   0.4652
2734   0.4652
2735   0.4652
2736   0.4652
2737   0.4652
2738   0.4652
2739   0.4652
2740   0.4652
2741   0.4652
2742   0.4652
2743   0.4652
2744   0.4652
2745   0.4652
2746   0.4652
2747   0.4652
2748   0.4652
2749   0.4652
2750   0.4652
2751   0.4652
2752   0.4652
2753   0.4652
2754   0.4652
2755   0.4652
2756   0.4652
2757   0.4652
2758   0.4652
2759   0.4652
2760   0.4652
2761   0.4652
2762   0.4652
2763   0.4652
2764   0.4652
2765   0.4652
2766   0.4652
2767   0.4652
2768   0.4652
2769   0.4652
2770   0.4652
2771   0.4652
2772   0.4652
2773   0.4652
2774   0.4652
2775   0.4652
2776   0.4652
2777   0.4652
2778   0.4652
2779   0.4652
2780   0.4652
2781   0.4652
2782   0.4652
2783   0.4652
2784   0.4652
2785   0.4652
2786   0.4652
2787   0.4652
2788   0.4652
2789   0.4652
2790   0.4652
2791   0.4652
2792   0.4652
2793   0.4652
2794   0.4652
2795   0.4652
2796   0.4652
2797   0.4652
2798   0.4652
2799   0.4652
2800   0.4652
2801   0.4652
2802   0.4652
2803   0.4652
2804   0.4652
2805   0.4652
2806   0.4652
2807   0.4652
2808   0.4652
2809   0.4652
2810   0.4652
2811   0.4652
2812   0.4652
2813   0.4652
2814   0.4652
2815   0.4652
2816   0.4652
2817   0.4652
2818   0.4652
2819   0.4652
2820   0.4652
2821   0.4652
2822   0.4652
2823   0.4652
2824   0.4652
2825   0.4652
2826   0.4652
2827   0.4652
2828   0.4652
2829   0.4652
2830   0.4652
2831   0.4652
2832   0.4652
2833   0.4652
2834   0.4652
2835   0.4652
2836   0.4652
2837   0.4652
2838   0.4652
2839   0.4652
2840   0.4652
2841   0.4652
2842   0.4652
2843   0.4652
2844   0.4652
2845   0.4652
2846   0.4652
2847   0.4652
2848   0.4652
2849   0.4652
2850   0.4652
2851   0.4652
2852   0.4652
2853   0.4652
2854   0.4652
2855   0.4652
2856   0.4652
2857   0.4652
2858   0.4652
2859   0.4652
2860   0.4652
2861   0.4652
2862   0.4652
2863   0.4652
2864   0.4652
2865   0.4652
2866   0.4652
2867   0.4652
2868   0.4652
2869   0.4652
2870   0.4652
2871   0.4652
2872   0.4652
2873   0.4652
2874   0.4652
2875   0.4652
2876   0.4652
2877   0.4652
2878   0.4652
2879   0.4652
2880   0.4652
2881   0.4652
2882   0.4652
2883   0.4652
2884   0.4652
2885   0.4652
2886   0.4652
2887   0.4652
2888   0.4652
2889   0.4652
2890   0.4652
2891   0.4652
2892   0.4652
2893   0.4652
2894   0.4652
2895   0.4652
2896   0.4652
2897   0.4652
2898   0.4652
2899   0.4652
2900   0.4652
2901   0.4652
2902   0.4652
2903   0.4652
2904   0.4652
2905   0.4652
2906   0.4652
2907   0.4652
2908   0.4652
2909   0.4652
2910   0.4652
2911   0.4652
2912   0.4652
2913   0.4652
2914   0.4652
2915   0.4652
2916   0.4652
2917   0.4652
2918   0.4652
2919   0.4652
2920   0.4652
2921   0.4652
2922   0.4652
2923   0.4652
2924   0.4652
2925   0.4652
2926   0.4652
2927   0.4652
2928   0.4652
2929   0.4652
2930   0.4652
2931   0.4652
2932   0.4652
2933   0.4652
2934   0.4652
2935   0.4652
2936   0.4652
2937   0.4652
2938   0.4652
2939   0.4652
2940   0.4652
2941   0.4652
2942   0.4652
2943   0.4652
2944   0.4652
2945   0.4652
2946   0.4652
2947   0.4652
2948   0.4652
2949   0.4652
2950   0.4652
2951   0.4652
2952   0.4652
2953   0.4652
2954   0.4652
2955   0.4652
2956   0.4652
2957   0.4652
2958   0.4652
2959   0.4652
2960   0.4652
2961   0.4652
2962   0.4652
2963   0.4652
2964   0.4652
2965   0.4652
2966   0.4652
2967   0.4652
2968   0.4652
2969   0.4652
2970   0.4652
2971   0.4652
2972   0.4652
2973   0.4652
2974   0.4652
2975   0.4652
2976   0.4652
2977   0.4652
2978   0.4652
2979   0.4652
2980   0.4652
2981   0.4652
2982   0.4652
2983   0.4652
2984   0.4652
2985   0.4652
2986   0.4652
2987   0.4652
2988   0.4652
2989   0.4652
2990   0.4652
2991   0.4652
2992   0.4652
2993   0.4652
2994   0.4652
2995   0.4652
2996   0.4652
2997   0.4652
2998   0.4652
2999   0.4652
3000   0.4652
