1   1.3218
2   1.2591
3   1.0552
4   1.0552
5   1.0179
6   1.0179
7   1.0179
8   1.0179
9   0.9224
10   0.9218
11   0.8844
12   0.8844
13   0.8247
14   0.8247
15   0.8247
16   0.8247
17   0.8247
18   0.7129
19   0.7129
20   0.7129
21   0.7129
22   0.7129
23   0.7129
24   0.7129
25   0.7129
26   0.7129
27   0.7129
28   0.7129
29   0.7129
30   0.7129
31   0.7129
32   0.7129
33   0.7129
34   0.7129
35   0.7129
36   0.7129
37   0.7129
38   0.7129
39   0.7129
40   0.7129
41   0.7129
42   0.7129
43   0.7129
44   0.7129
45   0.7129
46   0.7129
47   0.7129
48   0.7129
49   0.7129
50   0.7129
51   0.7129
52   0.7129
53   0.7129
54   0.7129
55   0.7129
56   0.7129
57   0.7129
58   0.7129
59   0.7129
60   0.7129
61   0.7129
62   0.7129
63   0.7129
64   0.7129
65   0.6691
66   0.6691
67   0.6691
68   0.6691
69   0.6691
70   0.6691
71   0.6691
72   0.6691
73   0.6691
74   0.6691
75   0.6691
76   0.6691
77   0.6691
78   0.6691
79   0.6691
80   0.6691
81   0.6691
82   0.6691
83   0.6691
84   0.6691
85   0.6691
86   0.6691
87   0.6691
88   0.6691
89   0.6691
90   0.6691
91   0.6691
92   0.6691
93   0.6691
94   0.6691
95   0.6691
96   0.6691
97   0.6347
98   0.6347
99   0.6347
100   0.6347
101   0.6347
102   0.6347
103   0.6347
104   0.6347
105   0.5914
106   0.5881
107   0.5862
108   0.5862
109   0.5862
110   0.5862
111   0.5862
112   0.5862
113   0.5862
114   0.5862
115   0.5862
116   0.5862
117   0.5862
118   0.5862
119   0.5862
120   0.5862
121   0.5862
122   0.5862
123   0.5862
124   0.5862
125   0.5862
126   0.5862
127   0.5862
128   0.5862
129   0.5862
130   0.5862
131   0.5862
132   0.5862
133   0.5862
134   0.5862
135   0.5862
136   0.5862
137   0.5765
138   0.5765
139   0.5765
140   0.5765
141   0.5727
142   0.5727
143   0.5727
144   0.5727
145   0.5727
146   0.5727
147   0.5727
148   0.5727
149   0.5727
150   0.5727
151   0.5711
152   0.5689
153   0.5689
154   0.5689
155   0.5689
156   0.5689
157   0.5689
158   0.5689
159   0.5689
160   0.5689
161   0.5640
162   0.5640
163   0.5640
164   0.5640
165   0.5640
166   0.5640
167   0.5640
168   0.5640
169   0.5640
170   0.5640
171   0.5640
172   0.5640
173   0.5620
174   0.5620
175   0.5620
176   0.5620
177   0.5620
178   0.5620
179   0.5620
180   0.5620
181   0.5620
182   0.5620
183   0.5620
184   0.5620
185   0.5620
186   0.5620
187   0.5620
188   0.5620
189   0.5620
190   0.5620
191   0.5620
192   0.5620
193   0.5620
194   0.5620
195   0.5620
196   0.5620
197   0.5620
198   0.5620
199   0.5620
200   0.5620
201   0.5620
202   0.5620
203   0.5620
204   0.5615
205   0.5615
206   0.5615
207   0.5615
208   0.5615
209   0.5615
210   0.5615
211   0.5615
212   0.5615
213   0.5615
214   0.5615
215   0.5606
216   0.5606
217   0.5606
218   0.5606
219   0.5606
220   0.5606
221   0.5606
222   0.5606
223   0.5606
224   0.5606
225   0.5606
226   0.5606
227   0.5606
228   0.5606
229   0.5606
230   0.5606
231   0.5606
232   0.5552
233   0.5552
234   0.5552
235   0.5552
236   0.5552
237   0.5552
238   0.5552
239   0.5552
240   0.5552
241   0.5552
242   0.5552
243   0.5552
244   0.5552
245   0.5552
246   0.5552
247   0.5552
248   0.5552
249   0.5552
250   0.5552
251   0.5552
252   0.5552
253   0.5552
254   0.5552
255   0.5552
256   0.5552
257   0.5552
258   0.5552
259   0.5552
260   0.5552
261   0.5552
262   0.5552
263   0.5552
264   0.5552
265   0.5552
266   0.5552
267   0.5508
268   0.5508
269   0.5508
270   0.5508
271   0.5508
272   0.5508
273   0.5508
274   0.5508
275   0.5508
276   0.5508
277   0.5508
278   0.5508
279   0.5508
280   0.5508
281   0.5508
282   0.5508
283   0.5508
284   0.5508
285   0.5508
286   0.5508
287   0.5508
288   0.5508
289   0.5508
290   0.5508
291   0.5508
292   0.5508
293   0.5508
294   0.5508
295   0.5508
296   0.5508
297   0.5508
298   0.5508
299   0.5508
300   0.5508
301   0.5508
302   0.5508
303   0.5508
304   0.5508
305   0.5508
306   0.5508
307   0.5508
308   0.5508
309   0.5508
310   0.5497
311   0.5497
312   0.5497
313   0.5497
314   0.5497
315   0.5497
316   0.5497
317   0.5497
318   0.5497
319   0.5497
320   0.5497
321   0.5497
322   0.5497
323   0.5497
324   0.5497
325   0.5497
326   0.5497
327   0.5497
328   0.5497
329   0.5497
330   0.5497
331   0.5497
332   0.5494
333   0.5494
334   0.5494
335   0.5494
336   0.5494
337   0.5494
338   0.5494
339   0.5494
340   0.5494
341   0.5494
342   0.5494
343   0.5494
344   0.5494
345   0.5494
346   0.5494
347   0.5494
348   0.5494
349   0.5494
350   0.5494
351   0.5494
352   0.5494
353   0.5494
354   0.5494
355   0.5494
356   0.5494
357   0.5494
358   0.5494
359   0.5494
360   0.5494
361   0.5494
362   0.5494
363   0.5494
364   0.5494
365   0.5494
366   0.5494
367   0.5494
368   0.5494
369   0.5494
370   0.5494
371   0.5494
372   0.5494
373   0.5494
374   0.5494
375   0.5494
376   0.5494
377   0.5494
378   0.5494
379   0.5494
380   0.5494
381   0.5494
382   0.5494
383   0.5494
384   0.5494
385   0.5494
386   0.5494
387   0.5494
388   0.5494
389   0.5494
390   0.5494
391   0.5494
392   0.5494
393   0.5494
394   0.5494
395   0.5494
396   0.5494
397   0.5494
398   0.5494
399   0.5494
400   0.5494
401   0.5494
402   0.5494
403   0.5494
404   0.5494
405   0.5494
406   0.5477
407   0.5477
408   0.5477
409   0.5477
410   0.5477
411   0.5477
412   0.5477
413   0.5474
414   0.5474
415   0.5474
416   0.5474
417   0.5474
418   0.5474
419   0.5474
420   0.5474
421   0.5474
422   0.5474
423   0.5474
424   0.5474
425   0.5467
426   0.5467
427   0.5467
428   0.5425
429   0.5425
430   0.5425
431   0.5425
432   0.5425
433   0.5425
434   0.5425
435   0.5425
436   0.5425
437   0.5425
438   0.5425
439   0.5425
440   0.5425
441   0.5356
442   0.5356
443   0.5356
444   0.5356
445   0.5356
446   0.5356
447   0.5356
448   0.5345
449   0.5345
450   0.5345
451   0.5345
452   0.5345
453   0.5345
454   0.5345
455   0.5345
456   0.5345
457   0.5345
458   0.5345
459   0.5345
460   0.5345
461   0.5345
462   0.5345
463   0.5345
464   0.5345
465   0.5345
466   0.5345
467   0.5345
468   0.5345
469   0.5345
470   0.5345
471   0.5345
472   0.5345
473   0.5345
474   0.5345
475   0.5345
476   0.5345
477   0.5345
478   0.5345
479   0.5345
480   0.5345
481   0.5345
482   0.5345
483   0.5345
484   0.5345
485   0.5345
486   0.5345
487   0.5345
488   0.5345
489   0.5345
490   0.5345
491   0.5345
492   0.5345
493   0.5345
494   0.5345
495   0.5345
496   0.5345
497   0.5345
498   0.5345
499   0.5345
500   0.5345
501   0.5345
502   0.5345
503   0.5345
504   0.5336
505   0.5336
506   0.5336
507   0.5336
508   0.5336
509   0.5336
510   0.5336
511   0.5336
512   0.5336
513   0.5336
514   0.5336
515   0.5336
516   0.5336
517   0.5336
518   0.5336
519   0.5336
520   0.5336
521   0.5336
522   0.5336
523   0.5336
524   0.5336
525   0.5336
526   0.5336
527   0.5336
528   0.5336
529   0.5336
530   0.5336
531   0.5336
532   0.5336
533   0.5336
534   0.5336
535   0.5336
536   0.5336
537   0.5336
538   0.5336
539   0.5336
540   0.5336
541   0.5336
542   0.5336
543   0.5336
544   0.5336
545   0.5336
546   0.5336
547   0.5336
548   0.5336
549   0.5336
550   0.5336
551   0.5336
552   0.5336
553   0.5336
554   0.5336
555   0.5336
556   0.5336
557   0.5336
558   0.5336
559   0.5326
560   0.5326
561   0.5326
562   0.5326
563   0.5326
564   0.5326
565   0.5326
566   0.5326
567   0.5326
568   0.5326
569   0.5326
570   0.5326
571   0.5326
572   0.5326
573   0.5326
574   0.5326
575   0.5326
576   0.5326
577   0.5303
578   0.5267
579   0.5267
580   0.5267
581   0.5267
582   0.5267
583   0.5267
584   0.5267
585   0.5267
586   0.5267
587   0.5267
588   0.5267
589   0.5267
590   0.5267
591   0.5267
592   0.5267
593   0.5267
594   0.5267
595   0.5267
596   0.5267
597   0.5267
598   0.5267
599   0.5267
600   0.5267
601   0.5267
602   0.5267
603   0.5267
604   0.5267
605   0.5267
606   0.5267
607   0.5267
608   0.5267
609   0.5267
610   0.5267
611   0.5267
612   0.5267
613   0.5267
614   0.5267
615   0.5267
616   0.5267
617   0.5267
618   0.5267
619   0.5267
620   0.5267
621   0.5267
622   0.5267
623   0.5267
624   0.5267
625   0.5267
626   0.5267
627   0.5267
628   0.5267
629   0.5267
630   0.5267
631   0.5267
632   0.5267
633   0.5267
634   0.5267
635   0.5267
636   0.5267
637   0.5267
638   0.5267
639   0.5267
640   0.5267
641   0.5267
642   0.5267
643   0.5267
644   0.5267
645   0.5267
646   0.5267
647   0.5267
648   0.5267
649   0.5267
650   0.5267
651   0.5267
652   0.5267
653   0.5267
654   0.5267
655   0.5267
656   0.5267
657   0.5267
658   0.5267
659   0.5267
660   0.5267
661   0.5251
662   0.5251
663   0.5251
664   0.5251
665   0.5251
666   0.5251
667   0.5251
668   0.5251
669   0.5251
670   0.5251
671   0.5251
672   0.5251
673   0.5251
674   0.5251
675   0.5251
676   0.5251
677   0.5251
678   0.5251
679   0.5251
680   0.5251
681   0.5251
682   0.5251
683   0.5251
684   0.5251
685   0.5251
686   0.5251
687   0.5251
688   0.5251
689   0.5251
690   0.5251
691   0.5251
692   0.5251
693   0.5251
694   0.5251
695   0.5183
696   0.5183
697   0.5183
698   0.5183
699   0.5183
700   0.5183
701   0.5183
702   0.5183
703   0.5183
704   0.5183
705   0.5183
706   0.5183
707   0.5183
708   0.5183
709   0.5183
710   0.5183
711   0.5183
712   0.5183
713   0.5183
714   0.5183
715   0.5183
716   0.5183
717   0.5183
718   0.5183
719   0.5183
720   0.5183
721   0.5183
722   0.5183
723   0.5183
724   0.5183
725   0.5179
726   0.5179
727   0.5179
728   0.5179
729   0.5179
730   0.5179
731   0.5179
732   0.5179
733   0.5179
734   0.5179
735   0.5179
736   0.5179
737   0.5179
738   0.5179
739   0.5179
740   0.5179
741   0.5179
742   0.5179
743   0.5179
744   0.5179
745   0.5179
746   0.5179
747   0.5179
748   0.5179
749   0.5179
750   0.5179
751   0.5179
752   0.5179
753   0.5179
754   0.5179
755   0.5179
756   0.5179
757   0.5179
758   0.5179
759   0.5179
760   0.5179
761   0.5179
762   0.5179
763   0.5179
764   0.5179
765   0.5179
766   0.5179
767   0.5179
768   0.5179
769   0.5179
770   0.5179
771   0.5179
772   0.5179
773   0.5179
774   0.5179
775   0.5179
776   0.5179
777   0.5179
778   0.5179
779   0.5179
780   0.5179
781   0.5179
782   0.5179
783   0.5179
784   0.5179
785   0.5179
786   0.5179
787   0.5179
788   0.5179
789   0.5179
790   0.5179
791   0.5179
792   0.5179
793   0.5179
794   0.5179
795   0.5179
796   0.5179
797   0.5179
798   0.5179
799   0.5179
800   0.5179
801   0.5179
802   0.5179
803   0.5179
804   0.5179
805   0.5179
806   0.5179
807   0.5179
808   0.5179
809   0.5179
810   0.5179
811   0.5179
812   0.5179
813   0.5179
814   0.5179
815   0.5179
816   0.5179
817   0.5179
818   0.5179
819   0.5179
820   0.5179
821   0.5179
822   0.5179
823   0.5179
824   0.5179
825   0.5179
826   0.5179
827   0.5179
828   0.5179
829   0.5179
830   0.5179
831   0.5179
832   0.5179
833   0.5179
834   0.5179
835   0.5179
836   0.5179
837   0.5179
838   0.5179
839   0.5179
840   0.5179
841   0.5179
842   0.5179
843   0.5179
844   0.5179
845   0.5179
846   0.5179
847   0.5179
848   0.5179
849   0.5179
850   0.5179
851   0.5179
852   0.5179
853   0.5179
854   0.5179
855   0.5179
856   0.5179
857   0.5179
858   0.5179
859   0.5179
860   0.5179
861   0.5179
862   0.5179
863   0.5179
864   0.5179
865   0.5179
866   0.5179
867   0.5179
868   0.5179
869   0.5179
870   0.5179
871   0.5179
872   0.5179
873   0.5179
874   0.5179
875   0.5179
876   0.5179
877   0.5179
878   0.5179
879   0.5179
880   0.5179
881   0.5179
882   0.5179
883   0.5179
884   0.5179
885   0.5179
886   0.5179
887   0.5179
888   0.5179
889   0.5179
890   0.5179
891   0.5179
892   0.5179
893   0.5179
894   0.5179
895   0.5179
896   0.5179
897   0.5179
898   0.5179
899   0.5179
900   0.5179
901   0.5179
902   0.5179
903   0.5179
904   0.5179
905   0.5179
906   0.5179
907   0.5179
908   0.5179
909   0.5179
910   0.5179
911   0.5179
912   0.5179
913   0.5179
914   0.5179
915   0.5179
916   0.5179
917   0.5179
918   0.5179
919   0.5179
920   0.5179
921   0.5179
922   0.5179
923   0.5179
924   0.5179
925   0.5179
926   0.5179
927   0.5179
928   0.5179
929   0.5179
930   0.5179
931   0.5179
932   0.5179
933   0.5179
934   0.5179
935   0.5179
936   0.5179
937   0.5179
938   0.5179
939   0.5179
940   0.5179
941   0.5179
942   0.5179
943   0.5179
944   0.5179
945   0.5179
946   0.5154
947   0.5154
948   0.5154
949   0.5154
950   0.5154
951   0.5154
952   0.5154
953   0.5154
954   0.5154
955   0.5154
956   0.5154
957   0.5154
958   0.5154
959   0.5154
960   0.5154
961   0.5154
962   0.5154
963   0.5154
964   0.5154
965   0.5154
966   0.5154
967   0.5154
968   0.5154
969   0.5154
970   0.5154
971   0.5154
972   0.5154
973   0.5154
974   0.5154
975   0.5154
976   0.5154
977   0.5154
978   0.5154
979   0.5154
980   0.5154
981   0.5154
982   0.5154
983   0.5154
984   0.5154
985   0.5154
986   0.5154
987   0.5154
988   0.5154
989   0.5154
990   0.5154
991   0.5154
992   0.5154
993   0.5154
994   0.5154
995   0.5154
996   0.5154
997   0.5154
998   0.5154
999   0.5154
1000   0.5154
1001   0.5154
1002   0.5154
1003   0.5154
1004   0.5154
1005   0.5154
1006   0.5154
1007   0.5154
1008   0.5154
1009   0.5154
1010   0.5154
1011   0.5154
1012   0.5154
1013   0.5154
1014   0.5154
1015   0.5154
1016   0.5154
1017   0.5154
1018   0.5154
1019   0.5154
1020   0.5154
1021   0.5154
1022   0.5154
1023   0.5154
1024   0.5154
1025   0.5154
1026   0.5154
1027   0.5154
1028   0.5154
1029   0.5154
1030   0.5154
1031   0.5154
1032   0.5154
1033   0.5154
1034   0.5154
1035   0.5154
1036   0.5154
1037   0.5154
1038   0.5154
1039   0.5154
1040   0.5154
1041   0.5154
1042   0.5154
1043   0.5154
1044   0.5154
1045   0.5154
1046   0.5154
1047   0.5154
1048   0.5154
1049   0.5154
1050   0.5154
1051   0.5154
1052   0.5154
1053   0.5154
1054   0.5154
1055   0.5154
1056   0.5154
1057   0.5154
1058   0.5154
1059   0.5154
1060   0.5154
1061   0.5154
1062   0.5154
1063   0.5154
1064   0.5154
1065   0.5154
1066   0.5154
1067   0.5154
1068   0.5154
1069   0.5154
1070   0.5154
1071   0.5154
1072   0.5154
1073   0.5154
1074   0.5154
1075   0.5154
1076   0.5154
1077   0.5154
1078   0.5154
1079   0.5154
1080   0.5154
1081   0.5154
1082   0.5154
1083   0.5154
1084   0.5154
1085   0.5154
1086   0.5154
1087   0.5154
1088   0.5154
1089   0.5154
1090   0.5154
1091   0.5154
1092   0.5154
1093   0.5154
1094   0.5154
1095   0.5154
1096   0.5154
1097   0.5154
1098   0.5154
1099   0.5154
1100   0.5154
1101   0.5154
1102   0.5154
1103   0.5154
1104   0.5154
1105   0.5154
1106   0.5154
1107   0.5154
1108   0.5154
1109   0.5154
1110   0.5154
1111   0.5154
1112   0.5154
1113   0.5154
1114   0.5154
1115   0.5154
1116   0.5154
1117   0.5154
1118   0.5154
1119   0.5154
1120   0.5154
1121   0.5154
1122   0.5154
1123   0.5154
1124   0.5154
1125   0.5154
1126   0.5154
1127   0.5154
1128   0.5154
1129   0.5154
1130   0.5154
1131   0.5154
1132   0.5154
1133   0.5154
1134   0.5154
1135   0.5154
1136   0.5154
1137   0.5154
1138   0.5154
1139   0.5154
1140   0.5154
1141   0.5154
1142   0.5154
1143   0.5154
1144   0.5154
1145   0.5154
1146   0.5154
1147   0.5154
1148   0.5154
1149   0.5154
1150   0.5154
1151   0.5154
1152   0.5154
1153   0.5154
1154   0.5154
1155   0.5154
1156   0.5154
1157   0.5154
1158   0.5154
1159   0.5154
1160   0.5154
1161   0.5154
1162   0.5154
1163   0.5154
1164   0.5154
1165   0.5154
1166   0.5154
1167   0.5154
1168   0.5154
1169   0.5154
1170   0.5154
1171   0.5154
1172   0.5154
1173   0.5154
1174   0.5154
1175   0.5154
1176   0.5154
1177   0.5154
1178   0.5154
1179   0.5154
1180   0.5154
1181   0.5154
1182   0.5154
1183   0.5154
1184   0.5154
1185   0.5154
1186   0.5154
1187   0.5154
1188   0.5154
1189   0.5154
1190   0.5154
1191   0.5154
1192   0.5154
1193   0.5154
1194   0.5154
1195   0.5154
1196   0.5154
1197   0.5154
1198   0.5154
1199   0.5154
1200   0.5154
1201   0.5154
1202   0.5154
1203   0.5154
1204   0.5154
1205   0.5154
1206   0.5154
1207   0.5154
1208   0.5154
1209   0.5154
1210   0.5154
1211   0.5154
1212   0.5154
1213   0.5154
1214   0.5154
1215   0.5154
1216   0.5154
1217   0.5154
1218   0.5154
1219   0.5154
1220   0.5154
1221   0.5154
1222   0.5154
1223   0.5154
1224   0.5154
1225   0.5154
1226   0.5154
1227   0.5154
1228   0.5154
1229   0.5154
1230   0.5154
1231   0.5154
1232   0.5154
1233   0.5154
1234   0.5154
1235   0.5154
1236   0.5154
1237   0.5154
1238   0.5154
1239   0.5154
1240   0.5154
1241   0.5154
1242   0.5154
1243   0.5154
1244   0.5154
1245   0.5154
1246   0.5154
1247   0.5154
1248   0.5154
1249   0.5154
1250   0.5154
1251   0.5154
1252   0.5154
1253   0.5154
1254   0.5154
1255   0.5154
1256   0.5154
1257   0.5154
1258   0.5154
1259   0.5154
1260   0.5154
1261   0.5154
1262   0.5154
1263   0.5154
1264   0.5154
1265   0.5154
1266   0.5154
1267   0.5154
1268   0.5154
1269   0.5154
1270   0.5154
1271   0.5154
1272   0.5122
1273   0.5122
1274   0.5122
1275   0.5122
1276   0.5122
1277   0.5083
1278   0.5083
1279   0.5083
1280   0.5083
1281   0.5083
1282   0.5083
1283   0.5083
1284   0.5083
1285   0.5083
1286   0.5083
1287   0.5083
1288   0.5083
1289   0.5083
1290   0.5083
1291   0.5083
1292   0.5083
1293   0.5083
1294   0.5083
1295   0.5083
1296   0.5083
1297   0.5083
1298   0.5083
1299   0.5083
1300   0.5083
1301   0.5083
1302   0.5083
1303   0.5083
1304   0.5083
1305   0.5083
1306   0.5083
1307   0.5083
1308   0.5083
1309   0.5083
1310   0.5083
1311   0.5083
1312   0.5083
1313   0.5083
1314   0.5083
1315   0.5083
1316   0.5083
1317   0.5083
1318   0.5083
1319   0.5083
1320   0.5083
1321   0.5083
1322   0.5083
1323   0.5083
1324   0.5083
1325   0.5083
1326   0.5083
1327   0.5083
1328   0.5083
1329   0.5083
1330   0.5083
1331   0.5083
1332   0.5083
1333   0.5083
1334   0.5083
1335   0.5083
1336   0.5083
1337   0.5083
1338   0.5083
1339   0.5083
1340   0.5083
1341   0.5083
1342   0.5083
1343   0.5083
1344   0.5083
1345   0.5083
1346   0.5083
1347   0.5083
1348   0.5083
1349   0.5083
1350   0.5083
1351   0.5083
1352   0.5083
1353   0.5083
1354   0.5083
1355   0.5083
1356   0.5083
1357   0.5083
1358   0.5083
1359   0.5083
1360   0.5083
1361   0.5083
1362   0.5083
1363   0.5083
1364   0.5083
1365   0.5083
1366   0.5083
1367   0.5083
1368   0.5083
1369   0.5083
1370   0.5083
1371   0.5083
1372   0.5083
1373   0.5083
1374   0.5083
1375   0.5083
1376   0.5083
1377   0.5083
1378   0.5083
1379   0.5083
1380   0.4819
1381   0.4819
1382   0.4819
1383   0.4819
1384   0.4819
1385   0.4819
1386   0.4819
1387   0.4819
1388   0.4819
1389   0.4819
1390   0.4819
1391   0.4819
1392   0.4819
1393   0.4819
1394   0.4819
1395   0.4819
1396   0.4819
1397   0.4819
1398   0.4819
1399   0.4819
1400   0.4819
1401   0.4819
1402   0.4819
1403   0.4819
1404   0.4819
1405   0.4819
1406   0.4819
1407   0.4819
1408   0.4819
1409   0.4819
1410   0.4819
1411   0.4819
1412   0.4819
1413   0.4819
1414   0.4819
1415   0.4819
1416   0.4819
1417   0.4819
1418   0.4819
1419   0.4819
1420   0.4819
1421   0.4819
1422   0.4819
1423   0.4819
1424   0.4819
1425   0.4819
1426   0.4819
1427   0.4819
1428   0.4819
1429   0.4819
1430   0.4819
1431   0.4819
1432   0.4819
1433   0.4819
1434   0.4819
1435   0.4819
1436   0.4819
1437   0.4819
1438   0.4819
1439   0.4819
1440   0.4819
1441   0.4819
1442   0.4819
1443   0.4819
1444   0.4812
1445   0.4812
1446   0.4812
1447   0.4796
1448   0.4796
1449   0.4796
1450   0.4796
1451   0.4796
1452   0.4796
1453   0.4796
1454   0.4796
1455   0.4796
1456   0.4796
1457   0.4796
1458   0.4796
1459   0.4796
1460   0.4796
1461   0.4796
1462   0.4796
1463   0.4796
1464   0.4796
1465   0.4796
1466   0.4796
1467   0.4796
1468   0.4796
1469   0.4796
1470   0.4796
1471   0.4796
1472   0.4796
1473   0.4796
1474   0.4796
1475   0.4796
1476   0.4796
1477   0.4796
1478   0.4796
1479   0.4796
1480   0.4796
1481   0.4796
1482   0.4796
1483   0.4796
1484   0.4796
1485   0.4796
1486   0.4796
1487   0.4796
1488   0.4796
1489   0.4796
1490   0.4796
1491   0.4796
1492   0.4796
1493   0.4796
1494   0.4796
1495   0.4796
1496   0.4796
1497   0.4796
1498   0.4796
1499   0.4796
1500   0.4796
1501   0.4796
1502   0.4796
1503   0.4796
1504   0.4796
1505   0.4796
1506   0.4796
1507   0.4796
1508   0.4796
1509   0.4756
1510   0.4756
1511   0.4756
1512   0.4756
1513   0.4756
1514   0.4756
1515   0.4756
1516   0.4756
1517   0.4756
1518   0.4756
1519   0.4756
1520   0.4756
1521   0.4756
1522   0.4756
1523   0.4756
1524   0.4756
1525   0.4756
1526   0.4756
1527   0.4756
1528   0.4756
1529   0.4756
1530   0.4756
1531   0.4756
1532   0.4756
1533   0.4756
1534   0.4756
1535   0.4756
1536   0.4756
1537   0.4756
1538   0.4756
1539   0.4756
1540   0.4756
1541   0.4756
1542   0.4756
1543   0.4756
1544   0.4756
1545   0.4756
1546   0.4756
1547   0.4756
1548   0.4756
1549   0.4756
1550   0.4756
1551   0.4756
1552   0.4756
1553   0.4756
1554   0.4756
1555   0.4756
1556   0.4756
1557   0.4756
1558   0.4756
1559   0.4756
1560   0.4756
1561   0.4756
1562   0.4756
1563   0.4756
1564   0.4756
1565   0.4756
1566   0.4753
1567   0.4753
1568   0.4753
1569   0.4753
1570   0.4753
1571   0.4753
1572   0.4752
1573   0.4752
1574   0.4752
1575   0.4752
1576   0.4752
1577   0.4752
1578   0.4752
1579   0.4752
1580   0.4752
1581   0.4752
1582   0.4752
1583   0.4752
1584   0.4752
1585   0.4752
1586   0.4752
1587   0.4752
1588   0.4752
1589   0.4752
1590   0.4752
1591   0.4752
1592   0.4752
1593   0.4752
1594   0.4752
1595   0.4752
1596   0.4752
1597   0.4752
1598   0.4752
1599   0.4752
1600   0.4752
1601   0.4752
1602   0.4752
1603   0.4752
1604   0.4752
1605   0.4752
1606   0.4752
1607   0.4752
1608   0.4752
1609   0.4752
1610   0.4752
1611   0.4752
1612   0.4752
1613   0.4752
1614   0.4752
1615   0.4752
1616   0.4752
1617   0.4752
1618   0.4752
1619   0.4752
1620   0.4752
1621   0.4752
1622   0.4752
1623   0.4752
1624   0.4752
1625   0.4752
1626   0.4752
1627   0.4752
1628   0.4752
1629   0.4752
1630   0.4752
1631   0.4752
1632   0.4752
1633   0.4752
1634   0.4752
1635   0.4752
1636   0.4752
1637   0.4752
1638   0.4752
1639   0.4752
1640   0.4752
1641   0.4752
1642   0.4752
1643   0.4752
1644   0.4752
1645   0.4752
1646   0.4752
1647   0.4752
1648   0.4752
1649   0.4752
1650   0.4752
1651   0.4752
1652   0.4752
1653   0.4752
1654   0.4752
1655   0.4752
1656   0.4752
1657   0.4752
1658   0.4752
1659   0.4752
1660   0.4752
1661   0.4752
1662   0.4752
1663   0.4752
1664   0.4752
1665   0.4752
1666   0.4752
1667   0.4752
1668   0.4752
1669   0.4752
1670   0.4752
1671   0.4752
1672   0.4752
1673   0.4752
1674   0.4752
1675   0.4752
1676   0.4752
1677   0.4752
1678   0.4752
1679   0.4752
1680   0.4752
1681   0.4752
1682   0.4752
1683   0.4752
1684   0.4752
1685   0.4752
1686   0.4752
1687   0.4752
1688   0.4752
1689   0.4752
1690   0.4752
1691   0.4752
1692   0.4752
1693   0.4752
1694   0.4752
1695   0.4752
1696   0.4752
1697   0.4752
1698   0.4752
1699   0.4752
1700   0.4752
1701   0.4752
1702   0.4752
1703   0.4752
1704   0.4752
1705   0.4752
1706   0.4752
1707   0.4752
1708   0.4752
1709   0.4752
1710   0.4752
1711   0.4752
1712   0.4752
1713   0.4752
1714   0.4752
1715   0.4752
1716   0.4752
1717   0.4752
1718   0.4752
1719   0.4752
1720   0.4752
1721   0.4752
1722   0.4752
1723   0.4752
1724   0.4752
1725   0.4752
1726   0.4752
1727   0.4752
1728   0.4752
1729   0.4752
1730   0.4752
1731   0.4752
1732   0.4752
1733   0.4752
1734   0.4752
1735   0.4752
1736   0.4752
1737   0.4752
1738   0.4752
1739   0.4752
1740   0.4752
1741   0.4752
1742   0.4752
1743   0.4752
1744   0.4752
1745   0.4752
1746   0.4752
1747   0.4752
1748   0.4752
1749   0.4752
1750   0.4752
1751   0.4752
1752   0.4752
1753   0.4752
1754   0.4752
1755   0.4752
1756   0.4752
1757   0.4752
1758   0.4752
1759   0.4752
1760   0.4752
1761   0.4752
1762   0.4752
1763   0.4752
1764   0.4752
1765   0.4752
1766   0.4752
1767   0.4752
1768   0.4752
1769   0.4752
1770   0.4752
1771   0.4752
1772   0.4752
1773   0.4752
1774   0.4752
1775   0.4752
1776   0.4752
1777   0.4752
1778   0.4752
1779   0.4752
1780   0.4752
1781   0.4752
1782   0.4752
1783   0.4752
1784   0.4752
1785   0.4752
1786   0.4752
1787   0.4752
1788   0.4752
1789   0.4752
1790   0.4752
1791   0.4752
1792   0.4752
1793   0.4752
1794   0.4752
1795   0.4752
1796   0.4752
1797   0.4752
1798   0.4752
1799   0.4752
1800   0.4752
1801   0.4752
1802   0.4752
1803   0.4752
1804   0.4752
1805   0.4752
1806   0.4752
1807   0.4752
1808   0.4750
1809   0.4750
1810   0.4750
1811   0.4750
1812   0.4750
1813   0.4750
1814   0.4750
1815   0.4750
1816   0.4750
1817   0.4750
1818   0.4750
1819   0.4750
1820   0.4750
1821   0.4750
1822   0.4750
1823   0.4750
1824   0.4750
1825   0.4750
1826   0.4750
1827   0.4750
1828   0.4750
1829   0.4750
1830   0.4750
1831   0.4750
1832   0.4750
1833   0.4750
1834   0.4750
1835   0.4750
1836   0.4750
1837   0.4750
1838   0.4750
1839   0.4750
1840   0.4750
1841   0.4750
1842   0.4750
1843   0.4750
1844   0.4750
1845   0.4750
1846   0.4750
1847   0.4750
1848   0.4750
1849   0.4750
1850   0.4750
1851   0.4750
1852   0.4750
1853   0.4750
1854   0.4750
1855   0.4750
1856   0.4750
1857   0.4750
1858   0.4750
1859   0.4750
1860   0.4750
1861   0.4750
1862   0.4750
1863   0.4750
1864   0.4750
1865   0.4750
1866   0.4750
1867   0.4750
1868   0.4750
1869   0.4750
1870   0.4750
1871   0.4750
1872   0.4750
1873   0.4750
1874   0.4750
1875   0.4750
1876   0.4750
1877   0.4750
1878   0.4750
1879   0.4750
1880   0.4750
1881   0.4750
1882   0.4750
1883   0.4750
1884   0.4750
1885   0.4750
1886   0.4750
1887   0.4750
1888   0.4750
1889   0.4750
1890   0.4750
1891   0.4750
1892   0.4750
1893   0.4750
1894   0.4750
1895   0.4750
1896   0.4750
1897   0.4750
1898   0.4750
1899   0.4750
1900   0.4750
1901   0.4750
1902   0.4750
1903   0.4750
1904   0.4750
1905   0.4750
1906   0.4750
1907   0.4750
1908   0.4750
1909   0.4750
1910   0.4750
1911   0.4750
1912   0.4750
1913   0.4750
1914   0.4750
1915   0.4750
1916   0.4750
1917   0.4750
1918   0.4750
1919   0.4750
1920   0.4750
1921   0.4750
1922   0.4750
1923   0.4750
1924   0.4750
1925   0.4750
1926   0.4750
1927   0.4750
1928   0.4750
1929   0.4750
1930   0.4750
1931   0.4750
1932   0.4750
1933   0.4750
1934   0.4750
1935   0.4750
1936   0.4750
1937   0.4750
1938   0.4750
1939   0.4750
1940   0.4750
1941   0.4750
1942   0.4750
1943   0.4750
1944   0.4750
1945   0.4750
1946   0.4750
1947   0.4750
1948   0.4750
1949   0.4750
1950   0.4750
1951   0.4750
1952   0.4750
1953   0.4750
1954   0.4750
1955   0.4750
1956   0.4750
1957   0.4750
1958   0.4750
1959   0.4750
1960   0.4750
1961   0.4750
1962   0.4750
1963   0.4750
1964   0.4750
1965   0.4750
1966   0.4750
1967   0.4750
1968   0.4750
1969   0.4750
1970   0.4750
1971   0.4750
1972   0.4750
1973   0.4750
1974   0.4750
1975   0.4750
1976   0.4750
1977   0.4750
1978   0.4750
1979   0.4750
1980   0.4750
1981   0.4750
1982   0.4750
1983   0.4750
1984   0.4750
1985   0.4750
1986   0.4750
1987   0.4750
1988   0.4750
1989   0.4750
1990   0.4750
1991   0.4750
1992   0.4750
1993   0.4750
1994   0.4750
1995   0.4750
1996   0.4750
1997   0.4750
1998   0.4750
1999   0.4750
2000   0.4750
2001   0.4750
2002   0.4750
2003   0.4750
2004   0.4750
2005   0.4750
2006   0.4750
2007   0.4748
2008   0.4748
2009   0.4748
2010   0.4748
2011   0.4748
2012   0.4748
2013   0.4748
2014   0.4748
2015   0.4748
2016   0.4748
2017   0.4748
2018   0.4748
2019   0.4748
2020   0.4748
2021   0.4748
2022   0.4748
2023   0.4748
2024   0.4748
2025   0.4748
2026   0.4748
2027   0.4748
2028   0.4748
2029   0.4748
2030   0.4748
2031   0.4748
2032   0.4748
2033   0.4748
2034   0.4748
2035   0.4748
2036   0.4748
2037   0.4748
2038   0.4748
2039   0.4748
2040   0.4748
2041   0.4748
2042   0.4748
2043   0.4748
2044   0.4748
2045   0.4748
2046   0.4748
2047   0.4748
2048   0.4748
2049   0.4748
2050   0.4748
2051   0.4748
2052   0.4748
2053   0.4748
2054   0.4748
2055   0.4748
2056   0.4748
2057   0.4748
2058   0.4748
2059   0.4748
2060   0.4748
2061   0.4748
2062   0.4748
2063   0.4748
2064   0.4748
2065   0.4748
2066   0.4748
2067   0.4748
2068   0.4748
2069   0.4748
2070   0.4748
2071   0.4748
2072   0.4748
2073   0.4748
2074   0.4748
2075   0.4748
2076   0.4748
2077   0.4748
2078   0.4748
2079   0.4748
2080   0.4741
2081   0.4741
2082   0.4741
2083   0.4741
2084   0.4741
2085   0.4741
2086   0.4741
2087   0.4741
2088   0.4741
2089   0.4741
2090   0.4741
2091   0.4741
2092   0.4741
2093   0.4741
2094   0.4741
2095   0.4741
2096   0.4741
2097   0.4741
2098   0.4741
2099   0.4741
2100   0.4741
2101   0.4741
2102   0.4741
2103   0.4741
2104   0.4741
2105   0.4741
2106   0.4741
2107   0.4741
2108   0.4741
2109   0.4741
2110   0.4741
2111   0.4741
2112   0.4741
2113   0.4741
2114   0.4741
2115   0.4741
2116   0.4741
2117   0.4741
2118   0.4741
2119   0.4741
2120   0.4741
2121   0.4741
2122   0.4741
2123   0.4741
2124   0.4741
2125   0.4741
2126   0.4741
2127   0.4741
2128   0.4741
2129   0.4741
2130   0.4741
2131   0.4741
2132   0.4741
2133   0.4741
2134   0.4741
2135   0.4741
2136   0.4741
2137   0.4741
2138   0.4741
2139   0.4741
2140   0.4741
2141   0.4741
2142   0.4741
2143   0.4741
2144   0.4741
2145   0.4741
2146   0.4741
2147   0.4741
2148   0.4741
2149   0.4741
2150   0.4741
2151   0.4741
2152   0.4741
2153   0.4741
2154   0.4741
2155   0.4741
2156   0.4741
2157   0.4741
2158   0.4741
2159   0.4741
2160   0.4741
2161   0.4741
2162   0.4741
2163   0.4741
2164   0.4741
2165   0.4741
2166   0.4741
2167   0.4741
2168   0.4741
2169   0.4741
2170   0.4741
2171   0.4741
2172   0.4741
2173   0.4741
2174   0.4741
2175   0.4741
2176   0.4741
2177   0.4741
2178   0.4741
2179   0.4741
2180   0.4741
2181   0.4741
2182   0.4741
2183   0.4741
2184   0.4741
2185   0.4741
2186   0.4741
2187   0.4741
2188   0.4741
2189   0.4741
2190   0.4741
2191   0.4741
2192   0.4741
2193   0.4741
2194   0.4741
2195   0.4741
2196   0.4741
2197   0.4741
2198   0.4741
2199   0.4741
2200   0.4741
2201   0.4741
2202   0.4741
2203   0.4741
2204   0.4741
2205   0.4741
2206   0.4741
2207   0.4741
2208   0.4741
2209   0.4741
2210   0.4741
2211   0.4741
2212   0.4741
2213   0.4741
2214   0.4741
2215   0.4741
2216   0.4741
2217   0.4741
2218   0.4741
2219   0.4741
2220   0.4741
2221   0.4741
2222   0.4741
2223   0.4741
2224   0.4741
2225   0.4741
2226   0.4741
2227   0.4741
2228   0.4741
2229   0.4741
2230   0.4741
2231   0.4741
2232   0.4741
2233   0.4741
2234   0.4741
2235   0.4741
2236   0.4741
2237   0.4741
2238   0.4741
2239   0.4741
2240   0.4741
2241   0.4741
2242   0.4741
2243   0.4741
2244   0.4741
2245   0.4741
2246   0.4741
2247   0.4741
2248   0.4741
2249   0.4741
2250   0.4741
2251   0.4741
2252   0.4741
2253   0.4741
2254   0.4741
2255   0.4741
2256   0.4741
2257   0.4741
2258   0.4741
2259   0.4741
2260   0.4741
2261   0.4741
2262   0.4741
2263   0.4741
2264   0.4741
2265   0.4741
2266   0.4741
2267   0.4741
2268   0.4741
2269   0.4741
2270   0.4741
2271   0.4741
2272   0.4741
2273   0.4741
2274   0.4741
2275   0.4741
2276   0.4741
2277   0.4741
2278   0.4741
2279   0.4741
2280   0.4741
2281   0.4741
2282   0.4741
2283   0.4741
2284   0.4741
2285   0.4741
2286   0.4741
2287   0.4741
2288   0.4741
2289   0.4741
2290   0.4741
2291   0.4741
2292   0.4741
2293   0.4741
2294   0.4741
2295   0.4741
2296   0.4741
2297   0.4741
2298   0.4741
2299   0.4741
2300   0.4741
2301   0.4741
2302   0.4741
2303   0.4741
2304   0.4741
2305   0.4741
2306   0.4741
2307   0.4741
2308   0.4741
2309   0.4741
2310   0.4741
2311   0.4741
2312   0.4741
2313   0.4741
2314   0.4741
2315   0.4741
2316   0.4741
2317   0.4741
2318   0.4741
2319   0.4741
2320   0.4741
2321   0.4741
2322   0.4741
2323   0.4741
2324   0.4741
2325   0.4741
2326   0.4741
2327   0.4741
2328   0.4741
2329   0.4741
2330   0.4741
2331   0.4741
2332   0.4741
2333   0.4741
2334   0.4741
2335   0.4741
2336   0.4741
2337   0.4741
2338   0.4741
2339   0.4741
2340   0.4741
2341   0.4741
2342   0.4741
2343   0.4741
2344   0.4741
2345   0.4741
2346   0.4741
2347   0.4741
2348   0.4741
2349   0.4741
2350   0.4741
2351   0.4741
2352   0.4741
2353   0.4741
2354   0.4741
2355   0.4741
2356   0.4741
2357   0.4741
2358   0.4741
2359   0.4741
2360   0.4741
2361   0.4741
2362   0.4741
2363   0.4741
2364   0.4741
2365   0.4741
2366   0.4741
2367   0.4741
2368   0.4741
2369   0.4741
2370   0.4741
2371   0.4741
2372   0.4741
2373   0.4741
2374   0.4741
2375   0.4741
2376   0.4741
2377   0.4741
2378   0.4741
2379   0.4741
2380   0.4741
2381   0.4741
2382   0.4741
2383   0.4741
2384   0.4741
2385   0.4741
2386   0.4741
2387   0.4741
2388   0.4741
2389   0.4741
2390   0.4741
2391   0.4741
2392   0.4741
2393   0.4741
2394   0.4741
2395   0.4741
2396   0.4741
2397   0.4741
2398   0.4741
2399   0.4741
2400   0.4741
2401   0.4741
2402   0.4741
2403   0.4741
2404   0.4741
2405   0.4741
2406   0.4741
2407   0.4741
2408   0.4741
2409   0.4741
2410   0.4741
2411   0.4741
2412   0.4741
2413   0.4741
2414   0.4741
2415   0.4741
2416   0.4741
2417   0.4741
2418   0.4741
2419   0.4741
2420   0.4741
2421   0.4741
2422   0.4741
2423   0.4741
2424   0.4741
2425   0.4741
2426   0.4741
2427   0.4741
2428   0.4741
2429   0.4741
2430   0.4741
2431   0.4741
2432   0.4741
2433   0.4741
2434   0.4741
2435   0.4741
2436   0.4741
2437   0.4741
2438   0.4741
2439   0.4741
2440   0.4741
2441   0.4741
2442   0.4741
2443   0.4741
2444   0.4741
2445   0.4741
2446   0.4741
2447   0.4741
2448   0.4741
2449   0.4741
2450   0.4741
2451   0.4741
2452   0.4741
2453   0.4741
2454   0.4741
2455   0.4741
2456   0.4741
2457   0.4741
2458   0.4741
2459   0.4741
2460   0.4741
2461   0.4741
2462   0.4741
2463   0.4741
2464   0.4741
2465   0.4741
2466   0.4741
2467   0.4741
2468   0.4741
2469   0.4741
2470   0.4741
2471   0.4741
2472   0.4741
2473   0.4741
2474   0.4741
2475   0.4741
2476   0.4741
2477   0.4741
2478   0.4741
2479   0.4741
2480   0.4741
2481   0.4741
2482   0.4741
2483   0.4741
2484   0.4741
2485   0.4741
2486   0.4741
2487   0.4741
2488   0.4741
2489   0.4741
2490   0.4741
2491   0.4741
2492   0.4741
2493   0.4741
2494   0.4741
2495   0.4741
2496   0.4741
2497   0.4741
2498   0.4741
2499   0.4741
2500   0.4741
2501   0.4741
2502   0.4741
2503   0.4741
2504   0.4741
2505   0.4741
2506   0.4741
2507   0.4741
2508   0.4741
2509   0.4741
2510   0.4741
2511   0.4741
2512   0.4741
2513   0.4741
2514   0.4741
2515   0.4741
2516   0.4741
2517   0.4741
2518   0.4741
2519   0.4741
2520   0.4741
2521   0.4741
2522   0.4741
2523   0.4741
2524   0.4741
2525   0.4741
2526   0.4741
2527   0.4741
2528   0.4741
2529   0.4741
2530   0.4741
2531   0.4741
2532   0.4741
2533   0.4741
2534   0.4741
2535   0.4741
2536   0.4741
2537   0.4741
2538   0.4741
2539   0.4741
2540   0.4741
2541   0.4741
2542   0.4741
2543   0.4741
2544   0.4741
2545   0.4741
2546   0.4741
2547   0.4741
2548   0.4741
2549   0.4741
2550   0.4741
2551   0.4741
2552   0.4741
2553   0.4741
2554   0.4741
2555   0.4741
2556   0.4741
2557   0.4741
2558   0.4741
2559   0.4741
2560   0.4741
2561   0.4741
2562   0.4741
2563   0.4741
2564   0.4741
2565   0.4741
2566   0.4741
2567   0.4741
2568   0.4741
2569   0.4741
2570   0.4741
2571   0.4741
2572   0.4741
2573   0.4741
2574   0.4741
2575   0.4741
2576   0.4741
2577   0.4741
2578   0.4741
2579   0.4741
2580   0.4741
2581   0.4741
2582   0.4741
2583   0.4741
2584   0.4741
2585   0.4741
2586   0.4741
2587   0.4741
2588   0.4741
2589   0.4741
2590   0.4741
2591   0.4741
2592   0.4741
2593   0.4741
2594   0.4741
2595   0.4741
2596   0.4741
2597   0.4741
2598   0.4741
2599   0.4741
2600   0.4741
2601   0.4741
2602   0.4741
2603   0.4741
2604   0.4741
2605   0.4741
2606   0.4741
2607   0.4741
2608   0.4741
2609   0.4741
2610   0.4741
2611   0.4741
2612   0.4741
2613   0.4741
2614   0.4741
2615   0.4741
2616   0.4741
2617   0.4741
2618   0.4741
2619   0.4741
2620   0.4741
2621   0.4741
2622   0.4741
2623   0.4741
2624   0.4741
2625   0.4741
2626   0.4741
2627   0.4741
2628   0.4741
2629   0.4741
2630   0.4741
2631   0.4741
2632   0.4741
2633   0.4741
2634   0.4741
2635   0.4741
2636   0.4741
2637   0.4741
2638   0.4741
2639   0.4741
2640   0.4741
2641   0.4741
2642   0.4741
2643   0.4741
2644   0.4741
2645   0.4741
2646   0.4741
2647   0.4741
2648   0.4741
2649   0.4741
2650   0.4741
2651   0.4741
2652   0.4741
2653   0.4741
2654   0.4741
2655   0.4741
2656   0.4741
2657   0.4741
2658   0.4741
2659   0.4741
2660   0.4741
2661   0.4741
2662   0.4741
2663   0.4741
2664   0.4741
2665   0.4741
2666   0.4741
2667   0.4741
2668   0.4741
2669   0.4741
2670   0.4741
2671   0.4741
2672   0.4741
2673   0.4741
2674   0.4741
2675   0.4741
2676   0.4741
2677   0.4741
2678   0.4741
2679   0.4741
2680   0.4741
2681   0.4741
2682   0.4741
2683   0.4741
2684   0.4741
2685   0.4741
2686   0.4741
2687   0.4741
2688   0.4741
2689   0.4741
2690   0.4741
2691   0.4741
2692   0.4741
2693   0.4741
2694   0.4741
2695   0.4741
2696   0.4741
2697   0.4741
2698   0.4741
2699   0.4741
2700   0.4741
2701   0.4741
2702   0.4741
2703   0.4741
2704   0.4741
2705   0.4741
2706   0.4741
2707   0.4741
2708   0.4741
2709   0.4741
2710   0.4741
2711   0.4741
2712   0.4741
2713   0.4741
2714   0.4741
2715   0.4741
2716   0.4741
2717   0.4741
2718   0.4741
2719   0.4741
2720   0.4741
2721   0.4741
2722   0.4741
2723   0.4741
2724   0.4741
2725   0.4741
2726   0.4741
2727   0.4741
2728   0.4741
2729   0.4741
2730   0.4741
2731   0.4741
2732   0.4741
2733   0.4741
2734   0.4741
2735   0.4741
2736   0.4741
2737   0.4741
2738   0.4741
2739   0.4741
2740   0.4741
2741   0.4741
2742   0.4741
2743   0.4741
2744   0.4741
2745   0.4741
2746   0.4741
2747   0.4741
2748   0.4741
2749   0.4741
2750   0.4741
2751   0.4741
2752   0.4741
2753   0.4741
2754   0.4741
2755   0.4741
2756   0.4741
2757   0.4741
2758   0.4741
2759   0.4741
2760   0.4741
2761   0.4741
2762   0.4741
2763   0.4741
2764   0.4741
2765   0.4741
2766   0.4741
2767   0.4741
2768   0.4741
2769   0.4741
2770   0.4741
2771   0.4741
2772   0.4741
2773   0.4741
2774   0.4741
2775   0.4741
2776   0.4741
2777   0.4741
2778   0.4741
2779   0.4741
2780   0.4741
2781   0.4741
2782   0.4741
2783   0.4741
2784   0.4741
2785   0.4741
2786   0.4741
2787   0.4741
2788   0.4741
2789   0.4741
2790   0.4741
2791   0.4741
2792   0.4741
2793   0.4741
2794   0.4741
2795   0.4741
2796   0.4741
2797   0.4741
2798   0.4741
2799   0.4741
2800   0.4741
2801   0.4741
2802   0.4741
2803   0.4741
2804   0.4741
2805   0.4741
2806   0.4741
2807   0.4741
2808   0.4741
2809   0.4741
2810   0.4741
2811   0.4741
2812   0.4741
2813   0.4741
2814   0.4741
2815   0.4741
2816   0.4741
2817   0.4741
2818   0.4741
2819   0.4741
2820   0.4741
2821   0.4741
2822   0.4741
2823   0.4741
2824   0.4741
2825   0.4741
2826   0.4741
2827   0.4741
2828   0.4741
2829   0.4741
2830   0.4741
2831   0.4741
2832   0.4741
2833   0.4741
2834   0.4741
2835   0.4741
2836   0.4741
2837   0.4741
2838   0.4741
2839   0.4741
2840   0.4741
2841   0.4741
2842   0.4741
2843   0.4741
2844   0.4741
2845   0.4741
2846   0.4741
2847   0.4741
2848   0.4741
2849   0.4741
2850   0.4741
2851   0.4741
2852   0.4741
2853   0.4741
2854   0.4741
2855   0.4741
2856   0.4741
2857   0.4741
2858   0.4741
2859   0.4741
2860   0.4741
2861   0.4741
2862   0.4741
2863   0.4741
2864   0.4741
2865   0.4741
2866   0.4741
2867   0.4741
2868   0.4741
2869   0.4741
2870   0.4741
2871   0.4741
2872   0.4741
2873   0.4741
2874   0.4741
2875   0.4741
2876   0.4741
2877   0.4741
2878   0.4741
2879   0.4741
2880   0.4741
2881   0.4741
2882   0.4741
2883   0.4741
2884   0.4741
2885   0.4741
2886   0.4741
2887   0.4741
2888   0.4741
2889   0.4741
2890   0.4741
2891   0.4741
2892   0.4741
2893   0.4741
2894   0.4741
2895   0.4741
2896   0.4741
2897   0.4741
2898   0.4741
2899   0.4741
2900   0.4741
2901   0.4741
2902   0.4741
2903   0.4741
2904   0.4741
2905   0.4741
2906   0.4741
2907   0.4741
2908   0.4741
2909   0.4741
2910   0.4741
2911   0.4741
2912   0.4741
2913   0.4741
2914   0.4741
2915   0.4741
2916   0.4741
2917   0.4741
2918   0.4741
2919   0.4741
2920   0.4741
2921   0.4741
2922   0.4741
2923   0.4741
2924   0.4741
2925   0.4741
2926   0.4741
2927   0.4741
2928   0.4741
2929   0.4741
2930   0.4741
2931   0.4741
2932   0.4741
2933   0.4741
2934   0.4741
2935   0.4741
2936   0.4741
2937   0.4741
2938   0.4741
2939   0.4741
2940   0.4741
2941   0.4741
2942   0.4741
2943   0.4741
2944   0.4741
2945   0.4741
2946   0.4741
2947   0.4741
2948   0.4741
2949   0.4741
2950   0.4741
2951   0.4741
2952   0.4741
2953   0.4741
2954   0.4741
2955   0.4741
2956   0.4741
2957   0.4741
2958   0.4741
2959   0.4741
2960   0.4741
2961   0.4741
2962   0.4741
2963   0.4741
2964   0.4741
2965   0.4741
2966   0.4741
2967   0.4741
2968   0.4741
2969   0.4741
2970   0.4741
2971   0.4741
2972   0.4741
2973   0.4741
2974   0.4741
2975   0.4741
2976   0.4741
2977   0.4741
2978   0.4741
2979   0.4741
2980   0.4741
2981   0.4741
2982   0.4741
2983   0.4741
2984   0.4741
2985   0.4741
2986   0.4741
2987   0.4741
2988   0.4741
2989   0.4741
2990   0.4741
2991   0.4741
2992   0.4741
2993   0.4741
2994   0.4741
2995   0.4741
2996   0.4741
2997   0.4741
2998   0.4741
2999   0.4741
3000   0.4741
