1   1.4114   2.8083 
2   1.3426   2.8083 
3   1.3426   2.8083 
4   1.1509   2.8083 
5   1.1509   2.8083 
6   1.1509   2.8083 
7   1.0752   2.8083 
8   1.0752   2.8083 
9   1.0752   3.4473 
10   1.0752   3.6922 
11   1.0752   3.3230 
12   1.0752   3.3230 
13   1.0752   3.6922 
14   1.0752   3.6922 
15   1.0752   3.6922 
16   1.0752   3.6922 
17   1.0752   2.8503 
18   1.0752   2.8503 
19   1.0752   2.8728 
20   1.0752   2.8728 
21   1.0720   3.1915 
22   1.0720   3.1915 
23   1.0720   3.1915 
24   1.0720   3.1915 
25   1.0720   3.1915 
26   1.0720   3.1915 
27   1.0619   3.2095 
28   1.0619   3.2095 
29   1.0619   3.2095 
30   1.0619   3.2095 
31   1.0619   3.2095 
32   1.0519   3.2095 
33   1.0519   3.0371 
34   1.0519   3.0371 
35   1.0519   3.0371 
36   1.0519   2.9898 
37   1.0519   2.9898 
38   1.0519   2.9898 
39   1.0519   2.9898 
40   1.0519   2.9898 
41   0.9434   2.9898 
42   0.9434   2.9898 
43   0.9434   2.9898 
44   0.9434   2.9898 
45   0.9434   2.9898 
46   0.9434   2.9898 
47   0.9434   2.9898 
48   0.9434   2.9898 
49   0.9434   2.9898 
50   0.9434   2.9898 
51   0.9434   2.9898 
52   0.9434   2.9898 
53   0.9434   2.9898 
54   0.9434   2.9898 
55   0.9434   2.9898 
56   0.9434   2.9898 
57   0.9434   2.9898 
58   0.9434   2.9898 
59   0.9434   2.9898 
60   0.9434   2.9898 
61   0.9434   3.3195 
62   0.9434   3.3195 
63   0.9434   3.3195 
64   0.9434   3.3195 
65   0.9434   3.3195 
66   0.9434   3.3195 
67   0.9434   3.3195 
68   0.9434   3.3195 
69   0.9434   3.3771 
70   0.9434   3.3421 
71   0.9434   3.3421 
72   0.9434   3.3421 
73   0.9434   3.3421 
74   0.9434   3.3771 
75   0.9434   3.3771 
76   0.9434   3.3771 
77   0.9434   3.3771 
78   0.9434   3.3771 
79   0.9434   3.3914 
80   0.9159   3.3914 
81   0.9159   3.3914 
82   0.9159   3.3914 
83   0.9159   3.3914 
84   0.9159   3.3914 
85   0.9159   3.3914 
86   0.9159   3.3914 
87   0.9138   3.3914 
88   0.9138   3.3914 
89   0.9138   3.3955 
90   0.9138   3.3955 
91   0.9138   3.3955 
92   0.9138   3.3955 
93   0.9138   3.3955 
94   0.9138   3.3955 
95   0.9138   3.3955 
96   0.9138   3.3955 
97   0.9138   3.3955 
98   0.9138   3.3955 
99   0.9138   3.3955 
100   0.9138   3.3955 
101   0.9138   3.3955 
102   0.9138   3.3955 
103   0.9138   3.3955 
104   0.9138   3.3955 
105   0.9138   3.3955 
106   0.9138   3.3955 
107   0.9138   3.3955 
108   0.9138   3.3955 
109   0.9138   3.3955 
110   0.9138   3.3955 
111   0.9138   3.3955 
112   0.9138   3.3955 
113   0.9138   3.3955 
114   0.9138   3.3955 
115   0.9138   3.3955 
116   0.9138   3.3955 
117   0.9138   3.3955 
118   0.9138   3.3955 
119   0.9138   3.3955 
120   0.9138   3.3955 
121   0.9138   3.3955 
122   0.9138   3.3955 
123   0.9138   3.3955 
124   0.9138   3.3955 
125   0.9138   3.3955 
126   0.9138   3.3955 
127   0.9138   3.3955 
128   0.9138   3.3955 
129   0.9138   3.3955 
130   0.9138   3.3955 
131   0.9138   3.3955 
132   0.9138   3.3955 
133   0.8835   3.3955 
134   0.8835   3.3955 
135   0.7900   3.3955 
136   0.7900   3.3955 
137   0.7900   3.3955 
138   0.7900   3.3955 
139   0.7900   3.3955 
140   0.7900   3.3955 
141   0.7900   3.3955 
142   0.7900   3.3955 
143   0.7900   3.3955 
144   0.7856   3.3955 
145   0.7856   3.3955 
146   0.7856   3.3955 
147   0.7856   3.3955 
148   0.7856   3.3955 
149   0.7856   3.3955 
150   0.7856   3.3955 
151   0.7856   3.3955 
152   0.7856   3.3955 
153   0.7856   3.3955 
154   0.7856   3.3955 
155   0.7856   3.3955 
156   0.7856   3.3955 
157   0.7856   3.3955 
158   0.7856   3.3955 
159   0.7856   3.3955 
160   0.7856   3.3955 
161   0.7856   3.3955 
162   0.7856   3.3955 
163   0.7856   3.3955 
164   0.7856   3.3955 
165   0.7856   3.3955 
166   0.7856   3.3955 
167   0.7856   3.3955 
168   0.7856   3.3955 
169   0.7856   3.3955 
170   0.7856   3.3955 
171   0.7856   3.3955 
172   0.7856   3.3955 
173   0.7856   3.3955 
174   0.7856   3.3955 
175   0.7856   3.3955 
176   0.7856   3.3955 
177   0.7856   3.3955 
178   0.7856   3.3955 
179   0.7856   3.3955 
180   0.7856   3.3955 
181   0.7856   3.3955 
182   0.7856   3.3955 
183   0.7856   3.3955 
184   0.7856   3.3955 
185   0.7856   3.3955 
186   0.7856   3.3955 
187   0.7856   3.3955 
188   0.7856   3.3955 
189   0.7856   3.3955 
190   0.7856   3.3955 
191   0.7856   3.3955 
192   0.7856   3.3955 
193   0.6609   3.3634 
194   0.6609   3.3634 
195   0.6609   3.3634 
196   0.6609   3.3634 
197   0.6609   3.3634 
198   0.6609   3.3634 
199   0.6609   3.3634 
200   0.6609   3.3634 
201   0.6609   3.3634 
202   0.6609   3.3634 
203   0.6609   3.3634 
204   0.6609   3.3634 
205   0.5758   3.2967 
206   0.5758   3.2967 
207   0.5703   3.2733 
208   0.5703   3.2733 
209   0.5703   3.2733 
210   0.5703   3.2733 
211   0.5703   3.2733 
212   0.5703   3.2733 
213   0.5703   3.2733 
214   0.5703   3.2733 
215   0.5703   3.2733 
216   0.5703   3.2733 
217   0.5703   3.2733 
218   0.5703   3.2733 
219   0.5703   3.2733 
220   0.5703   3.2733 
221   0.5703   3.2733 
222   0.5703   3.2733 
223   0.5703   3.2733 
224   0.5703   3.2733 
225   0.5703   3.2733 
226   0.5703   3.2733 
227   0.5703   3.2733 
228   0.5703   3.2733 
229   0.5703   3.2733 
230   0.5703   3.2733 
231   0.5703   3.2733 
232   0.5703   3.2733 
233   0.5703   3.2733 
234   0.5703   3.2733 
235   0.5703   3.2733 
236   0.5703   3.2733 
237   0.5703   3.2733 
238   0.5703   3.2733 
239   0.5703   3.2733 
240   0.5703   3.2733 
241   0.5703   3.2733 
242   0.5703   3.2733 
243   0.5703   3.2733 
244   0.5703   3.2733 
245   0.5703   3.2733 
246   0.5703   3.2733 
247   0.5703   3.2733 
248   0.5703   3.2733 
249   0.5703   3.2733 
250   0.5703   3.2733 
251   0.5703   3.2733 
252   0.5703   3.2733 
253   0.5703   3.2733 
254   0.5703   3.2733 
255   0.5703   3.2733 
256   0.5703   3.2733 
257   0.5703   3.2733 
258   0.5703   3.2733 
259   0.5703   3.2733 
260   0.5703   3.2733 
261   0.5703   3.2733 
262   0.5703   3.2733 
263   0.5703   3.2733 
264   0.5703   3.2733 
265   0.5703   3.2733 
266   0.5703   3.2733 
267   0.5703   3.2733 
268   0.5703   3.2733 
269   0.5703   3.2733 
270   0.5703   3.2733 
271   0.5703   3.2733 
272   0.5703   3.2733 
273   0.5703   3.2733 
274   0.5703   3.2733 
275   0.5703   3.2733 
276   0.5703   3.2733 
277   0.5703   3.2733 
278   0.5703   3.2733 
279   0.5703   3.2733 
280   0.5703   3.2733 
281   0.5703   3.2733 
282   0.5703   3.2733 
283   0.5703   3.2733 
284   0.5703   3.2733 
285   0.5703   3.2733 
286   0.5703   3.2733 
287   0.5703   3.2733 
288   0.5703   3.2733 
289   0.5703   3.2733 
290   0.5703   3.2733 
291   0.5703   3.2733 
292   0.5703   3.2733 
293   0.5703   3.2733 
294   0.5703   3.2733 
295   0.5703   3.2733 
296   0.5703   3.2733 
297   0.5703   3.2733 
298   0.5703   3.2733 
299   0.5703   3.2733 
300   0.5703   3.2733 
301   0.5703   3.2733 
302   0.5703   3.2733 
303   0.5703   3.2733 
304   0.5703   3.2733 
305   0.5703   3.2733 
306   0.5703   3.2733 
307   0.5703   3.2733 
308   0.5703   3.2733 
309   0.5703   3.2733 
310   0.5703   3.2733 
311   0.5703   3.2733 
312   0.5703   3.2733 
313   0.5703   3.2733 
314   0.5703   3.2733 
315   0.5703   3.2733 
316   0.5703   3.2733 
317   0.5703   3.2733 
318   0.5703   3.2733 
319   0.5703   3.2733 
320   0.5703   3.2733 
321   0.5703   3.2733 
322   0.5703   3.2733 
323   0.5703   3.2733 
324   0.5703   3.2733 
325   0.5703   3.2733 
326   0.5703   3.2733 
327   0.5703   3.2733 
328   0.5703   3.2733 
329   0.5703   3.2733 
330   0.5703   3.2733 
331   0.5703   3.2733 
332   0.5703   3.2733 
333   0.5703   3.2733 
334   0.5703   3.2733 
335   0.5703   3.2733 
336   0.5703   3.2733 
337   0.5703   3.2733 
338   0.5703   3.2733 
339   0.5703   3.2733 
340   0.5703   3.2733 
341   0.5703   3.2733 
342   0.5703   3.2733 
343   0.5703   3.2733 
344   0.5703   3.2733 
345   0.5703   3.2733 
346   0.5703   3.2733 
347   0.5703   3.2733 
348   0.5703   3.2733 
349   0.5703   3.0877 
350   0.5703   3.0877 
351   0.5703   3.0877 
352   0.5482   3.0877 
353   0.5482   3.0877 
354   0.5482   3.0877 
355   0.5482   3.0877 
356   0.5482   3.0877 
357   0.5482   3.0877 
358   0.5482   3.1496 
359   0.5482   3.1496 
360   0.5482   3.1496 
361   0.5482   3.1496 
362   0.5482   3.1496 
363   0.5482   3.1496 
364   0.5482   3.1496 
365   0.5482   3.1496 
366   0.5482   3.1496 
367   0.5482   3.1496 
368   0.5482   3.1496 
369   0.5482   3.1496 
370   0.5482   3.1496 
371   0.5482   3.1496 
372   0.5482   3.1496 
373   0.5482   3.1496 
374   0.5482   3.1496 
375   0.5482   3.1496 
376   0.5482   3.1496 
377   0.5482   3.1496 
378   0.5482   3.1496 
379   0.5482   3.1496 
380   0.5482   3.1496 
381   0.5482   3.1496 
382   0.5482   3.1496 
383   0.5482   3.1496 
384   0.5482   3.1496 
385   0.5482   3.1496 
386   0.5482   3.1496 
387   0.5482   3.1496 
388   0.5482   3.1496 
389   0.5482   3.1496 
390   0.5482   3.1496 
391   0.5482   3.1496 
392   0.5482   3.1496 
393   0.5482   3.1496 
394   0.5482   3.1496 
395   0.5482   3.1496 
396   0.5482   3.1496 
397   0.5482   3.1496 
398   0.5482   3.1496 
399   0.5482   3.1496 
400   0.5482   3.1496 
401   0.5482   3.1496 
402   0.5482   3.1496 
403   0.5482   3.1496 
404   0.5482   3.1496 
405   0.5482   3.1496 
406   0.5482   3.1496 
407   0.5482   3.1496 
408   0.5482   3.1496 
409   0.5482   3.1496 
410   0.5482   3.1496 
411   0.5482   3.1496 
412   0.5482   3.1496 
413   0.5482   3.1496 
414   0.5482   3.1496 
415   0.5482   3.1496 
416   0.5482   3.1496 
417   0.5482   3.1496 
418   0.5482   3.1496 
419   0.5482   3.1496 
420   0.5482   3.1496 
421   0.5482   3.1496 
422   0.5482   3.1496 
423   0.5482   3.1496 
424   0.5482   3.1496 
425   0.5482   3.1496 
426   0.5482   3.1496 
427   0.5482   3.1496 
428   0.5482   3.1496 
429   0.5482   3.1496 
430   0.5482   3.1496 
431   0.5482   3.1496 
432   0.5482   3.0139 
433   0.5482   2.9876 
434   0.5482   2.9876 
435   0.5482   2.9876 
436   0.5482   2.9876 
437   0.5482   2.9876 
438   0.5482   2.9876 
439   0.5482   2.9876 
440   0.5482   2.9876 
441   0.5482   2.9876 
442   0.5482   2.9876 
443   0.5482   2.9876 
444   0.5482   2.9876 
445   0.5482   2.9876 
446   0.5482   2.9876 
447   0.5482   2.9876 
448   0.5482   2.9876 
449   0.5482   2.9876 
450   0.5482   2.9876 
451   0.5482   2.9876 
452   0.5482   2.9876 
453   0.5482   2.9876 
454   0.5482   2.9876 
455   0.5482   2.9876 
456   0.5482   2.9876 
457   0.5482   2.9876 
458   0.5482   2.9876 
459   0.5482   2.9876 
460   0.5482   2.9876 
461   0.5482   2.9876 
462   0.5482   2.9876 
463   0.5482   2.9876 
464   0.5482   2.9876 
465   0.5482   2.9876 
466   0.5482   2.9876 
467   0.5482   2.9876 
468   0.5482   2.9876 
469   0.5482   2.9876 
470   0.5482   2.9876 
471   0.5482   2.9876 
472   0.5482   2.9876 
473   0.5482   2.9876 
474   0.5482   2.9876 
475   0.5482   2.9876 
476   0.5482   2.9876 
477   0.5482   2.9876 
478   0.5482   2.9876 
479   0.5482   2.9876 
480   0.5482   2.9876 
481   0.5482   2.9876 
482   0.5482   2.9876 
483   0.5482   2.9876 
484   0.5482   2.9876 
485   0.5482   2.9876 
486   0.5432   2.9876 
487   0.5432   2.9876 
488   0.5432   2.9876 
489   0.5432   2.9876 
490   0.5432   2.9876 
491   0.5432   2.9876 
492   0.5432   2.9876 
493   0.5432   2.9876 
494   0.5428   2.9876 
495   0.5428   2.9876 
496   0.5428   2.9876 
497   0.5428   2.9876 
498   0.5428   2.9876 
499   0.5428   2.9876 
500   0.5428   2.9876 
501   0.5428   2.9876 
502   0.5428   2.9876 
503   0.5428   2.9876 
504   0.5428   2.9876 
505   0.5428   2.9876 
506   0.5428   2.9876 
507   0.5428   2.9876 
508   0.5428   2.9876 
509   0.5428   2.9876 
510   0.5428   2.9876 
511   0.5428   2.9876 
512   0.5428   2.9876 
513   0.5428   2.9876 
514   0.5428   2.9876 
515   0.5428   2.9876 
516   0.5428   2.9876 
517   0.5428   2.9876 
518   0.5428   2.9876 
519   0.5428   2.9876 
520   0.5428   2.9876 
521   0.5428   2.9876 
522   0.5428   2.9876 
523   0.5428   2.9876 
524   0.5428   2.9876 
525   0.5428   2.9876 
526   0.5428   2.9876 
527   0.5428   2.9876 
528   0.5428   2.9876 
529   0.5428   2.9876 
530   0.5428   2.9876 
531   0.5428   2.9876 
532   0.5428   2.9876 
533   0.5428   2.9876 
534   0.5428   2.9876 
535   0.5428   2.9876 
536   0.5428   2.9876 
537   0.5428   2.9876 
538   0.5428   2.9876 
539   0.5428   2.9876 
540   0.5428   2.9876 
541   0.5428   2.9876 
542   0.5428   2.9876 
543   0.5428   2.9876 
544   0.5428   2.9876 
545   0.5428   3.0562 
546   0.5428   3.0562 
547   0.5428   3.0562 
548   0.5428   3.0562 
549   0.5428   3.0562 
550   0.5414   3.1263 
551   0.5414   3.1263 
552   0.5414   3.1263 
553   0.5414   3.1263 
554   0.5414   3.1263 
555   0.5414   3.1263 
556   0.5414   3.1263 
557   0.5414   3.1263 
558   0.5414   3.1263 
559   0.5414   3.1263 
560   0.5414   3.1263 
561   0.5414   3.1263 
562   0.5414   3.1263 
563   0.5414   3.1263 
564   0.5414   3.1263 
565   0.5414   3.1263 
566   0.5414   3.1263 
567   0.5414   3.1263 
568   0.5414   3.1263 
569   0.5414   3.1263 
570   0.5414   3.1263 
571   0.5414   3.1263 
572   0.5414   3.1263 
573   0.5414   3.1263 
574   0.5414   3.1263 
575   0.5414   3.1263 
576   0.5414   3.1263 
577   0.5414   3.1263 
578   0.5414   3.1263 
579   0.5414   3.1263 
580   0.5414   3.1263 
581   0.5414   3.1263 
582   0.5414   3.1263 
583   0.5414   3.1263 
584   0.5414   3.1263 
585   0.5414   3.1263 
586   0.5414   3.1263 
587   0.5414   3.1263 
588   0.5414   3.1263 
589   0.5414   3.1263 
590   0.5414   3.1263 
591   0.5414   3.1263 
592   0.5414   3.1263 
593   0.5414   3.1263 
594   0.5414   3.1263 
595   0.5414   3.1263 
596   0.5414   3.1263 
597   0.5414   3.1263 
598   0.5414   3.1263 
599   0.5414   3.1263 
600   0.5414   3.1263 
601   0.5414   3.1263 
602   0.5414   3.1263 
603   0.5414   3.1263 
604   0.5414   3.1263 
605   0.5414   3.1263 
606   0.5414   3.1263 
607   0.5414   3.1263 
608   0.5414   3.1263 
609   0.5414   3.1263 
610   0.5414   3.1263 
611   0.5414   3.1263 
612   0.5414   3.1263 
613   0.5414   3.1263 
614   0.5414   3.1263 
615   0.5414   3.1263 
616   0.5414   3.1263 
617   0.5414   3.1263 
618   0.5414   3.1263 
619   0.5414   3.1263 
620   0.5414   3.1263 
621   0.5414   3.1263 
622   0.5414   3.1263 
623   0.5414   3.1263 
624   0.5414   3.1263 
625   0.5414   3.1263 
626   0.5414   3.1263 
627   0.5414   3.1263 
628   0.5414   3.1263 
629   0.5414   3.1263 
630   0.5414   3.1263 
631   0.5414   3.1263 
632   0.5414   3.1263 
633   0.5414   3.1263 
634   0.5414   3.1263 
635   0.5414   3.1263 
636   0.5414   3.1263 
637   0.5414   3.1263 
638   0.5414   3.1263 
639   0.5414   3.1263 
640   0.5414   3.1263 
641   0.5414   3.1263 
642   0.5414   3.1263 
643   0.5414   3.1263 
644   0.5414   3.1263 
645   0.5414   3.1263 
646   0.5414   3.1263 
647   0.5414   3.1263 
648   0.5414   3.1263 
649   0.5414   3.1263 
650   0.5414   3.1263 
651   0.5414   3.1263 
652   0.5414   3.1263 
653   0.5414   3.1263 
654   0.5414   3.1263 
655   0.5414   3.1263 
656   0.5414   3.1263 
657   0.5414   3.1263 
658   0.5414   3.1263 
659   0.5414   3.1263 
660   0.5414   3.1263 
661   0.5414   3.1263 
662   0.5414   3.1263 
663   0.5414   3.1263 
664   0.5414   3.1263 
665   0.5414   3.1263 
666   0.5414   3.1263 
667   0.5414   3.1263 
668   0.5414   3.1263 
669   0.5414   3.1263 
670   0.5414   3.1263 
671   0.5414   3.1263 
672   0.5414   3.1263 
673   0.5414   3.1263 
674   0.5414   3.1263 
675   0.5414   3.1263 
676   0.5328   3.1263 
677   0.5328   3.1263 
678   0.5328   3.1263 
679   0.5328   3.1263 
680   0.5328   3.1263 
681   0.5328   3.1263 
682   0.5328   3.1263 
683   0.5328   3.1263 
684   0.5328   3.1263 
685   0.5328   3.1263 
686   0.5328   3.1263 
687   0.5328   3.1263 
688   0.5328   3.1263 
689   0.5328   3.1263 
690   0.5328   3.1263 
691   0.5328   3.1263 
692   0.5328   3.1263 
693   0.5328   3.1263 
694   0.5328   3.1263 
695   0.5328   3.1263 
696   0.5328   3.1263 
697   0.5328   3.1263 
698   0.5328   3.1263 
699   0.5328   3.1263 
700   0.5328   3.1263 
701   0.5328   3.1263 
702   0.5328   3.1263 
703   0.5328   3.1263 
704   0.5328   3.1263 
705   0.5328   3.1263 
706   0.5328   3.1263 
707   0.5328   3.1263 
708   0.5328   3.1263 
709   0.5328   3.1263 
710   0.5328   3.1263 
711   0.5328   3.1263 
712   0.5328   3.1263 
713   0.5328   3.1263 
714   0.5328   3.1263 
715   0.5328   3.1263 
716   0.5328   3.1263 
717   0.5328   3.1263 
718   0.5328   3.1263 
719   0.5328   3.1263 
720   0.5328   3.1263 
721   0.5328   3.1263 
722   0.5328   3.1263 
723   0.5328   3.1263 
724   0.5328   3.1263 
725   0.5328   3.1263 
726   0.5328   3.1263 
727   0.5328   3.1263 
728   0.5328   3.1263 
729   0.5328   3.1263 
730   0.5328   3.1263 
731   0.5328   3.1263 
732   0.5328   3.1263 
733   0.5328   3.1263 
734   0.5328   3.1263 
735   0.5328   3.1263 
736   0.5328   3.1263 
737   0.5328   3.1263 
738   0.5328   3.1263 
739   0.5328   3.1263 
740   0.5328   3.1263 
741   0.5328   3.1263 
742   0.5328   3.1263 
743   0.5328   3.1263 
744   0.5328   3.1263 
745   0.5328   3.1263 
746   0.5328   3.1263 
747   0.5328   3.1263 
748   0.5328   3.1263 
749   0.5328   3.1263 
750   0.5328   3.1263 
751   0.5328   3.1263 
752   0.5328   3.1263 
753   0.5328   3.1263 
754   0.5328   3.1263 
755   0.5328   3.1263 
756   0.5328   3.1263 
757   0.5328   3.1263 
758   0.5328   3.1263 
759   0.5328   3.1263 
760   0.5328   3.1263 
761   0.5328   3.1263 
762   0.5328   3.1263 
763   0.5328   3.1263 
764   0.5328   3.1263 
765   0.5328   3.1263 
766   0.5328   3.1263 
767   0.5328   3.1263 
768   0.5328   3.1263 
769   0.5328   3.1263 
770   0.5328   3.1263 
771   0.5328   3.1263 
772   0.5328   3.1263 
773   0.5328   3.1263 
774   0.5328   3.1263 
775   0.5328   3.1263 
776   0.5328   3.1263 
777   0.5328   3.1263 
778   0.5328   3.1263 
779   0.5328   3.1263 
780   0.5328   3.1263 
781   0.5328   3.1263 
782   0.5328   3.1263 
783   0.5328   3.1263 
784   0.5328   3.1263 
785   0.5328   3.1263 
786   0.5328   3.1263 
787   0.5328   3.1263 
788   0.5328   3.1263 
789   0.5328   3.1263 
790   0.5328   3.1263 
791   0.5328   3.1263 
792   0.5328   3.1263 
793   0.5328   3.1263 
794   0.5328   3.1263 
795   0.5328   3.1263 
796   0.5328   3.1263 
797   0.5328   3.1263 
798   0.5328   3.1263 
799   0.5328   3.1263 
800   0.5328   3.1263 
801   0.5328   3.1263 
802   0.5328   3.1263 
803   0.5328   3.1263 
804   0.5328   3.1263 
805   0.5328   3.1263 
806   0.5328   3.1263 
807   0.5328   3.1263 
808   0.5328   3.1263 
809   0.5328   3.1263 
810   0.5328   3.1263 
811   0.5328   3.1263 
812   0.5328   3.1263 
813   0.5328   3.1263 
814   0.5328   3.1263 
815   0.5328   3.1263 
816   0.5328   3.1263 
817   0.5328   3.1263 
818   0.5328   3.1263 
819   0.5328   3.1263 
820   0.5328   3.1263 
821   0.5328   3.1263 
822   0.5328   3.1263 
823   0.5328   3.1263 
824   0.5328   3.1263 
825   0.5328   3.1263 
826   0.5328   3.1263 
827   0.5328   3.1263 
828   0.5328   3.1263 
829   0.5328   3.1263 
830   0.5328   3.1263 
831   0.5328   3.1263 
832   0.5328   3.1263 
833   0.5328   3.1263 
834   0.5328   3.1263 
835   0.5328   3.1263 
836   0.5328   3.1263 
837   0.5328   3.1263 
838   0.5328   3.1263 
839   0.5328   3.1263 
840   0.5328   3.1263 
841   0.5328   3.1263 
842   0.5328   3.1263 
843   0.5328   3.1263 
844   0.5328   3.1263 
845   0.5328   3.1263 
846   0.5328   3.1263 
847   0.5328   3.1263 
848   0.5328   3.1263 
849   0.5328   3.1263 
850   0.5328   3.1263 
851   0.5328   3.1263 
852   0.5328   3.1263 
853   0.5328   3.1263 
854   0.5328   3.1263 
855   0.5328   3.1263 
856   0.5328   3.1263 
857   0.5328   3.1263 
858   0.5328   3.1263 
859   0.5328   3.1263 
860   0.5328   3.1263 
861   0.5328   3.1263 
862   0.5328   3.1263 
863   0.5328   3.1263 
864   0.5328   3.1263 
865   0.5328   3.1263 
866   0.5328   3.1263 
867   0.5328   3.1263 
868   0.5328   3.1263 
869   0.5328   3.1263 
870   0.5328   3.1263 
871   0.5328   3.1263 
872   0.5279   3.0763 
873   0.5279   3.0763 
874   0.5279   3.0763 
875   0.5279   3.0763 
876   0.5279   3.0763 
877   0.5279   3.0763 
878   0.5279   3.0763 
879   0.5279   3.0763 
880   0.5279   3.0763 
881   0.5279   3.0763 
882   0.5279   3.0763 
883   0.5279   3.0763 
884   0.5279   3.0763 
885   0.5279   3.0763 
886   0.5279   3.0763 
887   0.5279   3.0763 
888   0.5279   3.0763 
889   0.5279   3.0763 
890   0.5279   3.0763 
891   0.5279   3.0763 
892   0.5279   3.0763 
893   0.5279   3.0763 
894   0.5279   3.0763 
895   0.5279   3.0763 
896   0.5279   3.0763 
897   0.5279   3.0763 
898   0.5279   3.0763 
899   0.5279   3.0763 
900   0.5279   3.0763 
901   0.5279   3.0763 
902   0.5279   3.0763 
903   0.5279   3.0763 
904   0.5279   3.0763 
905   0.5279   3.0763 
906   0.5279   3.0763 
907   0.5279   3.0763 
908   0.5279   3.0763 
909   0.5279   3.0763 
910   0.5279   3.0763 
911   0.5279   3.0763 
912   0.5279   3.0763 
913   0.5279   3.0763 
914   0.5279   3.0763 
915   0.5279   3.0763 
916   0.5279   3.0763 
917   0.5279   3.0763 
918   0.5279   3.0763 
919   0.5279   3.0763 
920   0.5279   3.0763 
921   0.5279   3.0763 
922   0.5279   3.0763 
923   0.5279   3.0763 
924   0.5279   3.0763 
925   0.5279   3.0763 
926   0.5279   3.0763 
927   0.5279   3.0763 
928   0.5279   3.0763 
929   0.5279   3.0763 
930   0.5279   3.0763 
931   0.5279   3.0763 
932   0.5279   3.0763 
933   0.5279   3.0763 
934   0.5279   3.0763 
935   0.5279   3.0763 
936   0.5279   3.0763 
937   0.5279   3.0763 
938   0.5279   3.0763 
939   0.5279   3.0763 
940   0.5279   3.0763 
941   0.5279   3.0763 
942   0.5279   3.0763 
943   0.5279   3.0763 
944   0.5279   3.0763 
945   0.5279   3.0763 
946   0.5279   3.0763 
947   0.5279   3.0763 
948   0.5279   3.0763 
949   0.5279   3.0763 
950   0.5279   3.0763 
951   0.5279   3.0763 
952   0.5279   3.0763 
953   0.5279   3.0763 
954   0.5279   3.0763 
955   0.5279   3.0763 
956   0.5279   3.0763 
957   0.5279   3.0763 
958   0.5279   3.0763 
959   0.5279   3.0763 
960   0.5279   3.0763 
961   0.5279   3.0763 
962   0.5279   3.0763 
963   0.5279   3.0763 
964   0.5279   3.0763 
965   0.5279   3.0763 
966   0.5279   3.0763 
967   0.5279   3.0763 
968   0.5279   3.0763 
969   0.5279   3.0763 
970   0.5279   3.0763 
971   0.5279   3.0763 
972   0.5279   3.0763 
973   0.5279   3.0763 
974   0.5279   3.0763 
975   0.5279   3.0763 
976   0.5279   3.0763 
977   0.5279   3.0763 
978   0.5279   3.0763 
979   0.5279   3.0763 
980   0.5279   3.0763 
981   0.5279   3.0763 
982   0.5279   3.0763 
983   0.5279   3.0763 
984   0.5279   3.0763 
985   0.5279   3.0763 
986   0.5279   3.0763 
987   0.5279   3.0763 
988   0.5279   3.0763 
989   0.5279   3.0763 
990   0.5279   3.0763 
991   0.5279   3.0763 
992   0.5279   3.0763 
993   0.5279   3.0763 
994   0.5279   3.0763 
995   0.5279   3.0763 
996   0.5279   3.0763 
997   0.5279   3.0763 
998   0.5279   3.0763 
999   0.5279   3.0763 
1000   0.5279   3.0763 
1001   0.5279   3.0763 
1002   0.5279   3.0763 
1003   0.5279   3.0763 
1004   0.5279   3.0763 
1005   0.5279   3.0763 
1006   0.5279   3.0763 
1007   0.5279   3.0763 
1008   0.5279   3.0763 
1009   0.5279   3.0763 
1010   0.5160   3.1694 
1011   0.5160   3.1694 
1012   0.5160   3.1694 
1013   0.5160   3.1694 
1014   0.5160   3.1694 
1015   0.5160   3.1694 
1016   0.5160   3.1694 
1017   0.5160   3.1694 
1018   0.5160   3.1694 
1019   0.5160   3.1694 
1020   0.5160   3.1694 
1021   0.5160   3.1694 
1022   0.5160   3.1694 
1023   0.5160   3.1694 
1024   0.5160   3.1694 
1025   0.5160   3.1694 
1026   0.5160   3.1694 
1027   0.5160   3.1694 
1028   0.5160   3.1694 
1029   0.5160   3.1694 
1030   0.5160   3.1694 
1031   0.5160   3.1694 
1032   0.5160   3.1694 
1033   0.5160   3.1694 
1034   0.5160   3.1694 
1035   0.5160   3.1694 
1036   0.5160   3.1694 
1037   0.5160   3.1694 
1038   0.5160   3.1694 
1039   0.5160   3.1694 
1040   0.5160   3.1694 
1041   0.5160   3.1694 
1042   0.5160   3.1694 
1043   0.5160   3.1694 
1044   0.5160   3.1694 
1045   0.5160   3.1694 
1046   0.5160   3.1694 
1047   0.5160   3.1694 
1048   0.5160   3.1694 
1049   0.5160   3.1694 
1050   0.5160   3.1694 
1051   0.5160   3.1694 
1052   0.5160   3.1694 
1053   0.5160   3.1694 
1054   0.5160   3.1694 
1055   0.5160   3.1694 
1056   0.5160   3.1694 
1057   0.5160   3.1694 
1058   0.5160   3.1694 
1059   0.5160   3.1694 
1060   0.5160   3.1694 
1061   0.5160   3.1694 
1062   0.5160   3.1694 
1063   0.5160   3.1694 
1064   0.5160   3.1694 
1065   0.5160   3.1694 
1066   0.5160   3.1694 
1067   0.5160   3.1694 
1068   0.5160   3.1694 
1069   0.5160   3.1694 
1070   0.5160   3.1694 
1071   0.5160   3.1694 
1072   0.5160   3.1694 
1073   0.5160   3.1694 
1074   0.5160   3.1694 
1075   0.5160   3.1694 
1076   0.5160   3.1694 
1077   0.5160   3.1694 
1078   0.5160   3.1694 
1079   0.5160   3.1694 
1080   0.5160   3.1694 
1081   0.5160   3.1694 
1082   0.5160   3.1694 
1083   0.5160   3.1694 
1084   0.5160   3.1694 
1085   0.5160   3.1694 
1086   0.5160   3.1694 
1087   0.5160   3.1694 
1088   0.5160   3.1694 
1089   0.5160   3.1694 
1090   0.5160   3.1694 
1091   0.5160   3.1694 
1092   0.5160   3.1694 
1093   0.5160   3.1694 
1094   0.5160   3.1694 
1095   0.5160   3.1694 
1096   0.5160   3.1694 
1097   0.5160   3.1694 
1098   0.5160   3.1694 
1099   0.5160   3.1694 
1100   0.5160   3.1694 
1101   0.5160   3.1694 
1102   0.5160   3.1694 
1103   0.5160   3.1694 
1104   0.5160   3.1694 
1105   0.5160   3.1694 
1106   0.5160   3.1694 
1107   0.5160   3.1694 
1108   0.5160   3.1694 
1109   0.5160   3.1694 
1110   0.5160   3.1694 
1111   0.5160   3.1694 
1112   0.5160   3.1694 
1113   0.5160   3.1694 
1114   0.5160   3.1694 
1115   0.5160   3.1694 
1116   0.5160   3.1694 
1117   0.5160   3.1694 
1118   0.5160   3.1694 
1119   0.5160   3.1694 
1120   0.5160   3.1694 
1121   0.5160   3.1694 
1122   0.5160   3.1694 
1123   0.5160   3.1694 
1124   0.5160   3.1694 
1125   0.5160   3.1694 
1126   0.5160   3.1694 
1127   0.5160   3.1694 
1128   0.5160   3.1694 
1129   0.5160   3.1694 
1130   0.5160   3.1694 
1131   0.5160   3.1694 
1132   0.5160   3.1694 
1133   0.5160   3.1694 
1134   0.5160   3.1694 
1135   0.5160   3.1694 
1136   0.5160   3.1694 
1137   0.5160   3.1694 
1138   0.5160   3.1694 
1139   0.5160   3.1694 
1140   0.5160   3.1694 
1141   0.5160   3.1694 
1142   0.5160   3.1694 
1143   0.5160   3.1694 
1144   0.5160   3.1694 
1145   0.5160   3.1694 
1146   0.5160   3.1694 
1147   0.5160   3.1694 
1148   0.5160   3.1694 
1149   0.5160   3.1694 
1150   0.5160   3.1694 
1151   0.5160   3.1694 
1152   0.5160   3.1694 
1153   0.5160   3.1694 
1154   0.5160   3.1694 
1155   0.5160   3.1694 
1156   0.5160   3.1694 
1157   0.5160   3.1694 
1158   0.5160   3.1694 
1159   0.5160   3.1694 
1160   0.5160   3.1694 
1161   0.5160   3.1694 
1162   0.5160   3.1694 
1163   0.5160   3.1694 
1164   0.5160   3.1694 
1165   0.5160   3.1694 
1166   0.5160   3.1694 
1167   0.5160   3.1694 
1168   0.5160   3.1694 
1169   0.5160   3.1694 
1170   0.5160   3.1694 
1171   0.5160   3.1694 
1172   0.5160   3.1694 
1173   0.5160   3.1694 
1174   0.5160   3.1694 
1175   0.5160   3.1694 
1176   0.5160   3.1694 
1177   0.5160   3.1694 
1178   0.5160   3.1694 
1179   0.5160   3.1694 
1180   0.5160   3.1694 
1181   0.5160   3.1694 
1182   0.5160   3.1694 
1183   0.5160   3.1694 
1184   0.5160   3.1694 
1185   0.5160   3.1694 
1186   0.5160   3.1694 
1187   0.5160   3.1694 
1188   0.5160   3.1694 
1189   0.5160   3.1694 
1190   0.5160   3.1694 
1191   0.5160   3.1694 
1192   0.5160   3.1694 
1193   0.5160   3.1694 
1194   0.5160   3.1694 
1195   0.5160   3.1694 
1196   0.5160   3.1694 
1197   0.5160   3.1694 
1198   0.5160   3.1694 
1199   0.5160   3.1694 
1200   0.5160   3.1694 
1201   0.5160   3.1694 
1202   0.5160   3.1694 
1203   0.5160   3.1694 
1204   0.5160   3.1694 
1205   0.5160   3.1694 
1206   0.5076   3.1694 
1207   0.5076   3.1694 
1208   0.5076   3.1694 
1209   0.5076   3.1694 
1210   0.5076   3.1694 
1211   0.5076   3.1694 
1212   0.5076   3.1694 
1213   0.5076   3.1694 
1214   0.5076   3.1694 
1215   0.5076   3.1694 
1216   0.5076   3.1694 
1217   0.5076   3.1694 
1218   0.5076   3.1694 
1219   0.5076   3.1694 
1220   0.5076   3.1694 
1221   0.5076   3.1694 
1222   0.5076   3.1694 
1223   0.5076   3.1694 
1224   0.5076   3.1694 
1225   0.5076   3.1694 
1226   0.5076   3.1694 
1227   0.5076   3.1694 
1228   0.5076   3.1694 
1229   0.5076   3.1694 
1230   0.5076   3.1694 
1231   0.5076   3.1694 
1232   0.5076   3.1694 
1233   0.5076   3.1694 
1234   0.5076   3.1694 
1235   0.5076   3.1694 
1236   0.5076   3.1694 
1237   0.5076   3.1694 
1238   0.5076   3.1694 
1239   0.5076   3.1694 
1240   0.5076   3.1694 
1241   0.5076   3.1694 
1242   0.5076   3.1694 
1243   0.5076   3.1694 
1244   0.5076   3.1694 
1245   0.5076   3.1694 
1246   0.5076   3.1694 
1247   0.5076   3.1694 
1248   0.5076   3.1694 
1249   0.5076   3.1694 
1250   0.5076   3.1694 
1251   0.5076   3.1694 
1252   0.5076   3.1694 
1253   0.5076   3.1694 
1254   0.5076   3.1694 
1255   0.5076   3.1694 
1256   0.5076   3.1694 
1257   0.5076   3.1694 
1258   0.5076   3.1694 
1259   0.5076   3.1694 
1260   0.5076   3.1694 
1261   0.5076   3.1694 
1262   0.5076   3.1694 
1263   0.5076   3.1694 
1264   0.5076   3.1694 
1265   0.5076   3.1694 
1266   0.5076   3.1694 
1267   0.5076   3.1694 
1268   0.5076   3.1694 
1269   0.5076   3.1694 
1270   0.5076   3.1694 
1271   0.5076   3.1694 
1272   0.5076   3.1694 
1273   0.5076   3.1694 
1274   0.5076   3.1694 
1275   0.5076   3.1694 
1276   0.5076   3.1694 
1277   0.5076   3.1694 
1278   0.5076   3.1694 
1279   0.5076   3.1694 
1280   0.5076   3.1694 
1281   0.5076   3.1694 
1282   0.5076   3.1694 
1283   0.5076   3.1694 
1284   0.5076   3.1694 
1285   0.5076   3.1694 
1286   0.5076   3.1694 
1287   0.5076   3.1694 
1288   0.5076   3.1694 
1289   0.5076   3.1694 
1290   0.5076   3.1694 
1291   0.5076   3.1694 
1292   0.5076   3.1694 
1293   0.5076   3.1694 
1294   0.5076   3.1694 
1295   0.5076   3.1694 
1296   0.5076   3.1694 
1297   0.5076   3.1694 
1298   0.5076   3.1694 
1299   0.5076   3.1694 
1300   0.5076   3.1694 
1301   0.5076   3.1694 
1302   0.5076   3.1694 
1303   0.5076   3.1694 
1304   0.5076   3.1694 
1305   0.5076   3.1694 
1306   0.5076   3.1694 
1307   0.5076   3.1694 
1308   0.5076   3.1694 
1309   0.5076   3.1694 
1310   0.5076   3.1694 
1311   0.5076   3.1694 
1312   0.5076   3.1694 
1313   0.5076   3.1694 
1314   0.5076   3.1694 
1315   0.5076   3.1694 
1316   0.5076   3.1694 
1317   0.5076   3.1694 
1318   0.5076   3.1694 
1319   0.5076   3.1694 
1320   0.5076   3.1694 
1321   0.5076   3.1694 
1322   0.5076   3.1694 
1323   0.5076   3.1694 
1324   0.5076   3.1694 
1325   0.5076   3.1694 
1326   0.5076   3.1694 
1327   0.5076   3.1694 
1328   0.5076   3.1694 
1329   0.5076   3.1694 
1330   0.5076   3.1694 
1331   0.5076   3.1694 
1332   0.5076   3.1694 
1333   0.5076   3.1694 
1334   0.5076   3.1694 
1335   0.5076   3.1694 
1336   0.5076   3.1694 
1337   0.5076   3.1694 
1338   0.5076   3.1694 
1339   0.5076   3.1694 
1340   0.5076   3.1694 
1341   0.5076   3.1694 
1342   0.5076   3.1694 
1343   0.5076   3.1694 
1344   0.5076   3.1694 
1345   0.5076   3.1694 
1346   0.5076   3.1694 
1347   0.5076   3.1203 
1348   0.5076   3.1203 
1349   0.5076   3.1203 
1350   0.5076   3.1203 
1351   0.5076   3.1203 
1352   0.5076   3.1203 
1353   0.5076   3.1203 
1354   0.5076   3.1203 
1355   0.5076   3.1203 
1356   0.5076   3.1203 
1357   0.5076   3.1203 
1358   0.5076   3.1203 
1359   0.5076   3.1203 
1360   0.5076   3.1203 
1361   0.5076   3.1203 
1362   0.5076   3.1203 
1363   0.5076   3.1203 
1364   0.5076   3.1203 
1365   0.5076   3.1203 
1366   0.5076   3.1203 
1367   0.5076   3.1203 
1368   0.5076   3.1203 
1369   0.4918   3.1203 
1370   0.4918   3.1203 
1371   0.4918   3.1203 
1372   0.4918   3.1203 
1373   0.4918   3.1203 
1374   0.4918   3.1203 
1375   0.4918   3.1203 
1376   0.4918   3.1203 
1377   0.4918   3.1203 
1378   0.4918   3.1203 
1379   0.4918   3.1203 
1380   0.4918   3.1203 
1381   0.4918   3.1203 
1382   0.4918   3.1203 
1383   0.4918   3.1203 
1384   0.4918   3.1203 
1385   0.4918   3.1203 
1386   0.4918   3.1203 
1387   0.4918   3.1203 
1388   0.4918   3.1203 
1389   0.4918   3.1203 
1390   0.4918   3.1203 
1391   0.4918   3.1203 
1392   0.4918   3.1203 
1393   0.4918   3.1203 
1394   0.4918   3.1203 
1395   0.4918   3.1203 
1396   0.4918   3.1203 
1397   0.4918   3.1203 
1398   0.4918   3.1203 
1399   0.4918   3.1203 
1400   0.4918   3.1203 
1401   0.4918   3.1203 
1402   0.4918   3.1203 
1403   0.4918   3.1203 
1404   0.4918   3.1203 
1405   0.4918   3.1203 
1406   0.4918   3.1203 
1407   0.4918   3.1203 
1408   0.4918   3.1203 
1409   0.4918   3.1203 
1410   0.4918   3.1203 
1411   0.4918   3.1203 
1412   0.4918   3.1203 
1413   0.4918   3.1203 
1414   0.4918   3.1203 
1415   0.4918   3.1203 
1416   0.4918   3.1203 
1417   0.4918   3.1203 
1418   0.4918   3.1203 
1419   0.4918   3.1694 
1420   0.4918   3.1694 
1421   0.4918   3.1694 
1422   0.4918   3.1694 
1423   0.4918   3.1694 
1424   0.4918   3.1694 
1425   0.4918   3.1694 
1426   0.4918   3.1694 
1427   0.4918   3.1694 
1428   0.4918   3.1694 
1429   0.4918   3.1694 
1430   0.4918   3.1694 
1431   0.4918   3.1694 
1432   0.4918   3.1694 
1433   0.4918   3.1694 
1434   0.4918   3.1694 
1435   0.4918   3.1694 
1436   0.4918   3.1694 
1437   0.4918   3.1694 
1438   0.4918   3.1694 
1439   0.4918   3.1694 
1440   0.4918   3.1694 
1441   0.4918   3.1694 
1442   0.4918   3.1694 
1443   0.4918   3.1694 
1444   0.4918   3.1694 
1445   0.4918   3.1694 
1446   0.4918   3.1694 
1447   0.4918   3.1694 
1448   0.4918   3.1694 
1449   0.4918   3.1694 
1450   0.4918   3.1694 
1451   0.4918   3.1694 
1452   0.4918   3.1694 
1453   0.4918   3.1694 
1454   0.4918   3.1694 
1455   0.4918   3.1694 
1456   0.4918   3.1694 
1457   0.4918   3.1694 
1458   0.4918   3.1694 
1459   0.4918   3.1694 
1460   0.4918   3.1694 
1461   0.4918   3.1694 
1462   0.4918   3.1694 
1463   0.4918   3.1694 
1464   0.4918   3.1694 
1465   0.4918   3.1694 
1466   0.4918   3.1694 
1467   0.4918   3.1694 
1468   0.4918   3.1694 
1469   0.4918   3.1694 
1470   0.4918   3.1694 
1471   0.4918   3.1694 
1472   0.4918   3.1694 
1473   0.4918   3.1694 
1474   0.4918   3.1694 
1475   0.4918   3.1694 
1476   0.4918   3.1694 
1477   0.4918   3.1694 
1478   0.4918   3.1694 
1479   0.4918   3.1694 
1480   0.4918   3.1694 
1481   0.4918   3.1694 
1482   0.4918   3.1694 
1483   0.4918   3.1694 
1484   0.4918   3.1694 
1485   0.4918   3.1694 
1486   0.4918   3.1694 
1487   0.4918   3.1694 
1488   0.4918   3.1694 
1489   0.4918   3.1694 
1490   0.4918   3.1694 
1491   0.4918   3.1694 
1492   0.4918   3.1694 
1493   0.4918   3.1694 
1494   0.4918   3.1694 
1495   0.4918   3.1694 
1496   0.4918   3.1694 
1497   0.4918   3.1694 
1498   0.4918   3.1694 
1499   0.4918   3.1694 
1500   0.4918   3.1694 
1501   0.4918   3.1694 
1502   0.4918   3.1694 
1503   0.4918   3.1694 
1504   0.4918   3.1694 
1505   0.4918   3.1694 
1506   0.4918   3.1694 
1507   0.4918   3.1694 
1508   0.4918   3.1694 
1509   0.4918   3.1694 
1510   0.4918   3.1694 
1511   0.4918   3.1694 
1512   0.4918   3.1694 
1513   0.4918   3.1694 
1514   0.4918   3.1694 
1515   0.4918   3.1694 
1516   0.4918   3.1694 
1517   0.4918   3.1694 
1518   0.4918   3.1694 
1519   0.4918   3.1694 
1520   0.4918   3.1694 
1521   0.4918   3.1694 
1522   0.4918   3.1694 
1523   0.4918   3.1694 
1524   0.4918   3.1694 
1525   0.4918   3.1694 
1526   0.4918   3.1694 
1527   0.4918   3.1694 
1528   0.4918   3.1694 
1529   0.4918   3.1694 
1530   0.4918   3.1694 
1531   0.4918   3.1694 
1532   0.4918   3.1694 
1533   0.4918   3.1694 
1534   0.4918   3.1694 
1535   0.4918   3.1694 
1536   0.4918   3.1694 
1537   0.4918   3.1694 
1538   0.4918   3.1694 
1539   0.4918   3.1694 
1540   0.4918   3.1694 
1541   0.4918   3.1694 
1542   0.4918   3.1694 
1543   0.4918   3.1694 
1544   0.4918   3.1694 
1545   0.4918   3.1694 
1546   0.4918   3.1694 
1547   0.4918   3.1694 
1548   0.4918   3.1694 
1549   0.4918   3.1694 
1550   0.4918   3.1694 
1551   0.4918   3.1694 
1552   0.4918   3.1694 
1553   0.4918   3.1694 
1554   0.4918   3.1694 
1555   0.4918   3.1694 
1556   0.4918   3.1694 
1557   0.4918   3.1694 
1558   0.4918   3.1694 
1559   0.4918   3.1694 
1560   0.4918   3.1694 
1561   0.4918   3.1694 
1562   0.4918   3.1694 
1563   0.4918   3.1694 
1564   0.4918   3.1694 
1565   0.4918   3.1694 
1566   0.4918   3.1694 
1567   0.4918   3.1694 
1568   0.4918   3.1694 
1569   0.4918   3.1694 
1570   0.4918   3.1694 
1571   0.4918   3.1694 
1572   0.4918   3.1694 
1573   0.4918   3.1694 
1574   0.4918   3.1694 
1575   0.4918   3.1694 
1576   0.4918   3.1694 
1577   0.4918   3.1694 
1578   0.4918   3.1694 
1579   0.4918   3.1694 
1580   0.4918   3.1694 
1581   0.4918   3.1694 
1582   0.4918   3.1694 
1583   0.4918   3.1694 
1584   0.4918   3.1694 
1585   0.4918   3.1694 
1586   0.4918   3.1694 
1587   0.4918   3.1694 
1588   0.4918   3.1694 
1589   0.4918   3.1694 
1590   0.4918   3.1694 
1591   0.4918   3.1694 
1592   0.4918   3.1694 
1593   0.4918   3.1694 
1594   0.4918   3.1694 
1595   0.4918   3.1694 
1596   0.4918   3.1694 
1597   0.4918   3.1694 
1598   0.4918   3.1694 
1599   0.4918   3.1694 
1600   0.4918   3.1694 
1601   0.4918   3.1694 
1602   0.4918   3.1694 
1603   0.4918   3.1694 
1604   0.4918   3.1694 
1605   0.4918   3.1694 
1606   0.4918   3.1694 
1607   0.4918   3.1694 
1608   0.4918   3.1694 
1609   0.4918   3.1694 
1610   0.4918   3.1694 
1611   0.4918   3.1694 
1612   0.4918   3.1694 
1613   0.4918   3.1694 
1614   0.4918   3.1694 
1615   0.4918   3.1694 
1616   0.4918   3.1694 
1617   0.4918   3.1694 
1618   0.4918   3.1694 
1619   0.4918   3.1694 
1620   0.4918   3.1694 
1621   0.4918   3.1694 
1622   0.4918   3.1694 
1623   0.4918   3.1694 
1624   0.4918   3.1694 
1625   0.4918   3.1694 
1626   0.4918   3.1694 
1627   0.4918   3.1694 
1628   0.4918   3.1694 
1629   0.4918   3.1694 
1630   0.4918   3.1694 
1631   0.4918   3.1694 
1632   0.4918   3.1694 
1633   0.4918   3.1694 
1634   0.4918   3.1694 
1635   0.4918   3.1694 
1636   0.4918   3.1694 
1637   0.4918   3.1694 
1638   0.4918   3.1694 
1639   0.4918   3.1694 
1640   0.4918   3.1694 
1641   0.4918   3.1694 
1642   0.4918   3.1694 
1643   0.4918   3.1694 
1644   0.4918   3.1694 
1645   0.4918   3.1694 
1646   0.4918   3.1694 
1647   0.4918   3.1694 
1648   0.4918   3.1694 
1649   0.4918   3.1694 
1650   0.4918   3.1694 
1651   0.4918   3.1694 
1652   0.4918   3.1694 
1653   0.4918   3.1694 
1654   0.4918   3.1694 
1655   0.4918   3.1694 
1656   0.4918   3.1694 
1657   0.4918   3.1694 
1658   0.4918   3.1694 
1659   0.4918   3.1694 
1660   0.4918   3.1694 
1661   0.4918   3.1694 
1662   0.4918   3.1694 
1663   0.4918   3.1694 
1664   0.4918   3.1694 
1665   0.4918   3.1694 
1666   0.4918   3.1694 
1667   0.4918   3.1694 
1668   0.4918   3.1694 
1669   0.4918   3.1694 
1670   0.4918   3.1694 
1671   0.4918   3.1694 
1672   0.4918   3.1694 
1673   0.4918   3.1694 
1674   0.4918   3.1694 
1675   0.4918   3.1694 
1676   0.4918   3.1694 
1677   0.4918   3.1694 
1678   0.4918   3.1694 
1679   0.4918   3.1694 
1680   0.4918   3.1694 
1681   0.4918   3.1694 
1682   0.4918   3.1694 
1683   0.4918   3.1694 
1684   0.4918   3.1694 
1685   0.4918   3.1694 
1686   0.4918   3.1694 
1687   0.4918   3.1694 
1688   0.4918   3.1694 
1689   0.4918   3.1694 
1690   0.4918   3.1694 
1691   0.4918   3.1694 
1692   0.4918   3.1694 
1693   0.4918   3.1694 
1694   0.4918   3.1694 
1695   0.4918   3.1694 
1696   0.4918   3.1694 
1697   0.4918   3.1694 
1698   0.4918   3.1694 
1699   0.4918   3.1694 
1700   0.4918   3.1694 
1701   0.4918   3.1694 
1702   0.4918   3.1694 
1703   0.4918   3.1694 
1704   0.4918   3.1694 
1705   0.4918   3.1694 
1706   0.4918   3.1694 
1707   0.4918   3.1694 
1708   0.4918   3.1694 
1709   0.4782   3.1694 
1710   0.4782   3.1694 
1711   0.4782   3.1694 
1712   0.4782   3.1694 
1713   0.4782   3.1694 
1714   0.4782   3.1694 
1715   0.4778   3.1694 
1716   0.4778   3.1694 
1717   0.4778   3.1694 
1718   0.4778   3.1694 
1719   0.4778   3.1694 
1720   0.4778   3.1694 
1721   0.4778   3.1694 
1722   0.4778   3.1694 
1723   0.4778   3.1694 
1724   0.4778   3.1694 
1725   0.4778   3.1694 
1726   0.4778   3.1694 
1727   0.4778   3.1694 
1728   0.4778   3.1694 
1729   0.4778   3.1694 
1730   0.4778   3.1694 
1731   0.4778   3.1694 
1732   0.4778   3.1694 
1733   0.4778   3.1694 
1734   0.4778   3.1694 
1735   0.4778   3.1694 
1736   0.4778   3.1694 
1737   0.4778   3.1694 
1738   0.4778   3.1694 
1739   0.4778   3.1694 
1740   0.4778   3.1694 
1741   0.4778   3.1694 
1742   0.4778   3.1694 
1743   0.4778   3.1694 
1744   0.4778   3.1694 
1745   0.4778   3.1694 
1746   0.4778   3.1694 
1747   0.4778   3.1694 
1748   0.4778   3.1694 
1749   0.4778   3.1694 
1750   0.4778   3.1694 
1751   0.4778   3.1694 
1752   0.4778   3.1694 
1753   0.4778   3.1694 
1754   0.4778   3.1694 
1755   0.4778   3.1694 
1756   0.4778   3.1694 
1757   0.4778   3.1694 
1758   0.4778   3.1694 
1759   0.4778   3.1694 
1760   0.4778   3.1694 
1761   0.4778   3.1694 
1762   0.4778   3.1694 
1763   0.4778   3.1694 
1764   0.4778   3.1694 
1765   0.4778   3.1694 
1766   0.4778   3.1694 
1767   0.4778   3.1694 
1768   0.4778   3.1694 
1769   0.4778   3.1694 
1770   0.4778   3.1694 
1771   0.4778   3.1694 
1772   0.4778   3.1694 
1773   0.4778   3.1694 
1774   0.4778   3.1694 
1775   0.4778   3.1694 
1776   0.4778   3.1694 
1777   0.4778   3.1694 
1778   0.4778   3.1694 
1779   0.4778   3.1694 
1780   0.4778   3.1694 
1781   0.4778   3.1694 
1782   0.4778   3.1694 
1783   0.4778   3.1694 
1784   0.4778   3.1694 
1785   0.4778   3.1694 
1786   0.4778   3.1694 
1787   0.4778   3.1694 
1788   0.4778   3.1694 
1789   0.4778   3.1694 
1790   0.4778   3.1694 
1791   0.4778   3.1694 
1792   0.4778   3.1694 
1793   0.4778   3.1694 
1794   0.4778   3.1694 
1795   0.4778   3.1694 
1796   0.4778   3.1694 
1797   0.4778   3.1694 
1798   0.4778   3.1694 
1799   0.4778   3.1694 
1800   0.4778   3.1694 
1801   0.4778   3.1694 
1802   0.4778   3.1694 
1803   0.4778   3.1694 
1804   0.4778   3.1694 
1805   0.4778   3.1694 
1806   0.4778   3.1694 
1807   0.4778   3.1694 
1808   0.4778   3.1694 
1809   0.4778   3.1694 
1810   0.4778   3.1694 
1811   0.4778   3.1694 
1812   0.4778   3.1694 
1813   0.4778   3.1694 
1814   0.4778   3.1694 
1815   0.4778   3.1694 
1816   0.4778   3.1694 
1817   0.4778   3.1694 
1818   0.4778   3.1694 
1819   0.4778   3.1694 
1820   0.4778   3.1694 
1821   0.4778   3.1694 
1822   0.4778   3.1694 
1823   0.4778   3.1694 
1824   0.4778   3.1694 
1825   0.4778   3.1694 
1826   0.4778   3.1694 
1827   0.4778   3.1694 
1828   0.4778   3.1694 
1829   0.4778   3.1694 
1830   0.4778   3.1694 
1831   0.4778   3.1694 
1832   0.4778   3.1694 
1833   0.4778   3.1694 
1834   0.4778   3.1694 
1835   0.4778   3.1694 
1836   0.4778   3.1694 
1837   0.4778   3.1694 
1838   0.4778   3.1694 
1839   0.4778   3.1694 
1840   0.4778   3.1694 
1841   0.4778   3.1694 
1842   0.4778   3.1694 
1843   0.4778   3.1694 
1844   0.4778   3.1694 
1845   0.4778   3.1694 
1846   0.4778   3.1694 
1847   0.4778   3.1694 
1848   0.4778   3.1694 
1849   0.4778   3.1694 
1850   0.4778   3.1694 
1851   0.4778   3.1694 
1852   0.4778   3.1694 
1853   0.4778   3.1694 
1854   0.4778   3.1694 
1855   0.4778   3.1694 
1856   0.4778   3.1694 
1857   0.4778   3.1694 
1858   0.4778   3.1694 
1859   0.4778   3.1694 
1860   0.4778   3.1694 
1861   0.4778   3.1694 
1862   0.4778   3.1694 
1863   0.4778   3.1694 
1864   0.4778   3.1694 
1865   0.4778   3.1694 
1866   0.4778   3.1694 
1867   0.4778   3.1694 
1868   0.4778   3.1694 
1869   0.4778   3.1694 
1870   0.4778   3.1694 
1871   0.4778   3.1694 
1872   0.4778   3.1694 
1873   0.4778   3.1694 
1874   0.4778   3.1694 
1875   0.4778   3.1694 
1876   0.4778   3.1694 
1877   0.4778   3.1694 
1878   0.4778   3.1694 
1879   0.4778   3.1694 
1880   0.4778   3.1694 
1881   0.4778   3.1694 
1882   0.4778   3.1694 
1883   0.4778   3.1694 
1884   0.4778   3.1694 
1885   0.4778   3.1694 
1886   0.4778   3.1694 
1887   0.4778   3.1694 
1888   0.4778   3.1694 
1889   0.4778   3.1694 
1890   0.4778   3.1694 
1891   0.4778   3.1694 
1892   0.4778   3.1694 
1893   0.4778   3.1694 
1894   0.4778   3.1694 
1895   0.4778   3.1694 
1896   0.4778   3.1694 
1897   0.4778   3.1694 
1898   0.4778   3.1694 
1899   0.4778   3.1694 
1900   0.4778   3.1694 
1901   0.4778   3.1694 
1902   0.4778   3.1694 
1903   0.4778   3.1694 
1904   0.4778   3.1694 
1905   0.4778   3.1694 
1906   0.4778   3.1694 
1907   0.4778   3.1694 
1908   0.4778   3.1694 
1909   0.4778   3.1694 
1910   0.4778   3.1694 
1911   0.4778   3.1694 
1912   0.4778   3.1694 
1913   0.4778   3.1694 
1914   0.4778   3.1694 
1915   0.4778   3.1694 
1916   0.4778   3.1694 
1917   0.4778   3.1694 
1918   0.4778   3.1694 
1919   0.4778   3.1694 
1920   0.4778   3.1694 
1921   0.4778   3.1694 
1922   0.4778   3.1694 
1923   0.4778   3.1694 
1924   0.4778   3.1694 
1925   0.4778   3.1694 
1926   0.4778   3.1694 
1927   0.4778   3.1694 
1928   0.4778   3.1694 
1929   0.4778   3.1694 
1930   0.4778   3.1694 
1931   0.4778   3.1694 
1932   0.4778   3.1694 
1933   0.4778   3.1694 
1934   0.4778   3.1694 
1935   0.4778   3.1694 
1936   0.4778   3.1694 
1937   0.4778   3.1694 
1938   0.4778   3.1694 
1939   0.4778   3.1694 
1940   0.4778   3.1694 
1941   0.4778   3.1694 
1942   0.4778   3.1694 
1943   0.4778   3.1694 
1944   0.4778   3.1694 
1945   0.4778   3.1694 
1946   0.4778   3.1528 
1947   0.4778   3.1528 
1948   0.4778   3.1528 
1949   0.4778   3.1528 
1950   0.4778   3.1528 
1951   0.4778   3.1528 
1952   0.4778   3.1528 
1953   0.4778   3.1528 
1954   0.4778   3.1528 
1955   0.4778   3.1528 
1956   0.4778   3.1528 
1957   0.4778   3.1528 
1958   0.4778   3.1528 
1959   0.4778   3.1528 
1960   0.4778   3.1528 
1961   0.4778   3.1528 
1962   0.4778   3.1528 
1963   0.4778   3.1528 
1964   0.4778   3.1528 
1965   0.4778   3.1528 
1966   0.4778   3.1528 
1967   0.4778   3.1528 
1968   0.4778   3.1528 
1969   0.4778   3.1528 
1970   0.4778   3.1528 
1971   0.4778   3.1528 
1972   0.4778   3.1528 
1973   0.4778   3.1528 
1974   0.4778   3.1528 
1975   0.4778   3.1528 
1976   0.4778   3.1528 
1977   0.4778   3.1528 
1978   0.4778   3.1528 
1979   0.4778   3.1528 
1980   0.4778   3.1528 
1981   0.4778   3.1528 
1982   0.4778   3.1528 
1983   0.4778   3.1528 
1984   0.4778   3.1528 
1985   0.4778   3.1528 
1986   0.4778   3.1528 
1987   0.4778   3.1528 
1988   0.4778   3.1528 
1989   0.4778   3.1528 
1990   0.4778   3.1528 
1991   0.4778   3.1528 
1992   0.4778   3.1528 
1993   0.4778   3.1528 
1994   0.4778   3.1528 
1995   0.4778   3.1528 
1996   0.4778   3.1528 
1997   0.4778   3.1528 
1998   0.4778   3.1528 
1999   0.4778   3.1528 
2000   0.4778   3.1528 
2001   0.4778   3.1528 
2002   0.4778   3.1528 
2003   0.4778   3.1528 
2004   0.4778   3.1528 
2005   0.4778   3.1528 
2006   0.4778   3.1528 
2007   0.4778   3.1528 
2008   0.4778   3.1528 
2009   0.4778   3.1528 
2010   0.4778   3.1528 
2011   0.4778   3.1528 
2012   0.4778   3.1528 
2013   0.4778   3.1528 
2014   0.4778   3.1528 
2015   0.4778   3.1528 
2016   0.4778   3.1528 
2017   0.4778   3.1528 
2018   0.4778   3.1528 
2019   0.4778   3.1528 
2020   0.4778   3.1528 
2021   0.4778   3.1528 
2022   0.4778   3.1528 
2023   0.4778   3.1528 
2024   0.4778   3.1528 
2025   0.4778   3.1528 
2026   0.4778   3.1528 
2027   0.4778   3.1528 
2028   0.4778   3.1528 
2029   0.4778   3.1528 
2030   0.4778   3.1528 
2031   0.4778   3.1528 
2032   0.4778   3.1528 
2033   0.4778   3.1528 
2034   0.4778   3.1528 
2035   0.4778   3.1528 
2036   0.4778   3.1528 
2037   0.4778   3.1528 
2038   0.4778   3.1528 
2039   0.4778   3.1528 
2040   0.4778   3.1528 
2041   0.4778   3.1528 
2042   0.4778   3.1528 
2043   0.4778   3.1528 
2044   0.4778   3.1528 
2045   0.4778   3.1528 
2046   0.4778   3.1528 
2047   0.4778   3.1528 
2048   0.4778   3.1528 
2049   0.4778   3.1528 
2050   0.4778   3.1528 
2051   0.4778   3.1528 
2052   0.4778   3.1528 
2053   0.4778   3.1528 
2054   0.4778   3.1528 
2055   0.4778   3.1528 
2056   0.4778   3.1528 
2057   0.4778   3.1528 
2058   0.4778   3.1528 
2059   0.4778   3.1528 
2060   0.4778   3.1528 
2061   0.4778   3.1528 
2062   0.4778   3.1528 
2063   0.4778   3.1528 
2064   0.4778   3.1528 
2065   0.4778   3.1528 
2066   0.4778   3.1528 
2067   0.4778   3.1528 
2068   0.4778   3.1528 
2069   0.4778   3.1528 
2070   0.4778   3.1528 
2071   0.4778   3.1528 
2072   0.4778   3.1528 
2073   0.4778   3.0923 
2074   0.4778   3.0923 
2075   0.4778   3.0923 
2076   0.4778   3.0923 
2077   0.4778   3.0923 
2078   0.4778   3.0923 
2079   0.4778   3.0923 
2080   0.4778   3.0923 
2081   0.4778   3.0923 
2082   0.4778   3.0923 
2083   0.4778   3.0923 
2084   0.4778   3.0923 
2085   0.4778   3.0923 
2086   0.4778   3.0923 
2087   0.4778   3.0923 
2088   0.4778   3.0923 
2089   0.4778   3.0923 
2090   0.4778   3.0923 
2091   0.4778   3.0923 
2092   0.4778   3.0923 
2093   0.4778   3.0923 
2094   0.4778   3.0923 
2095   0.4778   3.0923 
2096   0.4778   3.0923 
2097   0.4778   3.0923 
2098   0.4778   3.0923 
2099   0.4778   3.0923 
2100   0.4778   3.0923 
2101   0.4778   3.0923 
2102   0.4778   3.0923 
2103   0.4778   3.0923 
2104   0.4778   3.0923 
2105   0.4778   3.0923 
2106   0.4778   3.0923 
2107   0.4778   3.0923 
2108   0.4778   3.0923 
2109   0.4778   3.0923 
2110   0.4778   3.0923 
2111   0.4778   3.0923 
2112   0.4778   3.0923 
2113   0.4778   3.0923 
2114   0.4778   3.0923 
2115   0.4778   3.0923 
2116   0.4778   3.0923 
2117   0.4778   3.0923 
2118   0.4778   3.0923 
2119   0.4778   3.0923 
2120   0.4778   3.0923 
2121   0.4778   3.0923 
2122   0.4778   3.0923 
2123   0.4778   3.0923 
2124   0.4778   3.0923 
2125   0.4778   3.0923 
2126   0.4778   3.0923 
2127   0.4778   3.0923 
2128   0.4778   3.0923 
2129   0.4778   3.0923 
2130   0.4778   3.0923 
2131   0.4778   3.0923 
2132   0.4778   3.0923 
2133   0.4778   3.0923 
2134   0.4778   3.0923 
2135   0.4778   3.0923 
2136   0.4778   3.0923 
2137   0.4778   3.0923 
2138   0.4778   3.0923 
2139   0.4778   3.0923 
2140   0.4778   3.0923 
2141   0.4778   3.0923 
2142   0.4778   3.0923 
2143   0.4778   3.0923 
2144   0.4778   3.0923 
2145   0.4778   3.0923 
2146   0.4778   3.0923 
2147   0.4778   3.0923 
2148   0.4778   3.0923 
2149   0.4778   3.0923 
2150   0.4778   3.0923 
2151   0.4778   3.0923 
2152   0.4778   3.0923 
2153   0.4778   3.0923 
2154   0.4778   3.0923 
2155   0.4778   3.0923 
2156   0.4778   3.0923 
2157   0.4778   3.0923 
2158   0.4778   3.0923 
2159   0.4778   3.0923 
2160   0.4778   3.0923 
2161   0.4778   3.0923 
2162   0.4778   3.0923 
2163   0.4778   3.0923 
2164   0.4778   3.0923 
2165   0.4778   3.0923 
2166   0.4778   3.0923 
2167   0.4778   3.0923 
2168   0.4778   3.0923 
2169   0.4778   3.0923 
2170   0.4778   3.0923 
2171   0.4778   3.0923 
2172   0.4778   3.0923 
2173   0.4778   3.0923 
2174   0.4778   3.0923 
2175   0.4778   3.0923 
2176   0.4778   3.0923 
2177   0.4778   3.0923 
2178   0.4778   3.0923 
2179   0.4778   3.0923 
2180   0.4778   3.0923 
2181   0.4778   3.0923 
2182   0.4778   3.0923 
2183   0.4778   3.0923 
2184   0.4778   3.0923 
2185   0.4778   3.0923 
2186   0.4778   3.0923 
2187   0.4778   3.0923 
2188   0.4778   3.0923 
2189   0.4778   3.0923 
2190   0.4778   3.0923 
2191   0.4778   3.0923 
2192   0.4778   3.0923 
2193   0.4778   3.0923 
2194   0.4778   3.0923 
2195   0.4778   3.0923 
2196   0.4778   3.0923 
2197   0.4778   3.0923 
2198   0.4778   3.0923 
2199   0.4778   3.0923 
2200   0.4778   3.0923 
2201   0.4778   3.0923 
2202   0.4778   3.0923 
2203   0.4778   3.0923 
2204   0.4778   3.0923 
2205   0.4778   3.0923 
2206   0.4778   3.0923 
2207   0.4778   3.0923 
2208   0.4778   3.0923 
2209   0.4778   3.0923 
2210   0.4778   3.0923 
2211   0.4778   3.0923 
2212   0.4778   3.0923 
2213   0.4778   3.0923 
2214   0.4778   3.0923 
2215   0.4778   3.0923 
2216   0.4778   3.0923 
2217   0.4778   3.0923 
2218   0.4778   3.0923 
2219   0.4778   3.0923 
2220   0.4778   3.0923 
2221   0.4778   3.0923 
2222   0.4778   3.0923 
2223   0.4778   3.0923 
2224   0.4778   3.0923 
2225   0.4778   3.0923 
2226   0.4778   3.0923 
2227   0.4778   3.0923 
2228   0.4778   3.0923 
2229   0.4778   3.0923 
2230   0.4778   3.0923 
2231   0.4778   3.0923 
2232   0.4778   3.0923 
2233   0.4778   3.0923 
2234   0.4778   3.0923 
2235   0.4778   3.0923 
2236   0.4778   3.0923 
2237   0.4778   3.0923 
2238   0.4778   3.0923 
2239   0.4778   3.0923 
2240   0.4778   3.0923 
2241   0.4778   3.0923 
2242   0.4778   3.0923 
2243   0.4778   3.0923 
2244   0.4778   3.0923 
2245   0.4778   3.0923 
2246   0.4778   3.0923 
2247   0.4778   3.0923 
2248   0.4778   3.0923 
2249   0.4778   3.0923 
2250   0.4778   3.0923 
2251   0.4778   3.0923 
2252   0.4778   3.0923 
2253   0.4778   3.0923 
2254   0.4778   3.0923 
2255   0.4778   3.0923 
2256   0.4778   3.0923 
2257   0.4778   3.0923 
2258   0.4778   3.0923 
2259   0.4778   3.0923 
2260   0.4778   3.0923 
2261   0.4778   3.0923 
2262   0.4778   3.0923 
2263   0.4778   3.0923 
2264   0.4778   3.0923 
2265   0.4778   3.0923 
2266   0.4778   3.0923 
2267   0.4778   3.0923 
2268   0.4778   3.0923 
2269   0.4778   3.0923 
2270   0.4778   3.0923 
2271   0.4778   3.0923 
2272   0.4778   3.0923 
2273   0.4778   3.0923 
2274   0.4778   3.0923 
2275   0.4778   3.0923 
2276   0.4778   3.0923 
2277   0.4778   3.0923 
2278   0.4778   3.0923 
2279   0.4778   3.0923 
2280   0.4778   3.0923 
2281   0.4778   3.0923 
2282   0.4778   3.0923 
2283   0.4778   3.0923 
2284   0.4778   3.0923 
2285   0.4778   3.0923 
2286   0.4778   3.0923 
2287   0.4778   3.0923 
2288   0.4778   3.0923 
2289   0.4778   3.0923 
2290   0.4778   3.0923 
2291   0.4778   3.0923 
2292   0.4778   3.0923 
2293   0.4778   3.0923 
2294   0.4778   3.0923 
2295   0.4778   3.0923 
2296   0.4778   3.0923 
2297   0.4778   3.0923 
2298   0.4778   3.0923 
2299   0.4778   3.0923 
2300   0.4778   3.0923 
2301   0.4778   3.0923 
2302   0.4778   3.0923 
2303   0.4778   3.0923 
2304   0.4778   3.0923 
2305   0.4778   3.0923 
2306   0.4778   3.0923 
2307   0.4778   3.0923 
2308   0.4778   3.0923 
2309   0.4778   3.0923 
2310   0.4778   3.0923 
2311   0.4778   3.0923 
2312   0.4778   3.0923 
2313   0.4778   3.0923 
2314   0.4778   3.0923 
2315   0.4778   3.0923 
2316   0.4778   3.0923 
2317   0.4778   3.0923 
2318   0.4778   3.0923 
2319   0.4778   3.0923 
2320   0.4778   3.0923 
2321   0.4778   3.0923 
2322   0.4778   3.0923 
2323   0.4778   3.0923 
2324   0.4778   3.0923 
2325   0.4778   3.0923 
2326   0.4778   3.0923 
2327   0.4778   3.0923 
2328   0.4778   3.0923 
2329   0.4778   3.0923 
2330   0.4778   3.0923 
2331   0.4778   3.0923 
2332   0.4778   3.0923 
2333   0.4778   3.0923 
2334   0.4778   3.0923 
2335   0.4778   3.0923 
2336   0.4778   3.0923 
2337   0.4778   3.0923 
2338   0.4778   3.0923 
2339   0.4778   3.0923 
2340   0.4778   3.0923 
2341   0.4778   3.0923 
2342   0.4778   3.0923 
2343   0.4778   3.0923 
2344   0.4778   3.0923 
2345   0.4778   3.0923 
2346   0.4778   3.0923 
2347   0.4778   3.0923 
2348   0.4778   3.0923 
2349   0.4778   3.0923 
2350   0.4778   3.0923 
2351   0.4778   3.0923 
2352   0.4778   3.0923 
2353   0.4778   3.0923 
2354   0.4778   3.0923 
2355   0.4778   3.0923 
2356   0.4778   3.0923 
2357   0.4778   3.0923 
2358   0.4778   3.0923 
2359   0.4778   3.0923 
2360   0.4778   3.0923 
2361   0.4778   3.0923 
2362   0.4778   3.0923 
2363   0.4778   3.0923 
2364   0.4778   3.0923 
2365   0.4778   3.0923 
2366   0.4778   3.0923 
2367   0.4778   3.0923 
2368   0.4778   3.0923 
2369   0.4778   3.0923 
2370   0.4778   3.0923 
2371   0.4778   3.0923 
2372   0.4778   3.0923 
2373   0.4778   3.0923 
2374   0.4778   3.0923 
2375   0.4778   3.0923 
2376   0.4778   3.0923 
2377   0.4778   3.0923 
2378   0.4778   3.0923 
2379   0.4778   3.0923 
2380   0.4778   3.0923 
2381   0.4778   3.0923 
2382   0.4778   3.0923 
2383   0.4778   3.0923 
2384   0.4778   3.0923 
2385   0.4778   3.0923 
2386   0.4778   3.0923 
2387   0.4778   3.0923 
2388   0.4778   3.0923 
2389   0.4778   3.0923 
2390   0.4778   3.0923 
2391   0.4778   3.0923 
2392   0.4778   3.0923 
2393   0.4778   3.0923 
2394   0.4778   3.0923 
2395   0.4778   3.0923 
2396   0.4778   3.0923 
2397   0.4778   3.0923 
2398   0.4778   3.0923 
2399   0.4778   3.0923 
2400   0.4778   3.0923 
2401   0.4778   3.0923 
2402   0.4778   3.0923 
2403   0.4778   3.0923 
2404   0.4778   3.0923 
2405   0.4778   3.0923 
2406   0.4778   3.0923 
2407   0.4778   3.0923 
2408   0.4778   3.0923 
2409   0.4778   3.0923 
2410   0.4778   3.0923 
2411   0.4778   3.0923 
2412   0.4778   3.0923 
2413   0.4778   3.0923 
2414   0.4778   3.0923 
2415   0.4778   3.0923 
2416   0.4778   3.0923 
2417   0.4778   3.0923 
2418   0.4778   3.0923 
2419   0.4778   3.0923 
2420   0.4778   3.0923 
2421   0.4778   3.0923 
2422   0.4778   3.0923 
2423   0.4778   3.0923 
2424   0.4778   3.0923 
2425   0.4778   3.0923 
2426   0.4778   3.0923 
2427   0.4778   3.0923 
2428   0.4778   3.0923 
2429   0.4778   3.0923 
2430   0.4778   3.0923 
2431   0.4778   3.0923 
2432   0.4778   3.0923 
2433   0.4778   3.0923 
2434   0.4778   3.0923 
2435   0.4778   3.0923 
2436   0.4778   3.0923 
2437   0.4778   3.0923 
2438   0.4778   3.0923 
2439   0.4778   3.0923 
2440   0.4778   3.0923 
2441   0.4778   3.0923 
2442   0.4778   3.0923 
2443   0.4778   3.0923 
2444   0.4778   3.0923 
2445   0.4778   3.0923 
2446   0.4778   3.0923 
2447   0.4778   3.0923 
2448   0.4778   3.0923 
2449   0.4778   3.0923 
2450   0.4778   3.0923 
2451   0.4778   3.0923 
2452   0.4778   3.0923 
2453   0.4778   3.0923 
2454   0.4778   3.0923 
2455   0.4778   3.0923 
2456   0.4778   3.0923 
2457   0.4778   3.0923 
2458   0.4778   3.0923 
2459   0.4778   3.0923 
2460   0.4778   3.0923 
2461   0.4778   3.0923 
2462   0.4778   3.0923 
2463   0.4778   3.0923 
2464   0.4778   3.0923 
2465   0.4778   3.0923 
2466   0.4778   3.0923 
2467   0.4778   3.0923 
2468   0.4778   3.0923 
2469   0.4778   3.0923 
2470   0.4778   3.0923 
2471   0.4778   3.0923 
2472   0.4778   3.0923 
2473   0.4778   3.0923 
2474   0.4778   3.0923 
2475   0.4778   3.0923 
2476   0.4778   3.0923 
2477   0.4778   3.0923 
2478   0.4778   3.0923 
2479   0.4778   3.0923 
2480   0.4778   3.0923 
2481   0.4778   3.0923 
2482   0.4778   3.0923 
2483   0.4778   3.0923 
2484   0.4778   3.0923 
2485   0.4778   3.0923 
2486   0.4778   3.0923 
2487   0.4778   3.0923 
2488   0.4778   3.0923 
2489   0.4778   3.0923 
2490   0.4778   3.0923 
2491   0.4778   3.0923 
2492   0.4778   3.0923 
2493   0.4778   3.0923 
2494   0.4778   3.0923 
2495   0.4778   3.0923 
2496   0.4778   3.0923 
2497   0.4778   3.0923 
2498   0.4778   3.0923 
2499   0.4778   3.0923 
2500   0.4778   3.0923 
2501   0.4778   3.0923 
2502   0.4778   3.0923 
2503   0.4778   3.0923 
2504   0.4778   3.0923 
2505   0.4778   3.0923 
2506   0.4778   3.0923 
2507   0.4778   3.0923 
2508   0.4778   3.0923 
2509   0.4778   3.0923 
2510   0.4778   3.0923 
2511   0.4778   3.0923 
2512   0.4778   3.0923 
2513   0.4778   3.0923 
2514   0.4778   3.0923 
2515   0.4778   3.0923 
2516   0.4778   3.0923 
2517   0.4778   3.0923 
2518   0.4778   3.0923 
2519   0.4778   3.0923 
2520   0.4778   3.0923 
2521   0.4778   3.0923 
2522   0.4778   3.0923 
2523   0.4778   3.0923 
2524   0.4778   3.0923 
2525   0.4778   3.0923 
2526   0.4778   3.0923 
2527   0.4778   3.0923 
2528   0.4778   3.0923 
2529   0.4778   3.0923 
2530   0.4778   3.0923 
2531   0.4778   3.0923 
2532   0.4778   3.0923 
2533   0.4778   3.0923 
2534   0.4778   3.0923 
2535   0.4778   3.0923 
2536   0.4778   3.0923 
2537   0.4778   3.0923 
2538   0.4778   3.0923 
2539   0.4778   3.0923 
2540   0.4778   3.0923 
2541   0.4778   3.0923 
2542   0.4778   3.0923 
2543   0.4778   3.0923 
2544   0.4778   3.0923 
2545   0.4778   3.0923 
2546   0.4778   3.0923 
2547   0.4778   3.0923 
2548   0.4778   3.0923 
2549   0.4778   3.0923 
2550   0.4778   3.0923 
2551   0.4778   3.0923 
2552   0.4778   3.0923 
2553   0.4778   3.0923 
2554   0.4778   3.0923 
2555   0.4778   3.0923 
2556   0.4778   3.0923 
2557   0.4778   3.0923 
2558   0.4778   3.0923 
2559   0.4778   3.0923 
2560   0.4778   3.0923 
2561   0.4778   3.0923 
2562   0.4778   3.0923 
2563   0.4778   3.0923 
2564   0.4778   3.0923 
2565   0.4778   3.0923 
2566   0.4778   3.0923 
2567   0.4778   3.0923 
2568   0.4778   3.0923 
2569   0.4778   3.0923 
2570   0.4778   3.0923 
2571   0.4778   3.0923 
2572   0.4778   3.0923 
2573   0.4778   3.0923 
2574   0.4778   3.0923 
2575   0.4778   3.0923 
2576   0.4778   3.0923 
2577   0.4778   3.0923 
2578   0.4778   3.0923 
2579   0.4778   3.0923 
2580   0.4778   3.0923 
2581   0.4778   3.0923 
2582   0.4778   3.0923 
2583   0.4778   3.0923 
2584   0.4778   3.0923 
2585   0.4778   3.0923 
2586   0.4778   3.0923 
2587   0.4778   3.0923 
2588   0.4778   3.0923 
2589   0.4778   3.0923 
2590   0.4778   3.0923 
2591   0.4778   3.0923 
2592   0.4778   3.0923 
2593   0.4778   3.0923 
2594   0.4778   3.0923 
2595   0.4778   3.0923 
2596   0.4778   3.0923 
2597   0.4778   3.0923 
2598   0.4778   3.0923 
2599   0.4778   3.0923 
2600   0.4778   3.0923 
2601   0.4778   3.0923 
2602   0.4778   3.0923 
2603   0.4778   3.0923 
2604   0.4778   3.0923 
2605   0.4778   3.0923 
2606   0.4778   3.0923 
2607   0.4778   3.0923 
2608   0.4778   3.0923 
2609   0.4778   3.0923 
2610   0.4778   3.0923 
2611   0.4778   3.0923 
2612   0.4778   3.0923 
2613   0.4778   3.0923 
2614   0.4778   3.0923 
2615   0.4778   3.0923 
2616   0.4778   3.0923 
2617   0.4778   3.0923 
2618   0.4778   3.0923 
2619   0.4778   3.0923 
2620   0.4778   3.0923 
2621   0.4778   3.0923 
2622   0.4778   3.0923 
2623   0.4778   3.0923 
2624   0.4778   3.0923 
2625   0.4778   3.0923 
2626   0.4778   3.0923 
2627   0.4778   3.0923 
2628   0.4778   3.0923 
2629   0.4778   3.0923 
2630   0.4778   3.0923 
2631   0.4778   3.0923 
2632   0.4778   3.0923 
2633   0.4778   3.0923 
2634   0.4778   3.0923 
2635   0.4778   3.0923 
2636   0.4778   3.0923 
2637   0.4778   3.0923 
2638   0.4778   3.0923 
2639   0.4778   3.0923 
2640   0.4778   3.0923 
2641   0.4778   3.0923 
2642   0.4778   3.0923 
2643   0.4778   3.0923 
2644   0.4778   3.0923 
2645   0.4778   3.0923 
2646   0.4778   3.0923 
2647   0.4778   3.0923 
2648   0.4778   3.0923 
2649   0.4778   3.0923 
2650   0.4778   3.0923 
2651   0.4778   3.0923 
2652   0.4778   3.0923 
2653   0.4778   3.0923 
2654   0.4778   3.0923 
2655   0.4778   3.0923 
2656   0.4778   3.0923 
2657   0.4778   3.0923 
2658   0.4778   3.0923 
2659   0.4778   3.0923 
2660   0.4778   3.0923 
2661   0.4778   3.0923 
2662   0.4778   3.0923 
2663   0.4778   3.0923 
2664   0.4778   3.0923 
2665   0.4778   3.0923 
2666   0.4778   3.0923 
2667   0.4778   3.0923 
2668   0.4778   3.0923 
2669   0.4778   3.0923 
2670   0.4778   3.0923 
2671   0.4778   3.0923 
2672   0.4778   3.0923 
2673   0.4778   3.0923 
2674   0.4778   3.0923 
2675   0.4778   3.0923 
2676   0.4778   3.0923 
2677   0.4778   3.0923 
2678   0.4778   3.0923 
2679   0.4778   3.0923 
2680   0.4778   3.0923 
2681   0.4778   3.0923 
2682   0.4778   3.0923 
2683   0.4778   3.0923 
2684   0.4778   3.0923 
2685   0.4778   3.0923 
2686   0.4778   3.0923 
2687   0.4778   3.0923 
2688   0.4778   3.0923 
2689   0.4778   3.0923 
2690   0.4778   3.0923 
2691   0.4778   3.0923 
2692   0.4778   3.0923 
2693   0.4778   3.0923 
2694   0.4778   3.0923 
2695   0.4778   3.0923 
2696   0.4778   3.0923 
2697   0.4778   3.0923 
2698   0.4778   3.0923 
2699   0.4778   3.0923 
2700   0.4778   3.0923 
2701   0.4778   3.0923 
2702   0.4778   3.0923 
2703   0.4778   3.0923 
2704   0.4778   3.0923 
2705   0.4778   3.0923 
2706   0.4778   3.0923 
2707   0.4778   3.0923 
2708   0.4778   3.0923 
2709   0.4778   3.0923 
2710   0.4778   3.0923 
2711   0.4778   3.0923 
2712   0.4778   3.0923 
2713   0.4778   3.0923 
2714   0.4778   3.0923 
2715   0.4778   3.0923 
2716   0.4778   3.0923 
2717   0.4778   3.0923 
2718   0.4778   3.0923 
2719   0.4778   3.0923 
2720   0.4778   3.0923 
2721   0.4778   3.0923 
2722   0.4778   3.0923 
2723   0.4778   3.0923 
2724   0.4778   3.0923 
2725   0.4778   3.0923 
2726   0.4778   3.0923 
2727   0.4778   3.0923 
2728   0.4778   3.0923 
2729   0.4778   3.0923 
2730   0.4778   3.0923 
2731   0.4778   3.0923 
2732   0.4778   3.0923 
2733   0.4778   3.0923 
2734   0.4778   3.0923 
2735   0.4778   3.0923 
2736   0.4778   3.0923 
2737   0.4778   3.0923 
2738   0.4778   3.0923 
2739   0.4778   3.0923 
2740   0.4778   3.0923 
2741   0.4778   3.0923 
2742   0.4778   3.0923 
2743   0.4778   3.0923 
2744   0.4778   3.0923 
2745   0.4778   3.0923 
2746   0.4778   3.0923 
2747   0.4778   3.0923 
2748   0.4778   3.0923 
2749   0.4778   3.0923 
2750   0.4778   3.0923 
2751   0.4778   3.0923 
2752   0.4778   3.0923 
2753   0.4778   3.0923 
2754   0.4778   3.0923 
2755   0.4778   3.0923 
2756   0.4778   3.0923 
2757   0.4778   3.0923 
2758   0.4778   3.0923 
2759   0.4778   3.0923 
2760   0.4778   3.0923 
2761   0.4778   3.0923 
2762   0.4778   3.0923 
2763   0.4778   3.0923 
2764   0.4778   3.0923 
2765   0.4778   3.0923 
2766   0.4778   3.0923 
2767   0.4778   3.0923 
2768   0.4778   3.0923 
2769   0.4778   3.0923 
2770   0.4778   3.0923 
2771   0.4778   3.0923 
2772   0.4778   3.0923 
2773   0.4778   3.0923 
2774   0.4778   3.0923 
2775   0.4778   3.0923 
2776   0.4778   3.0923 
2777   0.4778   3.0923 
2778   0.4778   3.0923 
2779   0.4778   3.0923 
2780   0.4778   3.0923 
2781   0.4778   3.0923 
2782   0.4778   3.0923 
2783   0.4778   3.0923 
2784   0.4778   3.0923 
2785   0.4778   3.0923 
2786   0.4778   3.0923 
2787   0.4778   3.0923 
2788   0.4778   3.0923 
2789   0.4778   3.0923 
2790   0.4778   3.0923 
2791   0.4778   3.0923 
2792   0.4778   3.0923 
2793   0.4778   3.0923 
2794   0.4778   3.0923 
2795   0.4778   3.0923 
2796   0.4778   3.0923 
2797   0.4778   3.0923 
2798   0.4778   3.0923 
2799   0.4778   3.0923 
2800   0.4778   3.0923 
2801   0.4778   3.0923 
2802   0.4778   3.0923 
2803   0.4778   3.0923 
2804   0.4778   3.0923 
2805   0.4778   3.0923 
2806   0.4778   3.0923 
2807   0.4778   3.0923 
2808   0.4778   3.0923 
2809   0.4778   3.0923 
2810   0.4778   3.0923 
2811   0.4778   3.0923 
2812   0.4778   3.0923 
2813   0.4778   3.0923 
2814   0.4778   3.0923 
2815   0.4778   3.0923 
2816   0.4778   3.0923 
2817   0.4778   3.0923 
2818   0.4778   3.0923 
2819   0.4778   3.0923 
2820   0.4778   3.0923 
2821   0.4778   3.0923 
2822   0.4778   3.0923 
2823   0.4778   3.0923 
2824   0.4778   3.0923 
2825   0.4778   3.0923 
2826   0.4778   3.0923 
2827   0.4778   3.0923 
2828   0.4778   3.0923 
2829   0.4778   3.0923 
2830   0.4778   3.0923 
2831   0.4778   3.0923 
2832   0.4778   3.0923 
2833   0.4778   3.0923 
2834   0.4778   3.0923 
2835   0.4778   3.0923 
2836   0.4778   3.0923 
2837   0.4778   3.0923 
2838   0.4778   3.0923 
2839   0.4778   3.0923 
2840   0.4778   3.0923 
2841   0.4778   3.0923 
2842   0.4778   3.0923 
2843   0.4778   3.0923 
2844   0.4778   3.0923 
2845   0.4778   3.0923 
2846   0.4778   3.0923 
2847   0.4778   3.0923 
2848   0.4778   3.0923 
2849   0.4778   3.0923 
2850   0.4778   3.0923 
2851   0.4778   3.0923 
2852   0.4778   3.0923 
2853   0.4778   3.0923 
2854   0.4778   3.0923 
2855   0.4778   3.0923 
2856   0.4778   3.0923 
2857   0.4778   3.0923 
2858   0.4778   3.0923 
2859   0.4778   3.0923 
2860   0.4778   3.0923 
2861   0.4778   3.0923 
2862   0.4778   3.0923 
2863   0.4778   3.0923 
2864   0.4778   3.0923 
2865   0.4778   3.0923 
2866   0.4778   3.0923 
2867   0.4778   3.0923 
2868   0.4778   3.0923 
2869   0.4778   3.0923 
2870   0.4778   3.0923 
2871   0.4778   3.0923 
2872   0.4778   3.0923 
2873   0.4778   3.0923 
2874   0.4778   3.0923 
2875   0.4778   3.0923 
2876   0.4778   3.0923 
2877   0.4778   3.0923 
2878   0.4778   3.0923 
2879   0.4778   3.0923 
2880   0.4778   3.0923 
2881   0.4778   3.0923 
2882   0.4778   3.0923 
2883   0.4778   3.0923 
2884   0.4778   3.0923 
2885   0.4778   3.0923 
2886   0.4778   3.0923 
2887   0.4778   3.0923 
2888   0.4778   3.0923 
2889   0.4778   3.0923 
2890   0.4778   3.0923 
2891   0.4778   3.0923 
2892   0.4778   3.0923 
2893   0.4778   3.0923 
2894   0.4778   3.0923 
2895   0.4778   3.0923 
2896   0.4778   3.0923 
2897   0.4778   3.0923 
2898   0.4778   3.0923 
2899   0.4778   3.0923 
2900   0.4778   3.0923 
2901   0.4778   3.0923 
2902   0.4778   3.0923 
2903   0.4778   3.0923 
2904   0.4778   3.0923 
2905   0.4778   3.0923 
2906   0.4778   3.0923 
2907   0.4778   3.0923 
2908   0.4778   3.0923 
2909   0.4778   3.0923 
2910   0.4778   3.0923 
2911   0.4778   3.0923 
2912   0.4778   3.0923 
2913   0.4778   3.0923 
2914   0.4778   3.0923 
2915   0.4778   3.0923 
2916   0.4778   3.0923 
2917   0.4778   3.0923 
2918   0.4778   3.0923 
2919   0.4778   3.0923 
2920   0.4778   3.0923 
2921   0.4778   3.0923 
2922   0.4778   3.0923 
2923   0.4778   3.0923 
2924   0.4778   3.0923 
2925   0.4778   3.0923 
2926   0.4778   3.0923 
2927   0.4778   3.0923 
2928   0.4778   3.0923 
2929   0.4778   3.0923 
2930   0.4778   3.0923 
2931   0.4778   3.0923 
2932   0.4778   3.0923 
2933   0.4778   3.0923 
2934   0.4778   3.0923 
2935   0.4778   3.0923 
2936   0.4778   3.0923 
2937   0.4778   3.0923 
2938   0.4778   3.0923 
2939   0.4778   3.0923 
2940   0.4778   3.0923 
2941   0.4778   3.0923 
2942   0.4778   3.0923 
2943   0.4778   3.0923 
2944   0.4778   3.0923 
2945   0.4778   3.0923 
2946   0.4778   3.0923 
2947   0.4778   3.0923 
2948   0.4778   3.0923 
2949   0.4778   3.0923 
2950   0.4778   3.0923 
2951   0.4778   3.0923 
2952   0.4778   3.0923 
2953   0.4778   3.0923 
2954   0.4778   3.0923 
2955   0.4778   3.0923 
2956   0.4778   3.0923 
2957   0.4778   3.0923 
2958   0.4778   3.0923 
2959   0.4778   3.0923 
2960   0.4778   3.0923 
2961   0.4778   3.0923 
2962   0.4778   3.0923 
2963   0.4778   3.0923 
2964   0.4778   3.0923 
2965   0.4778   3.0923 
2966   0.4778   3.0923 
2967   0.4778   3.0923 
2968   0.4778   3.0923 
2969   0.4778   3.0923 
2970   0.4778   3.0923 
2971   0.4778   3.0923 
2972   0.4778   3.0923 
2973   0.4778   3.0923 
2974   0.4778   3.0923 
2975   0.4778   3.0923 
2976   0.4778   3.0923 
2977   0.4778   3.0923 
2978   0.4778   3.0923 
2979   0.4778   3.0923 
2980   0.4778   3.0923 
2981   0.4778   3.0923 
2982   0.4778   3.0923 
2983   0.4778   3.0923 
2984   0.4778   3.0923 
2985   0.4778   3.0923 
2986   0.4778   3.0923 
2987   0.4778   3.0923 
2988   0.4778   3.0923 
2989   0.4778   3.0923 
2990   0.4778   3.0923 
2991   0.4778   3.0923 
2992   0.4778   3.0923 
2993   0.4778   3.0923 
2994   0.4778   3.0923 
2995   0.4778   3.0923 
2996   0.4778   3.0923 
2997   0.4778   3.0923 
2998   0.4778   3.0923 
2999   0.4778   3.0923 
3000   0.4778   3.0923 
- .* cos cos (0.01.*x+-4.8957) .* (0.01.*x+-16.0106) (0.01.*x+5.2977) (0.01.*x+5.0597)   (0.01.*x+-1.9063) 6.0338   