1   1.7596   2.8785 
2   1.2327   2.8785 
3   1.2327   2.8785 
4   1.2051   3.0033 
5   1.2051   3.0033 
6   1.2051   3.0033 
7   1.2051   3.0033 
8   1.2051   3.0033 
9   1.1095   3.9345 
10   1.1095   3.9345 
11   1.1095   3.9345 
12   1.1095   3.9345 
13   1.1095   3.9345 
14   1.1095   3.9345 
15   1.1095   3.9345 
16   1.1095   3.9345 
17   1.1095   3.9345 
18   1.0245   3.9345 
19   1.0245   3.9345 
20   1.0245   3.9345 
21   1.0245   3.4834 
22   1.0245   3.4834 
23   1.0245   3.4834 
24   1.0245   3.4834 
25   1.0245   3.4834 
26   1.0245   3.4834 
27   1.0129   3.4834 
28   1.0117   3.4834 
29   1.0117   3.4834 
30   1.0117   3.4834 
31   1.0117   3.4834 
32   1.0117   3.4834 
33   1.0117   3.4834 
34   1.0117   3.4834 
35   1.0117   3.4834 
36   1.0117   3.4834 
37   1.0117   3.4834 
38   1.0117   3.4834 
39   1.0117   3.4834 
40   1.0117   3.4834 
41   1.0117   3.4834 
42   1.0117   3.3662 
43   1.0117   3.3662 
44   1.0117   3.3662 
45   1.0117   3.3662 
46   1.0117   3.3662 
47   1.0117   3.3662 
48   1.0117   3.3662 
49   1.0117   3.3662 
50   1.0117   3.3662 
51   1.0117   3.3662 
52   1.0117   3.3662 
53   1.0117   3.3662 
54   1.0117   3.3662 
55   1.0117   3.3662 
56   1.0117   3.3662 
57   1.0117   3.3662 
58   1.0117   3.3662 
59   1.0117   3.3662 
60   1.0117   3.3662 
61   1.0117   3.3662 
62   1.0117   2.9478 
63   1.0117   2.9478 
64   1.0117   2.9478 
65   0.8668   2.9478 
66   0.8668   2.9478 
67   0.8668   2.9478 
68   0.8668   2.9478 
69   0.8668   2.9478 
70   0.8668   2.9478 
71   0.8668   2.9478 
72   0.8668   2.9478 
73   0.8210   2.9478 
74   0.8210   2.9478 
75   0.8210   2.9478 
76   0.8210   2.9478 
77   0.8210   2.9478 
78   0.8210   2.9478 
79   0.8210   2.9478 
80   0.8210   2.9478 
81   0.8210   2.9478 
82   0.8210   2.9478 
83   0.8210   2.9478 
84   0.8210   2.9478 
85   0.8210   2.9478 
86   0.8210   2.9478 
87   0.8210   2.9478 
88   0.8210   2.9478 
89   0.8210   2.9478 
90   0.8210   2.9478 
91   0.8210   2.9478 
92   0.8210   2.9478 
93   0.8210   2.9478 
94   0.8210   2.9478 
95   0.8210   2.9478 
96   0.8210   2.9478 
97   0.8210   2.9478 
98   0.8210   2.9478 
99   0.8210   2.9478 
100   0.8210   2.9478 
101   0.8210   2.9622 
102   0.8210   2.9622 
103   0.8210   2.9622 
104   0.8210   2.9622 
105   0.8210   2.9622 
106   0.8210   2.9622 
107   0.8210   2.9622 
108   0.6867   2.9622 
109   0.6867   2.9622 
110   0.6867   2.9622 
111   0.6867   2.9622 
112   0.6867   2.9622 
113   0.6867   2.9622 
114   0.6867   2.9622 
115   0.6867   2.9622 
116   0.6867   2.9790 
117   0.6867   2.9790 
118   0.6867   2.9790 
119   0.6867   2.9790 
120   0.6867   2.9790 
121   0.6867   2.9790 
122   0.6867   2.9790 
123   0.6867   2.9790 
124   0.6867   2.9790 
125   0.6867   2.9790 
126   0.6867   2.9790 
127   0.6867   2.9790 
128   0.6867   2.9790 
129   0.6867   2.9790 
130   0.6867   2.9790 
131   0.6867   2.9790 
132   0.6867   2.9790 
133   0.6867   2.9790 
134   0.6867   2.9790 
135   0.6867   2.9790 
136   0.6867   2.9790 
137   0.6867   2.9790 
138   0.6867   2.9790 
139   0.6867   2.9790 
140   0.6867   2.9790 
141   0.6867   2.9790 
142   0.6867   2.9790 
143   0.6867   2.9790 
144   0.6867   2.9790 
145   0.6867   2.9790 
146   0.6867   2.9790 
147   0.6867   2.9790 
148   0.6867   2.9790 
149   0.6867   2.9790 
150   0.6867   2.9790 
151   0.6867   2.9790 
152   0.6867   2.9790 
153   0.6867   2.9790 
154   0.6867   2.9790 
155   0.6867   2.9790 
156   0.6867   2.9790 
157   0.6867   2.9790 
158   0.6867   2.9790 
159   0.6867   2.9790 
160   0.6867   2.9790 
161   0.6867   2.9790 
162   0.6867   2.9790 
163   0.6867   2.9790 
164   0.6867   2.9790 
165   0.6867   2.9790 
166   0.6867   2.9790 
167   0.6867   2.9790 
168   0.6867   2.9790 
169   0.6867   2.9790 
170   0.6867   2.9790 
171   0.6867   2.9790 
172   0.6867   2.9790 
173   0.6867   2.9790 
174   0.6867   2.9790 
175   0.6867   2.9790 
176   0.6867   2.9790 
177   0.6867   2.9790 
178   0.6867   2.9790 
179   0.6867   2.9790 
180   0.6867   2.9790 
181   0.6867   2.9790 
182   0.6867   2.9790 
183   0.6867   2.9790 
184   0.6867   2.9790 
185   0.6867   2.9790 
186   0.6867   2.9790 
187   0.6867   2.9790 
188   0.6867   2.9790 
189   0.6867   2.9790 
190   0.6867   2.9790 
191   0.6867   2.9790 
192   0.6867   2.9790 
193   0.6867   2.9790 
194   0.6867   2.9790 
195   0.6867   2.9790 
196   0.6867   2.9790 
197   0.6867   2.9790 
198   0.6867   2.9790 
199   0.6867   2.9790 
200   0.6867   2.9790 
201   0.6867   2.9790 
202   0.6867   2.9790 
203   0.6867   2.9790 
204   0.6867   2.9790 
205   0.6867   2.9790 
206   0.6867   2.9790 
207   0.6867   2.9790 
208   0.6867   2.9790 
209   0.6867   2.9790 
210   0.6867   2.9790 
211   0.6867   2.9790 
212   0.6867   2.9790 
213   0.6867   2.9790 
214   0.6867   2.9790 
215   0.6867   2.9790 
216   0.6867   2.9790 
217   0.6867   2.9790 
218   0.6867   2.9790 
219   0.6867   2.9790 
220   0.6867   2.9790 
221   0.6867   3.0028 
222   0.6867   3.0028 
223   0.6867   3.0028 
224   0.6867   3.0028 
225   0.6867   3.0028 
226   0.6867   3.0028 
227   0.6867   3.0028 
228   0.6867   3.0028 
229   0.6867   3.0028 
230   0.6867   3.0028 
231   0.6867   3.0028 
232   0.6867   3.0028 
233   0.6867   3.0028 
234   0.6867   3.0028 
235   0.6867   3.0028 
236   0.6867   3.0028 
237   0.6867   3.0028 
238   0.6867   3.0028 
239   0.6867   3.0028 
240   0.6867   3.0028 
241   0.6867   3.0028 
242   0.6867   3.0028 
243   0.6867   3.0028 
244   0.6867   3.0028 
245   0.6867   3.0028 
246   0.6867   3.0028 
247   0.6867   3.0028 
248   0.6867   3.0028 
249   0.6867   3.0028 
250   0.6867   3.0028 
251   0.6867   3.0028 
252   0.6867   3.0028 
253   0.6867   3.0028 
254   0.6867   3.0028 
255   0.6867   3.0028 
256   0.6867   3.0028 
257   0.6867   3.0028 
258   0.6867   3.0028 
259   0.6867   3.0028 
260   0.6867   3.0028 
261   0.6867   3.0028 
262   0.6867   3.0028 
263   0.6867   3.0028 
264   0.6867   3.0028 
265   0.6867   3.0028 
266   0.6867   3.0028 
267   0.6867   3.0028 
268   0.6867   3.0028 
269   0.6867   3.0028 
270   0.6867   3.0028 
271   0.6867   3.0028 
272   0.6867   3.0028 
273   0.6867   3.0028 
274   0.6867   3.0028 
275   0.6867   3.0028 
276   0.6867   3.0028 
277   0.6867   3.0028 
278   0.6867   3.0028 
279   0.6867   3.0028 
280   0.6867   3.0028 
281   0.6867   3.0028 
282   0.6867   3.0028 
283   0.6867   3.0028 
284   0.6867   3.0028 
285   0.6867   3.0028 
286   0.6867   3.0028 
287   0.6867   3.0028 
288   0.6867   3.0028 
289   0.6867   3.0028 
290   0.6867   3.0028 
291   0.6867   3.0028 
292   0.6867   3.0028 
293   0.6867   3.0028 
294   0.6867   3.0028 
295   0.6867   3.0028 
296   0.6867   3.0028 
297   0.6867   3.0028 
298   0.6867   3.0028 
299   0.6867   3.0028 
300   0.6867   3.0028 
301   0.6867   3.0028 
302   0.6867   3.0028 
303   0.6867   3.0028 
304   0.6867   3.0028 
305   0.6867   3.0028 
306   0.6867   3.0028 
307   0.6867   3.0028 
308   0.6867   3.0028 
309   0.6867   3.0028 
310   0.6867   3.0028 
311   0.6867   3.0028 
312   0.6867   3.0028 
313   0.6867   3.0028 
314   0.6867   3.0028 
315   0.6867   3.0028 
316   0.6867   3.0028 
317   0.6867   3.0028 
318   0.6867   3.0028 
319   0.6867   3.0028 
320   0.6867   3.0028 
321   0.6867   3.0028 
322   0.6867   3.0028 
323   0.6867   3.0028 
324   0.6867   3.0028 
325   0.6867   3.0028 
326   0.6867   3.0028 
327   0.6867   3.0028 
328   0.6867   3.0028 
329   0.6867   3.0028 
330   0.6867   3.0028 
331   0.6867   3.0028 
332   0.6867   3.0028 
333   0.6867   3.0028 
334   0.6867   3.0028 
335   0.6867   3.0028 
336   0.6867   3.0028 
337   0.6867   3.0028 
338   0.6867   3.0028 
339   0.6867   3.0028 
340   0.6867   3.0028 
341   0.6867   3.0028 
342   0.6867   3.0028 
343   0.6867   3.0028 
344   0.6867   3.0028 
345   0.6867   3.0028 
346   0.6867   3.0028 
347   0.6867   3.0028 
348   0.6867   3.0028 
349   0.6867   3.0028 
350   0.6867   3.0028 
351   0.6867   3.0028 
352   0.6867   3.0028 
353   0.6867   3.0028 
354   0.6867   3.0028 
355   0.6867   3.0028 
356   0.6867   3.0028 
357   0.6867   3.0028 
358   0.6867   3.0028 
359   0.6867   3.0028 
360   0.6867   3.0028 
361   0.6867   3.0028 
362   0.6867   3.0028 
363   0.6867   3.0028 
364   0.6867   3.0028 
365   0.6867   3.0028 
366   0.6867   3.0028 
367   0.6867   3.0028 
368   0.6867   3.0028 
369   0.6867   3.0028 
370   0.6867   3.0028 
371   0.6867   3.0028 
372   0.6867   3.0028 
373   0.6867   3.0028 
374   0.6867   3.0028 
375   0.6867   3.0028 
376   0.6867   3.0028 
377   0.6867   3.0028 
378   0.6867   3.0028 
379   0.6867   3.0028 
380   0.6867   3.0028 
381   0.6867   3.0028 
382   0.6867   3.0028 
383   0.6867   3.0028 
384   0.6867   3.0028 
385   0.6867   3.0028 
386   0.6867   3.0028 
387   0.6867   3.0028 
388   0.6867   3.0028 
389   0.6867   3.0028 
390   0.6867   3.0028 
391   0.6867   3.0028 
392   0.6867   3.0028 
393   0.6867   3.0028 
394   0.6867   3.0028 
395   0.6867   3.0028 
396   0.6867   3.0028 
397   0.6867   3.0028 
398   0.6867   3.0028 
399   0.6867   3.0028 
400   0.6867   3.0028 
401   0.6867   3.0028 
402   0.6867   3.0028 
403   0.6867   3.0028 
404   0.6867   3.0028 
405   0.6867   3.0028 
406   0.6867   3.0028 
407   0.6867   3.0028 
408   0.6867   3.0028 
409   0.6867   3.0028 
410   0.6867   3.0028 
411   0.6867   3.0028 
412   0.6867   3.0028 
413   0.6867   3.0028 
414   0.6867   3.0028 
415   0.6867   3.0028 
416   0.6867   3.0028 
417   0.6867   3.0028 
418   0.6867   3.0028 
419   0.6867   3.0028 
420   0.6867   3.0028 
421   0.6867   3.0028 
422   0.6867   3.0028 
423   0.6867   3.0028 
424   0.6867   3.0028 
425   0.6867   3.0028 
426   0.6867   3.0028 
427   0.6867   3.0028 
428   0.6867   3.0028 
429   0.6867   3.0028 
430   0.6867   3.0028 
431   0.6867   3.0028 
432   0.6867   3.0028 
433   0.6867   3.0028 
434   0.6867   3.0028 
435   0.6867   3.0028 
436   0.6867   3.0028 
437   0.6867   3.0028 
438   0.6867   3.0028 
439   0.6867   3.0028 
440   0.6867   3.0028 
441   0.6867   3.0028 
442   0.6867   3.0028 
443   0.6867   3.0028 
444   0.6867   3.0028 
445   0.6867   3.0028 
446   0.6867   3.0028 
447   0.6867   3.0028 
448   0.6867   3.0028 
449   0.6867   3.0028 
450   0.6867   3.0028 
451   0.6867   3.0028 
452   0.6867   3.0028 
453   0.6867   3.0028 
454   0.6867   3.0028 
455   0.6867   3.0028 
456   0.6867   3.0028 
457   0.6867   3.0028 
458   0.6867   3.0028 
459   0.6867   3.0028 
460   0.6867   3.0028 
461   0.6867   3.0028 
462   0.6867   3.0028 
463   0.6867   3.0028 
464   0.6867   3.0028 
465   0.6867   3.0028 
466   0.6867   3.0028 
467   0.6867   3.0028 
468   0.6867   3.0028 
469   0.6867   3.0028 
470   0.6867   3.0028 
471   0.6867   3.0028 
472   0.6867   3.0028 
473   0.6867   3.0028 
474   0.6867   3.0028 
475   0.6867   3.0028 
476   0.6867   3.0028 
477   0.6867   3.0028 
478   0.6867   3.0028 
479   0.6867   3.0028 
480   0.6867   3.0028 
481   0.6867   3.0028 
482   0.6867   3.0028 
483   0.6867   3.0028 
484   0.6867   3.0028 
485   0.6867   3.0028 
486   0.6867   3.0028 
487   0.6867   3.0028 
488   0.6867   3.0028 
489   0.6867   3.0028 
490   0.6867   3.0028 
491   0.6867   3.0028 
492   0.6867   3.0028 
493   0.6867   3.0028 
494   0.6867   3.0028 
495   0.6867   3.0028 
496   0.6867   3.0028 
497   0.6867   3.0028 
498   0.6867   3.0028 
499   0.6867   3.0028 
500   0.6867   3.0028 
501   0.6867   3.0028 
502   0.6867   3.0028 
503   0.6867   3.0028 
504   0.6867   3.0028 
505   0.6867   3.0028 
506   0.6867   3.0028 
507   0.6867   3.0028 
508   0.6867   3.0028 
509   0.6867   3.0028 
510   0.6867   3.0028 
511   0.6867   3.0028 
512   0.6867   3.0028 
513   0.6867   3.0028 
514   0.6867   3.0028 
515   0.6867   3.0028 
516   0.6867   3.0028 
517   0.6867   3.0028 
518   0.6867   3.0028 
519   0.6867   3.0028 
520   0.6867   3.0028 
521   0.6867   3.0028 
522   0.6867   3.0028 
523   0.6867   3.0028 
524   0.6867   3.0028 
525   0.6867   2.6771 
526   0.6867   2.6771 
527   0.6867   2.6771 
528   0.6867   2.6771 
529   0.6867   2.6771 
530   0.6867   2.6771 
531   0.6867   2.6771 
532   0.6867   2.6771 
533   0.6867   2.6771 
534   0.6867   2.6771 
535   0.6867   2.6771 
536   0.6867   2.6771 
537   0.6867   2.6771 
538   0.6867   2.6771 
539   0.6867   2.6771 
540   0.6867   2.6771 
541   0.6867   2.6771 
542   0.6867   2.6771 
543   0.6867   2.6771 
544   0.6867   2.6771 
545   0.6867   2.6771 
546   0.6867   2.6771 
547   0.6867   2.6771 
548   0.6867   2.6771 
549   0.6867   2.6771 
550   0.6867   2.6771 
551   0.6867   2.6771 
552   0.6867   2.6771 
553   0.6867   2.6771 
554   0.6867   2.6771 
555   0.6867   2.6771 
556   0.6867   2.6771 
557   0.6867   2.6771 
558   0.6867   2.6771 
559   0.6867   2.6771 
560   0.6867   2.6771 
561   0.6867   2.6771 
562   0.6867   2.6771 
563   0.6867   2.6771 
564   0.6867   2.6771 
565   0.6867   2.6771 
566   0.6867   2.6771 
567   0.6867   2.6771 
568   0.6867   2.6771 
569   0.6867   2.6771 
570   0.6867   2.6771 
571   0.6867   2.6771 
572   0.6867   2.6771 
573   0.6867   2.6771 
574   0.6867   2.6771 
575   0.6867   2.6771 
576   0.6867   2.6771 
577   0.6867   2.6771 
578   0.6867   2.6771 
579   0.6867   2.6771 
580   0.6867   2.6771 
581   0.6867   2.6771 
582   0.6867   2.6771 
583   0.6867   2.6771 
584   0.6867   2.6771 
585   0.6867   2.6771 
586   0.6867   2.6771 
587   0.6867   2.6771 
588   0.6867   2.6771 
589   0.6867   2.6771 
590   0.6867   2.6771 
591   0.6867   2.6771 
592   0.6867   2.6771 
593   0.6867   2.6771 
594   0.6867   2.6771 
595   0.6867   2.6771 
596   0.6867   2.6771 
597   0.6867   2.6771 
598   0.6867   2.6771 
599   0.6867   2.6771 
600   0.6867   2.6771 
601   0.6867   2.6771 
602   0.6867   2.6771 
603   0.6867   2.6771 
604   0.6867   2.6771 
605   0.6867   2.6771 
606   0.6867   2.6771 
607   0.6867   2.6771 
608   0.6867   2.6771 
609   0.6867   2.6771 
610   0.6867   2.6771 
611   0.6867   2.6771 
612   0.6867   2.6771 
613   0.6867   2.6771 
614   0.6867   2.6771 
615   0.6867   2.6771 
616   0.6867   2.6771 
617   0.6867   2.6771 
618   0.6867   2.6771 
619   0.6867   2.6771 
620   0.6867   2.6771 
621   0.6867   2.6771 
622   0.6867   2.6771 
623   0.6867   2.6771 
624   0.6867   2.6771 
625   0.6867   2.6771 
626   0.6867   2.6771 
627   0.6867   2.6771 
628   0.6867   2.6771 
629   0.6867   2.6771 
630   0.6867   2.6771 
631   0.6867   2.6771 
632   0.6867   2.6771 
633   0.6867   2.6771 
634   0.6867   2.6771 
635   0.6867   2.6771 
636   0.6867   2.6771 
637   0.6867   2.6771 
638   0.6867   2.6771 
639   0.6867   2.6771 
640   0.6867   2.6771 
641   0.6867   2.6771 
642   0.6867   2.6771 
643   0.6867   2.6771 
644   0.6867   2.6771 
645   0.6867   2.6771 
646   0.6867   2.6771 
647   0.6867   2.6771 
648   0.6867   2.6771 
649   0.6867   2.6771 
650   0.6867   2.6771 
651   0.6867   2.6771 
652   0.6867   2.6771 
653   0.6867   2.6771 
654   0.6867   2.6771 
655   0.6867   2.6771 
656   0.6867   2.6771 
657   0.6867   2.6771 
658   0.6867   2.6771 
659   0.6867   2.6771 
660   0.6867   2.6771 
661   0.6867   2.6771 
662   0.6867   2.6771 
663   0.6867   2.6771 
664   0.6867   2.6771 
665   0.6867   2.6771 
666   0.6867   2.6771 
667   0.6867   2.6771 
668   0.6867   2.6771 
669   0.6867   2.6771 
670   0.6867   2.6771 
671   0.6867   2.6771 
672   0.6867   2.6771 
673   0.6867   2.6771 
674   0.6867   2.6771 
675   0.6867   2.6771 
676   0.6867   2.6771 
677   0.6867   2.6771 
678   0.6867   2.6771 
679   0.6526   2.6771 
680   0.6526   2.6771 
681   0.6526   2.6771 
682   0.6526   2.6771 
683   0.6526   2.6771 
684   0.6526   2.6771 
685   0.6526   2.6771 
686   0.6526   2.6771 
687   0.6526   2.6771 
688   0.6526   2.6771 
689   0.6526   2.6771 
690   0.6526   2.6771 
691   0.6526   2.6771 
692   0.6526   2.6771 
693   0.6526   2.6771 
694   0.6526   2.6771 
695   0.6526   2.6771 
696   0.6526   2.6771 
697   0.6526   2.6771 
698   0.6526   2.6771 
699   0.6526   2.6771 
700   0.6526   2.6771 
701   0.6526   2.6771 
702   0.6526   2.6771 
703   0.6526   2.6771 
704   0.6526   2.6771 
705   0.6526   2.6771 
706   0.6526   2.6771 
707   0.6526   2.6771 
708   0.6526   2.6771 
709   0.6526   2.6771 
710   0.6526   2.6771 
711   0.6526   2.6771 
712   0.6526   2.6771 
713   0.6311   2.6771 
714   0.6232   2.6771 
715   0.6232   2.6771 
716   0.6232   2.6771 
717   0.6232   2.6771 
718   0.6232   2.6771 
719   0.6232   2.6771 
720   0.6232   2.6771 
721   0.6232   2.6771 
722   0.6232   2.6771 
723   0.6232   2.6771 
724   0.6232   2.6771 
725   0.6232   2.6771 
726   0.6232   2.6771 
727   0.6232   2.6771 
728   0.6232   2.6771 
729   0.6232   2.6771 
730   0.6232   2.6771 
731   0.6232   2.6771 
732   0.6232   2.6771 
733   0.6232   2.6771 
734   0.6232   2.6771 
735   0.6232   2.6771 
736   0.6232   2.6771 
737   0.6232   2.6771 
738   0.6232   2.6771 
739   0.6232   2.6771 
740   0.6232   2.6771 
741   0.6232   2.6771 
742   0.6232   2.6771 
743   0.6232   2.6771 
744   0.6232   2.6771 
745   0.6232   2.6771 
746   0.6232   2.6771 
747   0.6232   2.6771 
748   0.6232   2.6771 
749   0.6232   2.6771 
750   0.6232   2.6771 
751   0.6232   2.6771 
752   0.6232   2.6771 
753   0.6232   2.6771 
754   0.6232   2.6771 
755   0.6232   2.6771 
756   0.6232   2.6771 
757   0.6232   2.6771 
758   0.6232   2.6771 
759   0.6232   2.6771 
760   0.6232   2.6771 
761   0.6232   2.6771 
762   0.6232   2.6771 
763   0.6232   2.6771 
764   0.6232   2.6771 
765   0.6232   2.6771 
766   0.6232   2.6771 
767   0.6232   2.6771 
768   0.6232   2.6771 
769   0.6171   2.6771 
770   0.6171   2.6771 
771   0.6171   2.6771 
772   0.6171   2.6771 
773   0.6171   2.6771 
774   0.6171   2.6771 
775   0.6171   2.6771 
776   0.6171   2.6771 
777   0.6171   2.6771 
778   0.6171   2.6771 
779   0.6171   2.6771 
780   0.6171   2.6771 
781   0.6171   2.6771 
782   0.6171   2.6771 
783   0.6171   2.6771 
784   0.6171   2.6771 
785   0.6171   2.6771 
786   0.6105   2.6771 
787   0.6105   2.6771 
788   0.6105   2.6771 
789   0.6105   2.6771 
790   0.6105   2.6771 
791   0.6105   2.6771 
792   0.6105   2.6771 
793   0.6105   2.6771 
794   0.6105   2.6771 
795   0.6105   2.6771 
796   0.6105   2.6771 
797   0.6105   2.6771 
798   0.6105   2.6771 
799   0.6105   2.6771 
800   0.6105   2.6771 
801   0.6105   2.6771 
802   0.6105   2.6771 
803   0.6105   2.6771 
804   0.6105   2.6771 
805   0.6105   2.6771 
806   0.6105   2.6771 
807   0.6105   2.6771 
808   0.6105   2.6771 
809   0.6105   2.6771 
810   0.6105   2.6771 
811   0.6105   2.6771 
812   0.6105   2.6771 
813   0.6105   2.6771 
814   0.6105   2.6771 
815   0.6105   2.6771 
816   0.6105   2.6771 
817   0.6105   2.6771 
818   0.6105   2.6771 
819   0.6105   2.6771 
820   0.6105   2.6771 
821   0.6105   2.6771 
822   0.6105   2.6771 
823   0.6105   2.6771 
824   0.6105   2.6771 
825   0.6105   2.6771 
826   0.6105   2.6771 
827   0.6105   2.6771 
828   0.6105   2.6771 
829   0.6105   2.6771 
830   0.6105   2.6771 
831   0.6105   2.6771 
832   0.6105   2.6771 
833   0.6105   2.6771 
834   0.6105   2.6771 
835   0.6105   2.6771 
836   0.6105   2.6771 
837   0.6105   2.6771 
838   0.6105   2.6771 
839   0.6105   2.6771 
840   0.6105   2.6771 
841   0.6105   2.6771 
842   0.6105   2.6771 
843   0.6105   2.6771 
844   0.6105   2.6771 
845   0.6105   2.6771 
846   0.6105   2.6771 
847   0.6105   2.6771 
848   0.6105   2.6771 
849   0.6105   2.6771 
850   0.6105   2.6771 
851   0.6105   2.6771 
852   0.6105   2.6771 
853   0.6105   2.6771 
854   0.6105   2.6771 
855   0.6105   2.6771 
856   0.6105   2.6771 
857   0.6105   2.6771 
858   0.6105   2.6771 
859   0.6105   2.6771 
860   0.6105   2.6771 
861   0.6105   2.6771 
862   0.6105   2.6771 
863   0.6105   2.6771 
864   0.6105   2.6771 
865   0.6105   2.6771 
866   0.6105   2.6771 
867   0.6105   2.6771 
868   0.6105   2.6771 
869   0.6105   2.6771 
870   0.6105   2.6771 
871   0.6105   2.6771 
872   0.6105   2.6771 
873   0.6105   2.6771 
874   0.6105   2.6771 
875   0.6105   2.6771 
876   0.6105   2.6771 
877   0.6105   2.6771 
878   0.6105   2.6771 
879   0.6105   2.6771 
880   0.6105   2.6771 
881   0.6105   2.6771 
882   0.6105   2.6771 
883   0.6105   2.6771 
884   0.6105   2.6771 
885   0.6105   2.6771 
886   0.6105   2.6771 
887   0.6105   2.6771 
888   0.6105   2.6771 
889   0.6105   2.6771 
890   0.6105   2.6771 
891   0.6105   2.6771 
892   0.6105   2.6771 
893   0.6105   2.6771 
894   0.6105   2.6771 
895   0.6105   2.6771 
896   0.6105   2.6771 
897   0.6105   2.6771 
898   0.6105   2.6771 
899   0.6105   2.6771 
900   0.6105   2.6771 
901   0.6105   2.6771 
902   0.6105   2.6771 
903   0.6105   2.6771 
904   0.6105   2.6771 
905   0.6105   2.6771 
906   0.6105   2.6771 
907   0.6105   2.6771 
908   0.6105   2.6771 
909   0.6105   2.6771 
910   0.6105   2.6771 
911   0.6105   2.6771 
912   0.6105   2.6771 
913   0.6105   2.6771 
914   0.6105   2.6771 
915   0.6105   2.6771 
916   0.6105   2.6771 
917   0.6105   2.6771 
918   0.6105   2.6771 
919   0.6105   2.6771 
920   0.6105   2.6771 
921   0.6105   2.6771 
922   0.6105   2.6771 
923   0.6105   2.6771 
924   0.6105   2.6771 
925   0.6105   2.6771 
926   0.6105   2.6771 
927   0.6105   2.6771 
928   0.6105   2.6771 
929   0.6105   2.6771 
930   0.6105   2.6771 
931   0.6105   2.6771 
932   0.6105   2.6771 
933   0.6105   2.6771 
934   0.6105   2.6771 
935   0.6105   2.6771 
936   0.6105   2.6771 
937   0.6105   2.6771 
938   0.6105   2.6771 
939   0.6105   2.6771 
940   0.6105   2.6771 
941   0.6105   2.6771 
942   0.6105   2.6771 
943   0.6105   2.6771 
944   0.6105   2.6771 
945   0.6105   2.6771 
946   0.6105   2.6771 
947   0.6105   2.6771 
948   0.6105   2.6771 
949   0.6105   2.6771 
950   0.6105   2.6771 
951   0.6105   2.6771 
952   0.6105   2.6771 
953   0.6105   2.6771 
954   0.6105   2.6771 
955   0.6105   2.6771 
956   0.6105   2.6771 
957   0.6105   2.6771 
958   0.6105   2.6771 
959   0.6105   2.6771 
960   0.6105   2.6771 
961   0.6105   2.6771 
962   0.6105   2.6771 
963   0.6105   2.6771 
964   0.6105   2.6771 
965   0.6105   2.6771 
966   0.6105   2.6771 
967   0.6105   2.6771 
968   0.6105   2.6771 
969   0.6105   2.6771 
970   0.6105   2.6771 
971   0.6105   2.6771 
972   0.6105   2.6771 
973   0.6105   2.6771 
974   0.6105   2.6771 
975   0.6105   2.6771 
976   0.6105   2.6771 
977   0.6105   2.6771 
978   0.6105   2.6771 
979   0.6105   2.6771 
980   0.6105   2.6771 
981   0.6105   2.6771 
982   0.6105   2.6771 
983   0.6105   2.6771 
984   0.6105   2.6771 
985   0.6105   2.6771 
986   0.6105   2.6771 
987   0.6105   2.6771 
988   0.6105   2.6771 
989   0.6105   2.6771 
990   0.6105   2.6771 
991   0.6105   2.6771 
992   0.6105   2.6771 
993   0.6105   2.6771 
994   0.6105   2.6771 
995   0.6105   2.6771 
996   0.6105   2.6771 
997   0.6105   2.6771 
998   0.6105   2.6771 
999   0.6105   2.6771 
1000   0.6105   2.6771 
1001   0.6105   2.6771 
1002   0.6105   2.6771 
1003   0.6105   2.6771 
1004   0.6105   2.6771 
1005   0.6105   2.6771 
1006   0.6105   2.6771 
1007   0.6105   2.6771 
1008   0.6105   2.6771 
1009   0.6105   2.6771 
1010   0.6105   2.6771 
1011   0.6105   2.6771 
1012   0.6105   2.6771 
1013   0.6105   2.6771 
1014   0.6105   2.6771 
1015   0.6105   2.6771 
1016   0.6105   2.6771 
1017   0.6105   2.6771 
1018   0.6105   2.6771 
1019   0.6105   2.6771 
1020   0.6105   2.6771 
1021   0.6105   2.6771 
1022   0.6105   2.6771 
1023   0.6105   2.6771 
1024   0.6105   2.6771 
1025   0.6105   2.6771 
1026   0.6105   2.6771 
1027   0.6105   2.6771 
1028   0.6105   2.6771 
1029   0.6105   2.6771 
1030   0.6105   2.6771 
1031   0.6105   2.6771 
1032   0.6105   2.6771 
1033   0.6105   2.6771 
1034   0.6105   2.6771 
1035   0.6105   2.6771 
1036   0.6105   2.6771 
1037   0.6105   2.6771 
1038   0.6105   2.6771 
1039   0.6105   2.6771 
1040   0.6105   2.6771 
1041   0.6105   2.6771 
1042   0.6105   2.6771 
1043   0.6105   2.6771 
1044   0.6105   2.6771 
1045   0.6105   2.6771 
1046   0.6105   2.6771 
1047   0.6105   2.6771 
1048   0.6105   2.6771 
1049   0.6105   2.6771 
1050   0.6105   2.6771 
1051   0.6105   2.6771 
1052   0.6105   2.6771 
1053   0.6105   2.6771 
1054   0.6105   2.6771 
1055   0.6105   2.6771 
1056   0.6105   2.6771 
1057   0.6105   2.6771 
1058   0.6105   2.6771 
1059   0.6105   2.6771 
1060   0.6105   2.6771 
1061   0.6105   2.6771 
1062   0.6105   2.6771 
1063   0.6105   2.6771 
1064   0.6105   2.6771 
1065   0.6105   2.6771 
1066   0.6105   2.6771 
1067   0.6105   2.6771 
1068   0.6105   2.6771 
1069   0.6105   2.6771 
1070   0.6105   2.6771 
1071   0.6105   2.6771 
1072   0.6105   2.6771 
1073   0.6105   2.6771 
1074   0.6105   2.6771 
1075   0.6105   2.6771 
1076   0.6105   2.6771 
1077   0.6105   2.6771 
1078   0.6105   2.6771 
1079   0.6105   2.6771 
1080   0.6105   2.6771 
1081   0.6105   2.6771 
1082   0.5422   2.6771 
1083   0.5422   2.6771 
1084   0.5422   2.6771 
1085   0.5422   2.6771 
1086   0.5422   2.6771 
1087   0.5422   2.6771 
1088   0.5422   2.6771 
1089   0.5422   2.6771 
1090   0.5422   2.6771 
1091   0.5422   2.6771 
1092   0.5422   2.6771 
1093   0.5422   2.6771 
1094   0.5422   2.6771 
1095   0.5422   2.6771 
1096   0.5422   2.6771 
1097   0.5422   2.6771 
1098   0.5422   2.6771 
1099   0.5422   2.6771 
1100   0.5422   2.6771 
1101   0.5422   2.6771 
1102   0.5422   2.6771 
1103   0.5422   2.6771 
1104   0.5422   2.6771 
1105   0.5422   2.6771 
1106   0.5422   2.6771 
1107   0.5422   2.6771 
1108   0.5422   2.6771 
1109   0.5422   2.6771 
1110   0.5422   2.6771 
1111   0.5422   2.6771 
1112   0.5422   2.6771 
1113   0.5422   2.6771 
1114   0.5422   2.6771 
1115   0.5422   2.6771 
1116   0.5422   2.6771 
1117   0.5422   2.6771 
1118   0.5422   2.6771 
1119   0.5422   2.6771 
1120   0.5422   2.6771 
1121   0.5422   2.6771 
1122   0.5422   2.6771 
1123   0.5422   2.6771 
1124   0.5422   2.6771 
1125   0.5422   2.6771 
1126   0.5422   2.6771 
1127   0.5422   2.6771 
1128   0.5422   2.6771 
1129   0.5422   2.6771 
1130   0.5422   2.6771 
1131   0.5422   2.6771 
1132   0.5422   2.6771 
1133   0.5422   2.6771 
1134   0.5422   2.6771 
1135   0.5422   2.6771 
1136   0.5422   2.6771 
1137   0.5422   2.6771 
1138   0.5422   2.6771 
1139   0.5422   2.6771 
1140   0.5422   2.6771 
1141   0.5422   2.6771 
1142   0.5422   2.6771 
1143   0.5422   2.6771 
1144   0.5422   2.6771 
1145   0.5422   2.6771 
1146   0.5422   2.6771 
1147   0.5422   2.6771 
1148   0.5422   2.6771 
1149   0.5422   2.6771 
1150   0.5422   2.6771 
1151   0.5422   2.6771 
1152   0.5422   2.6771 
1153   0.5422   2.6771 
1154   0.5422   2.6771 
1155   0.5422   2.6771 
1156   0.5422   2.6771 
1157   0.5422   2.6771 
1158   0.5422   2.6771 
1159   0.5422   2.6771 
1160   0.5422   2.6771 
1161   0.5422   2.6771 
1162   0.5422   2.6771 
1163   0.5422   2.6771 
1164   0.5422   2.6771 
1165   0.5422   2.6771 
1166   0.5422   2.6771 
1167   0.5422   2.6771 
1168   0.5422   2.6771 
1169   0.5422   2.6771 
1170   0.5422   2.6771 
1171   0.5422   2.6771 
1172   0.5422   2.6771 
1173   0.5422   2.6771 
1174   0.5422   2.6771 
1175   0.5422   2.6771 
1176   0.5422   2.6771 
1177   0.5422   2.6771 
1178   0.5422   2.6771 
1179   0.5422   2.6771 
1180   0.5422   2.6771 
1181   0.5422   2.6771 
1182   0.5422   2.6771 
1183   0.5422   2.6771 
1184   0.5422   2.6771 
1185   0.5422   2.6771 
1186   0.5422   2.6771 
1187   0.5422   2.6771 
1188   0.5422   2.6771 
1189   0.5422   2.6771 
1190   0.5422   2.6771 
1191   0.5422   2.6771 
1192   0.5422   2.6771 
1193   0.5422   2.6771 
1194   0.5422   2.6771 
1195   0.5422   2.6771 
1196   0.5422   2.6771 
1197   0.5422   2.6771 
1198   0.5422   2.6771 
1199   0.5422   2.6771 
1200   0.5422   2.6771 
1201   0.5422   2.6771 
1202   0.5422   2.6771 
1203   0.5422   2.6771 
1204   0.5422   2.6771 
1205   0.5422   2.6771 
1206   0.5422   2.6771 
1207   0.5422   2.6771 
1208   0.5422   2.6771 
1209   0.5422   2.6771 
1210   0.5422   2.6771 
1211   0.5422   2.6771 
1212   0.5422   2.6771 
1213   0.5422   2.6771 
1214   0.5422   2.6771 
1215   0.5422   2.6771 
1216   0.5422   2.6771 
1217   0.5422   2.6771 
1218   0.5422   2.6771 
1219   0.5422   2.6771 
1220   0.5422   2.6771 
1221   0.5422   2.6771 
1222   0.5422   2.6771 
1223   0.5422   2.6771 
1224   0.5422   2.6771 
1225   0.5422   2.6771 
1226   0.5422   2.6771 
1227   0.5422   2.6771 
1228   0.5422   2.6771 
1229   0.5422   2.6771 
1230   0.5422   2.6771 
1231   0.5422   2.6771 
1232   0.5422   2.6771 
1233   0.5422   2.6771 
1234   0.5422   2.6771 
1235   0.5422   2.6771 
1236   0.5422   2.6771 
1237   0.5422   2.6771 
1238   0.5422   2.6771 
1239   0.5422   2.6771 
1240   0.5422   2.6771 
1241   0.5422   2.6771 
1242   0.5422   2.6771 
1243   0.5422   2.6771 
1244   0.5422   2.6771 
1245   0.5422   2.6771 
1246   0.5422   2.6771 
1247   0.5422   2.6771 
1248   0.5422   2.6771 
1249   0.5422   2.6771 
1250   0.5422   2.6771 
1251   0.5422   2.6771 
1252   0.5422   2.6771 
1253   0.5422   2.6771 
1254   0.5422   2.6771 
1255   0.5422   2.6771 
1256   0.5422   2.6771 
1257   0.5422   2.6771 
1258   0.5422   2.6771 
1259   0.5422   2.6771 
1260   0.5422   2.6771 
1261   0.5422   2.6771 
1262   0.5422   2.6771 
1263   0.5422   2.6771 
1264   0.5422   2.6771 
1265   0.5422   2.6771 
1266   0.5422   2.6771 
1267   0.5422   2.6771 
1268   0.5422   2.6771 
1269   0.5422   2.6771 
1270   0.5422   2.6771 
1271   0.5422   2.6771 
1272   0.5422   2.6771 
1273   0.5422   2.6771 
1274   0.5422   2.6771 
1275   0.5422   2.6771 
1276   0.5422   2.6771 
1277   0.5422   2.6771 
1278   0.5422   2.6771 
1279   0.5422   2.6771 
1280   0.5422   2.6771 
1281   0.5422   2.6771 
1282   0.5422   2.6771 
1283   0.5422   2.6771 
1284   0.5422   2.6771 
1285   0.5422   2.6771 
1286   0.5422   2.6771 
1287   0.5422   2.6771 
1288   0.5422   2.6771 
1289   0.5422   2.6771 
1290   0.5422   2.6771 
1291   0.5422   2.6771 
1292   0.5422   2.6771 
1293   0.5422   2.6771 
1294   0.5422   2.6771 
1295   0.5422   2.6771 
1296   0.5422   2.6771 
1297   0.5422   2.6771 
1298   0.5422   2.6771 
1299   0.5422   2.6771 
1300   0.5422   2.6771 
1301   0.5422   2.6771 
1302   0.5422   2.6771 
1303   0.5422   2.6771 
1304   0.5422   2.6771 
1305   0.5422   2.6771 
1306   0.5422   2.6771 
1307   0.5422   2.6771 
1308   0.5422   2.6771 
1309   0.5422   2.6771 
1310   0.5422   2.6771 
1311   0.5422   2.6771 
1312   0.5422   2.6771 
1313   0.5422   2.6771 
1314   0.5422   2.6771 
1315   0.5422   2.6771 
1316   0.5422   2.6771 
1317   0.5422   2.6771 
1318   0.5422   2.6771 
1319   0.5422   2.6771 
1320   0.5422   2.6771 
1321   0.5422   2.6771 
1322   0.5422   2.6771 
1323   0.5422   2.6771 
1324   0.5422   2.6771 
1325   0.5422   2.6771 
1326   0.5422   2.6771 
1327   0.5422   2.6771 
1328   0.5422   2.6771 
1329   0.5422   2.6771 
1330   0.5422   2.6771 
1331   0.5422   2.6771 
1332   0.5422   2.6771 
1333   0.5422   2.6771 
1334   0.5422   2.6771 
1335   0.5422   2.6771 
1336   0.5422   2.6771 
1337   0.5422   2.6771 
1338   0.5422   2.6771 
1339   0.5422   2.6771 
1340   0.5422   2.6771 
1341   0.5422   2.6771 
1342   0.5422   2.6771 
1343   0.5422   2.6771 
1344   0.5422   2.6771 
1345   0.5422   2.6771 
1346   0.5422   2.6771 
1347   0.5422   2.6771 
1348   0.5422   2.6771 
1349   0.5422   2.6771 
1350   0.5422   2.6771 
1351   0.5422   2.6771 
1352   0.5422   2.6771 
1353   0.5422   2.6771 
1354   0.5422   2.6771 
1355   0.5422   2.6771 
1356   0.5422   2.6771 
1357   0.5422   2.6771 
1358   0.5422   2.6771 
1359   0.5422   2.6771 
1360   0.5422   2.6771 
1361   0.5422   2.6771 
1362   0.5422   2.6771 
1363   0.5422   2.6771 
1364   0.5422   2.6771 
1365   0.5422   2.6771 
1366   0.5422   2.6771 
1367   0.5422   2.6771 
1368   0.5422   2.6771 
1369   0.5422   2.6771 
1370   0.5422   2.6771 
1371   0.5422   2.6771 
1372   0.5422   2.6771 
1373   0.5422   2.6771 
1374   0.5422   2.6771 
1375   0.5422   2.6771 
1376   0.5422   2.6771 
1377   0.5422   2.6771 
1378   0.5422   2.6771 
1379   0.5422   2.6771 
1380   0.5422   2.6771 
1381   0.5422   2.6771 
1382   0.5422   2.6771 
1383   0.5422   2.6771 
1384   0.5422   2.6771 
1385   0.5422   2.6771 
1386   0.5422   2.6771 
1387   0.5422   2.6771 
1388   0.5422   2.6771 
1389   0.5422   2.6771 
1390   0.5422   2.6771 
1391   0.5422   2.6771 
1392   0.5422   2.6771 
1393   0.5422   2.6771 
1394   0.5422   2.6771 
1395   0.5422   2.6771 
1396   0.5422   2.6771 
1397   0.5422   2.6771 
1398   0.5422   2.6771 
1399   0.5422   2.6771 
1400   0.5422   2.6771 
1401   0.5422   2.6771 
1402   0.5422   2.6771 
1403   0.5422   2.6771 
1404   0.5422   2.6771 
1405   0.5422   2.6771 
1406   0.5422   2.6771 
1407   0.5422   2.6771 
1408   0.5422   2.6771 
1409   0.5422   2.6771 
1410   0.5422   2.6771 
1411   0.5422   2.6771 
1412   0.5422   2.6771 
1413   0.5422   2.6771 
1414   0.5422   2.6771 
1415   0.5422   2.6771 
1416   0.5422   2.6771 
1417   0.5422   2.6771 
1418   0.5422   2.6771 
1419   0.5422   2.6771 
1420   0.5422   2.6771 
1421   0.5422   2.6771 
1422   0.5422   2.6771 
1423   0.5422   2.6771 
1424   0.5422   2.6771 
1425   0.5422   2.6771 
1426   0.5422   2.6771 
1427   0.5422   2.6771 
1428   0.5422   2.6771 
1429   0.5422   2.6771 
1430   0.5422   2.6771 
1431   0.5422   2.6771 
1432   0.5422   2.6771 
1433   0.5422   2.6771 
1434   0.5422   2.6771 
1435   0.5422   2.6771 
1436   0.5422   2.6771 
1437   0.5422   2.6771 
1438   0.5422   2.6771 
1439   0.5422   2.6771 
1440   0.5422   2.6771 
1441   0.5422   2.6771 
1442   0.5422   2.6771 
1443   0.5422   2.6771 
1444   0.5422   2.6771 
1445   0.5422   2.6771 
1446   0.5422   2.6771 
1447   0.5422   2.6771 
1448   0.5422   2.6771 
1449   0.5422   2.6771 
1450   0.5422   2.6771 
1451   0.5422   2.6771 
1452   0.5422   2.6771 
1453   0.5422   2.6771 
1454   0.5422   2.6771 
1455   0.5422   2.6771 
1456   0.5422   2.6771 
1457   0.5422   2.6771 
1458   0.5422   2.6771 
1459   0.5422   2.6771 
1460   0.5422   2.6771 
1461   0.5422   2.6771 
1462   0.5422   2.6771 
1463   0.5422   2.6771 
1464   0.5422   2.6771 
1465   0.5422   2.6771 
1466   0.5422   2.6771 
1467   0.5422   2.6771 
1468   0.5422   2.6771 
1469   0.5422   2.6771 
1470   0.5422   2.6771 
1471   0.5422   2.6771 
1472   0.5422   2.6771 
1473   0.5422   2.6771 
1474   0.5422   2.6771 
1475   0.5422   2.6771 
1476   0.5422   2.6771 
1477   0.5422   2.6771 
1478   0.5422   2.6771 
1479   0.5422   2.6771 
1480   0.5422   2.6771 
1481   0.5422   2.6771 
1482   0.5422   2.6771 
1483   0.5422   2.6771 
1484   0.5422   2.6771 
1485   0.5422   2.6771 
1486   0.5422   2.6771 
1487   0.5422   2.6771 
1488   0.5422   2.6771 
1489   0.5422   2.6771 
1490   0.5422   2.6771 
1491   0.5422   2.6771 
1492   0.5422   2.6771 
1493   0.5422   2.6771 
1494   0.5422   2.6771 
1495   0.5422   2.6771 
1496   0.5422   2.6771 
1497   0.5422   2.6771 
1498   0.5422   2.6771 
1499   0.5422   2.6771 
1500   0.5422   2.6771 
1501   0.5422   2.6771 
1502   0.5422   2.6771 
1503   0.5422   2.6771 
1504   0.5422   2.6771 
1505   0.5422   2.6771 
1506   0.5422   2.6771 
1507   0.5422   2.6771 
1508   0.5422   2.6771 
1509   0.5422   2.6771 
1510   0.5422   2.6771 
1511   0.5422   2.6771 
1512   0.5422   2.6771 
1513   0.5422   2.6771 
1514   0.5422   2.6771 
1515   0.5422   2.6771 
1516   0.5422   2.6771 
1517   0.5422   2.6771 
1518   0.5422   2.6771 
1519   0.5422   2.6771 
1520   0.5422   2.6771 
1521   0.5422   2.6771 
1522   0.5422   2.6771 
1523   0.5422   2.6771 
1524   0.5422   2.6771 
1525   0.5422   2.6771 
1526   0.5422   2.6771 
1527   0.5422   2.6771 
1528   0.5422   2.6771 
1529   0.5422   2.6771 
1530   0.5422   2.6771 
1531   0.5422   2.6771 
1532   0.5422   2.6771 
1533   0.5422   2.6771 
1534   0.5422   2.6771 
1535   0.5422   2.6771 
1536   0.5422   2.6771 
1537   0.5422   2.6771 
1538   0.5422   2.6771 
1539   0.5422   2.6771 
1540   0.5422   2.6771 
1541   0.5422   2.6771 
1542   0.5422   2.6771 
1543   0.5422   2.6771 
1544   0.5422   2.6771 
1545   0.5422   2.6771 
1546   0.5422   2.6771 
1547   0.5422   2.6771 
1548   0.5422   2.6771 
1549   0.5422   2.6771 
1550   0.5422   2.6771 
1551   0.5422   2.6771 
1552   0.5422   2.6771 
1553   0.5422   2.6771 
1554   0.5422   2.6771 
1555   0.5422   2.6771 
1556   0.5422   2.6771 
1557   0.5422   2.6771 
1558   0.5422   2.6771 
1559   0.5422   2.6771 
1560   0.5422   2.6771 
1561   0.5422   2.6771 
1562   0.5422   2.6771 
1563   0.5422   2.6771 
1564   0.5422   2.6771 
1565   0.5422   2.6771 
1566   0.5422   2.6771 
1567   0.5422   2.6771 
1568   0.5422   2.6771 
1569   0.5422   2.6771 
1570   0.5422   2.6771 
1571   0.5422   2.6771 
1572   0.5422   2.6771 
1573   0.5422   2.6771 
1574   0.5422   2.6771 
1575   0.5422   2.6771 
1576   0.5422   2.6771 
1577   0.5422   2.6771 
1578   0.5422   2.6771 
1579   0.5422   2.6771 
1580   0.5422   2.6771 
1581   0.5422   2.6771 
1582   0.5422   2.6771 
1583   0.5422   2.6771 
1584   0.5422   2.6771 
1585   0.5422   2.6771 
1586   0.5422   2.6771 
1587   0.5422   2.6771 
1588   0.5422   2.6771 
1589   0.5422   2.6771 
1590   0.5422   2.6771 
1591   0.5422   2.6771 
1592   0.5422   2.6771 
1593   0.5422   2.6771 
1594   0.5422   2.6771 
1595   0.5422   2.6771 
1596   0.5422   2.6771 
1597   0.5422   2.6771 
1598   0.5422   2.6771 
1599   0.5422   2.6771 
1600   0.5422   2.6771 
1601   0.5422   2.6771 
1602   0.5422   2.6771 
1603   0.5422   2.6771 
1604   0.5422   2.6771 
1605   0.5422   2.6771 
1606   0.5422   2.6771 
1607   0.5422   2.6771 
1608   0.5422   2.6771 
1609   0.5422   2.6771 
1610   0.5422   2.6771 
1611   0.5422   2.6771 
1612   0.5422   2.6771 
1613   0.5422   2.6771 
1614   0.5422   2.6771 
1615   0.5422   2.6771 
1616   0.5422   2.6771 
1617   0.5422   2.6771 
1618   0.5422   2.6771 
1619   0.5422   2.6771 
1620   0.5422   2.6771 
1621   0.5422   2.6771 
1622   0.5422   2.6771 
1623   0.5422   2.6771 
1624   0.5422   2.6771 
1625   0.5422   2.6771 
1626   0.5422   2.6771 
1627   0.5422   2.6771 
1628   0.5422   2.6771 
1629   0.5422   2.6771 
1630   0.5422   2.6771 
1631   0.5422   2.6771 
1632   0.5422   2.6771 
1633   0.5422   2.6771 
1634   0.5422   2.6771 
1635   0.5422   2.6771 
1636   0.5422   2.6771 
1637   0.5422   2.6771 
1638   0.5422   2.6771 
1639   0.5422   2.6771 
1640   0.5422   2.6771 
1641   0.5422   2.6771 
1642   0.5422   2.6771 
1643   0.5422   2.6771 
1644   0.5422   2.6771 
1645   0.5422   2.6771 
1646   0.5422   2.6771 
1647   0.5422   2.6771 
1648   0.5422   2.6771 
1649   0.5422   2.6771 
1650   0.5422   2.6771 
1651   0.5422   2.6771 
1652   0.5422   2.6771 
1653   0.5422   2.6771 
1654   0.5422   2.6771 
1655   0.5422   2.6771 
1656   0.5422   2.6771 
1657   0.5422   2.6771 
1658   0.5422   2.6771 
1659   0.5422   2.6771 
1660   0.5422   2.6771 
1661   0.5422   2.6771 
1662   0.5422   2.6771 
1663   0.5422   2.6771 
1664   0.5422   2.6771 
1665   0.5422   2.6771 
1666   0.5422   2.6771 
1667   0.5422   2.6771 
1668   0.5422   2.6771 
1669   0.5422   2.6771 
1670   0.5422   2.6771 
1671   0.5422   2.6771 
1672   0.5422   2.6771 
1673   0.5422   2.6771 
1674   0.5422   2.6771 
1675   0.5422   2.6771 
1676   0.5422   2.6771 
1677   0.5422   2.6771 
1678   0.5422   2.6771 
1679   0.5422   2.6771 
1680   0.5422   2.6771 
1681   0.5422   2.6771 
1682   0.5422   2.6771 
1683   0.5422   2.6771 
1684   0.5422   2.6771 
1685   0.5422   2.6771 
1686   0.5422   2.6771 
1687   0.5422   2.6771 
1688   0.5422   2.6771 
1689   0.5422   2.6771 
1690   0.5422   2.6771 
1691   0.5422   2.6771 
1692   0.5422   2.6771 
1693   0.5422   2.6771 
1694   0.5422   2.6771 
1695   0.5422   2.6771 
1696   0.5422   2.6771 
1697   0.5422   2.6771 
1698   0.5422   2.6771 
1699   0.5422   2.6771 
1700   0.5422   2.6771 
1701   0.5422   2.6771 
1702   0.5422   2.6771 
1703   0.5422   2.6771 
1704   0.5422   2.6771 
1705   0.5422   2.6771 
1706   0.5422   2.6771 
1707   0.5422   3.9315 
1708   0.5422   3.9315 
1709   0.5422   3.9315 
1710   0.5422   3.9315 
1711   0.5422   3.9315 
1712   0.5422   3.9315 
1713   0.5422   3.9315 
1714   0.5422   3.9315 
1715   0.5422   3.9315 
1716   0.5422   3.9315 
1717   0.5422   3.9315 
1718   0.5422   3.9315 
1719   0.5422   3.9315 
1720   0.5422   3.9315 
1721   0.5422   3.9315 
1722   0.5422   3.9315 
1723   0.5422   3.9315 
1724   0.5422   3.9315 
1725   0.5422   3.9315 
1726   0.5422   3.9315 
1727   0.5422   3.9315 
1728   0.5422   3.9315 
1729   0.5422   3.9315 
1730   0.5422   3.9315 
1731   0.5422   3.9315 
1732   0.5422   3.9315 
1733   0.5422   3.9315 
1734   0.5422   3.9315 
1735   0.5422   3.9315 
1736   0.5422   3.9315 
1737   0.5422   3.9315 
1738   0.5422   3.9315 
1739   0.5422   3.9315 
1740   0.5422   3.9315 
1741   0.5422   3.9315 
1742   0.5422   3.9315 
1743   0.5422   3.9315 
1744   0.5422   3.9315 
1745   0.5422   3.9315 
1746   0.5422   3.9315 
1747   0.5422   3.9315 
1748   0.5422   3.9315 
1749   0.5422   3.9315 
1750   0.5422   3.9315 
1751   0.5422   3.9315 
1752   0.5422   3.9315 
1753   0.5422   3.9315 
1754   0.5422   3.9315 
1755   0.5422   3.9315 
1756   0.5422   3.9315 
1757   0.5422   3.9315 
1758   0.5422   3.9315 
1759   0.5422   3.9315 
1760   0.5422   3.9315 
1761   0.5422   3.9315 
1762   0.5422   3.9315 
1763   0.5422   3.9315 
1764   0.5422   3.9315 
1765   0.5422   3.9315 
1766   0.5422   3.9315 
1767   0.5422   3.9315 
1768   0.5422   3.9315 
1769   0.5422   3.9315 
1770   0.5422   3.9315 
1771   0.5422   3.9315 
1772   0.5422   3.9315 
1773   0.5422   3.9315 
1774   0.5422   3.9315 
1775   0.5422   3.9315 
1776   0.5422   3.9315 
1777   0.5422   3.9315 
1778   0.5422   3.9315 
1779   0.5422   3.9315 
1780   0.5422   3.9315 
1781   0.5422   3.9315 
1782   0.5422   3.9315 
1783   0.5422   3.9315 
1784   0.5422   3.9315 
1785   0.5422   3.9315 
1786   0.5422   3.9315 
1787   0.5422   3.9315 
1788   0.5422   3.9315 
1789   0.5422   3.9315 
1790   0.5422   3.9315 
1791   0.5422   3.9315 
1792   0.5422   3.9315 
1793   0.5422   3.9315 
1794   0.5422   3.9315 
1795   0.5422   3.9315 
1796   0.5422   3.9315 
1797   0.5422   3.9315 
1798   0.5422   3.9315 
1799   0.5422   3.9315 
1800   0.5422   3.9315 
1801   0.5422   3.9315 
1802   0.5422   3.9315 
1803   0.5422   3.9315 
1804   0.5422   3.9315 
1805   0.5422   3.9315 
1806   0.5422   3.9315 
1807   0.5422   3.9315 
1808   0.5422   3.9315 
1809   0.5422   3.9315 
1810   0.5422   3.9315 
1811   0.5422   3.9315 
1812   0.5422   3.9315 
1813   0.5422   3.9315 
1814   0.5422   3.9315 
1815   0.5422   3.9315 
1816   0.5422   3.9315 
1817   0.5422   3.9315 
1818   0.5422   3.9315 
1819   0.5422   3.9315 
1820   0.5422   3.9315 
1821   0.5422   3.9315 
1822   0.5422   3.9315 
1823   0.5422   3.9315 
1824   0.5422   3.9315 
1825   0.5422   3.9315 
1826   0.5422   3.9315 
1827   0.5422   3.9315 
1828   0.5422   3.9315 
1829   0.5422   3.9315 
1830   0.5422   3.9315 
1831   0.5422   3.9315 
1832   0.5422   3.9315 
1833   0.5422   3.9315 
1834   0.5422   3.9315 
1835   0.5422   3.9315 
1836   0.5422   3.9315 
1837   0.5422   3.9315 
1838   0.5422   3.9315 
1839   0.5422   3.9315 
1840   0.5422   3.9315 
1841   0.5422   3.9315 
1842   0.5422   3.9315 
1843   0.5422   3.9315 
1844   0.5422   3.9315 
1845   0.5422   3.9315 
1846   0.5422   3.9315 
1847   0.5422   3.9315 
1848   0.5422   3.9315 
1849   0.5422   3.9315 
1850   0.5422   3.9315 
1851   0.5422   3.9315 
1852   0.5422   3.9315 
1853   0.5422   3.9315 
1854   0.5422   3.9315 
1855   0.5422   3.9315 
1856   0.5422   3.9315 
1857   0.5422   3.9315 
1858   0.5422   3.9315 
1859   0.5422   3.9315 
1860   0.5422   3.9315 
1861   0.5422   3.9315 
1862   0.5422   3.9315 
1863   0.5422   3.9315 
1864   0.5422   3.9315 
1865   0.5422   3.9315 
1866   0.5422   3.9315 
1867   0.5422   3.9315 
1868   0.5422   3.9315 
1869   0.5422   3.9315 
1870   0.5422   3.9315 
1871   0.5422   3.9315 
1872   0.5422   3.9315 
1873   0.5422   3.9315 
1874   0.5422   3.9315 
1875   0.5422   3.9315 
1876   0.5422   3.9315 
1877   0.5422   3.9315 
1878   0.5422   3.9315 
1879   0.5422   3.9315 
1880   0.5422   3.9315 
1881   0.5422   3.9315 
1882   0.5422   3.9315 
1883   0.5422   3.9315 
1884   0.5422   3.9315 
1885   0.5422   3.9315 
1886   0.5422   3.9315 
1887   0.5422   3.9315 
1888   0.5422   3.9315 
1889   0.5422   3.9315 
1890   0.5422   3.9315 
1891   0.5422   3.9315 
1892   0.5422   3.9315 
1893   0.5422   3.9315 
1894   0.5422   3.9315 
1895   0.5422   3.9315 
1896   0.5422   3.9315 
1897   0.5422   3.9315 
1898   0.5422   3.9315 
1899   0.5422   3.9315 
1900   0.5422   3.9315 
1901   0.5422   3.9315 
1902   0.5422   3.9315 
1903   0.5422   3.9315 
1904   0.5422   3.9315 
1905   0.5422   3.9315 
1906   0.5422   3.9315 
1907   0.5422   3.9315 
1908   0.5422   3.9315 
1909   0.5422   3.9315 
1910   0.5422   3.9315 
1911   0.5422   3.9315 
1912   0.5422   3.9315 
1913   0.5422   3.9315 
1914   0.5422   3.9315 
1915   0.5422   3.9315 
1916   0.5422   3.9315 
1917   0.5422   3.9315 
1918   0.5422   3.9315 
1919   0.5422   3.9315 
1920   0.5422   3.9315 
1921   0.5422   3.9315 
1922   0.5422   3.9315 
1923   0.5422   3.9315 
1924   0.5422   3.9315 
1925   0.5422   3.9315 
1926   0.5422   3.9315 
1927   0.5422   3.9315 
1928   0.5422   3.9315 
1929   0.5422   3.9315 
1930   0.5422   3.9315 
1931   0.5422   3.9315 
1932   0.5422   3.9315 
1933   0.5422   3.9315 
1934   0.5422   3.9315 
1935   0.5422   3.9315 
1936   0.5422   3.9315 
1937   0.5422   3.9315 
1938   0.5422   3.9315 
1939   0.5422   3.9315 
1940   0.5422   3.9315 
1941   0.5422   3.9315 
1942   0.5422   3.9315 
1943   0.5422   3.9315 
1944   0.5422   3.9315 
1945   0.5422   3.9315 
1946   0.5422   3.9315 
1947   0.5422   3.9315 
1948   0.5422   3.9315 
1949   0.5422   3.9315 
1950   0.5422   3.9315 
1951   0.5422   3.9315 
1952   0.5422   3.9315 
1953   0.5422   3.9315 
1954   0.5422   3.9315 
1955   0.5422   3.9315 
1956   0.5422   3.9315 
1957   0.5422   3.9315 
1958   0.5422   3.9315 
1959   0.5422   3.9315 
1960   0.5422   3.9315 
1961   0.5422   3.9315 
1962   0.5422   3.9315 
1963   0.5422   3.9315 
1964   0.5392   3.9315 
1965   0.5392   3.9315 
1966   0.5392   3.9315 
1967   0.5392   3.9315 
1968   0.5392   3.9315 
1969   0.5392   3.9315 
1970   0.5392   3.9315 
1971   0.5392   3.9315 
1972   0.5392   3.9315 
1973   0.5392   3.9315 
1974   0.5392   3.9315 
1975   0.5392   3.9315 
1976   0.5392   3.9315 
1977   0.5392   3.9315 
1978   0.5392   3.9315 
1979   0.5392   3.9315 
1980   0.5392   3.9315 
1981   0.5392   3.9315 
1982   0.5392   3.9315 
1983   0.5392   3.9315 
1984   0.5392   3.9315 
1985   0.5392   3.9315 
1986   0.5392   3.9315 
1987   0.5392   3.9315 
1988   0.5392   3.9315 
1989   0.5392   3.9315 
1990   0.5392   3.9315 
1991   0.5392   3.9315 
1992   0.5392   3.9315 
1993   0.5392   3.9315 
1994   0.5392   3.9315 
1995   0.5392   3.9315 
1996   0.5392   3.9315 
1997   0.5392   3.9315 
1998   0.5392   3.9315 
1999   0.5392   3.9315 
2000   0.5392   3.9315 
2001   0.5392   3.9315 
2002   0.5392   3.9315 
2003   0.5392   3.9315 
2004   0.5392   3.9315 
2005   0.5392   3.9315 
2006   0.5392   3.9315 
2007   0.5392   3.9315 
2008   0.5392   3.9315 
2009   0.5392   3.9315 
2010   0.5392   3.9315 
2011   0.5392   3.9315 
2012   0.5392   3.9315 
2013   0.5392   3.9315 
2014   0.5392   3.9315 
2015   0.5392   3.9315 
2016   0.5392   3.9315 
2017   0.5392   3.9315 
2018   0.5392   3.9315 
2019   0.5392   3.9315 
2020   0.5392   3.9315 
2021   0.5392   3.9315 
2022   0.5392   3.9315 
2023   0.5392   3.9315 
2024   0.5392   3.9315 
2025   0.5392   3.9315 
2026   0.5392   3.9315 
2027   0.5392   3.9315 
2028   0.5392   3.9315 
2029   0.5392   3.9315 
2030   0.5392   3.9315 
2031   0.5392   3.9315 
2032   0.5392   3.9315 
2033   0.5392   3.9315 
2034   0.5392   3.9315 
2035   0.5392   3.9315 
2036   0.5392   3.9315 
2037   0.5392   3.9315 
2038   0.5392   3.9315 
2039   0.5392   3.9315 
2040   0.5392   3.9315 
2041   0.5392   3.9315 
2042   0.5392   3.9315 
2043   0.5392   3.9315 
2044   0.5392   3.9315 
2045   0.5392   3.9315 
2046   0.5392   3.9315 
2047   0.5392   3.9315 
2048   0.5392   3.9315 
2049   0.5392   3.9315 
2050   0.5392   3.9315 
2051   0.5392   3.9315 
2052   0.5392   3.9315 
2053   0.5392   3.9315 
2054   0.5392   3.9315 
2055   0.5392   3.9315 
2056   0.5392   3.9315 
2057   0.5392   3.9315 
2058   0.5392   3.9315 
2059   0.5392   3.9315 
2060   0.5392   3.9315 
2061   0.5392   3.9315 
2062   0.5392   3.9315 
2063   0.5392   3.9315 
2064   0.5392   3.9315 
2065   0.5392   3.9315 
2066   0.5392   3.9315 
2067   0.5392   3.9315 
2068   0.5392   3.9315 
2069   0.5392   3.9315 
2070   0.5392   3.9315 
2071   0.5392   3.9315 
2072   0.5392   3.9315 
2073   0.5392   3.9315 
2074   0.5392   3.9315 
2075   0.5392   3.9315 
2076   0.5392   3.9315 
2077   0.5392   3.9315 
2078   0.5392   3.9315 
2079   0.5392   3.9315 
2080   0.5392   3.9315 
2081   0.5392   3.9315 
2082   0.5392   3.9315 
2083   0.5392   3.9315 
2084   0.5392   3.9315 
2085   0.5392   3.9315 
2086   0.5392   3.9315 
2087   0.5392   3.9315 
2088   0.5392   3.9315 
2089   0.5392   3.9315 
2090   0.5392   3.9315 
2091   0.5392   3.9315 
2092   0.5392   3.9315 
2093   0.5392   3.9315 
2094   0.5392   3.9315 
2095   0.5392   3.9315 
2096   0.5392   3.9315 
2097   0.5392   3.9315 
2098   0.5392   3.9315 
2099   0.5392   3.9315 
2100   0.5392   3.9315 
2101   0.5392   3.9315 
2102   0.5392   3.9315 
2103   0.5392   3.9315 
2104   0.5392   3.9315 
2105   0.5392   3.9315 
2106   0.5392   3.9315 
2107   0.5392   3.9315 
2108   0.5392   3.9315 
2109   0.5392   3.9315 
2110   0.5392   3.9315 
2111   0.5392   3.9315 
2112   0.5392   3.9315 
2113   0.5392   3.9315 
2114   0.5392   3.9315 
2115   0.5392   3.9315 
2116   0.5392   3.9315 
2117   0.5392   3.9315 
2118   0.5392   3.9315 
2119   0.5392   3.9315 
2120   0.5392   3.9315 
2121   0.5392   3.9315 
2122   0.5392   3.9315 
2123   0.5392   3.9315 
2124   0.5392   3.9315 
2125   0.5392   3.9315 
2126   0.5392   3.9315 
2127   0.5392   3.9315 
2128   0.5392   3.9315 
2129   0.5392   3.9315 
2130   0.5392   3.9315 
2131   0.5392   3.9315 
2132   0.5392   3.9315 
2133   0.5392   3.9315 
2134   0.5392   3.9315 
2135   0.5392   3.9315 
2136   0.5392   3.9315 
2137   0.5392   3.9315 
2138   0.5392   3.9315 
2139   0.5392   3.9315 
2140   0.5392   3.9315 
2141   0.5392   3.9315 
2142   0.5392   3.9315 
2143   0.5392   3.9315 
2144   0.5392   3.9315 
2145   0.5392   3.9315 
2146   0.5392   3.9315 
2147   0.5392   3.9315 
2148   0.5392   3.9315 
2149   0.5392   3.9315 
2150   0.5392   3.9315 
2151   0.5392   3.9315 
2152   0.5392   3.9315 
2153   0.5392   3.9315 
2154   0.5392   3.9315 
2155   0.5392   3.9315 
2156   0.5392   3.9315 
2157   0.5392   3.9315 
2158   0.5392   3.9315 
2159   0.5392   3.9315 
2160   0.5392   3.9315 
2161   0.5392   3.9315 
2162   0.5392   3.9315 
2163   0.5392   3.9315 
2164   0.5392   3.9315 
2165   0.5392   3.9315 
2166   0.5392   3.9315 
2167   0.5392   3.9315 
2168   0.5392   3.9315 
2169   0.5392   3.9315 
2170   0.5392   3.9315 
2171   0.5392   3.9315 
2172   0.5392   3.9315 
2173   0.5392   3.9315 
2174   0.5392   3.9315 
2175   0.5392   3.9315 
2176   0.5392   3.9315 
2177   0.5392   3.9315 
2178   0.5392   3.9315 
2179   0.5392   3.9315 
2180   0.5392   3.9315 
2181   0.5392   3.9315 
2182   0.5392   3.9315 
2183   0.5392   3.9315 
2184   0.5392   3.9315 
2185   0.5392   3.9315 
2186   0.5392   3.9315 
2187   0.5392   3.9315 
2188   0.5392   3.9315 
2189   0.5392   3.9315 
2190   0.5392   3.9315 
2191   0.5392   3.9315 
2192   0.5392   3.9315 
2193   0.5392   3.9315 
2194   0.5392   3.9315 
2195   0.5392   3.9315 
2196   0.5392   3.9315 
2197   0.5392   3.9315 
2198   0.5392   3.9315 
2199   0.5392   3.9315 
2200   0.5392   3.9315 
2201   0.5392   3.9315 
2202   0.5392   3.9315 
2203   0.5392   3.9315 
2204   0.5392   3.9315 
2205   0.5392   3.9315 
2206   0.5392   3.9315 
2207   0.5392   3.9315 
2208   0.5392   3.9315 
2209   0.5392   3.9315 
2210   0.5392   3.9315 
2211   0.5392   3.9315 
2212   0.5392   3.9315 
2213   0.5392   3.9315 
2214   0.5392   3.9315 
2215   0.5392   3.9315 
2216   0.5392   3.9315 
2217   0.5392   3.9315 
2218   0.5392   3.9315 
2219   0.5392   3.9315 
2220   0.5392   3.9315 
2221   0.5392   3.9315 
2222   0.5392   3.9315 
2223   0.5392   3.9315 
2224   0.5392   3.9315 
2225   0.5392   3.9315 
2226   0.5392   3.9315 
2227   0.5392   3.9315 
2228   0.5392   3.9315 
2229   0.5392   3.9315 
2230   0.5392   3.9315 
2231   0.5392   3.9315 
2232   0.5392   3.9315 
2233   0.5392   3.9315 
2234   0.5392   3.9315 
2235   0.5392   3.9315 
2236   0.5392   3.9315 
2237   0.5392   3.9315 
2238   0.5392   3.9315 
2239   0.5392   3.9315 
2240   0.5392   3.9315 
2241   0.5392   3.9315 
2242   0.5392   3.9315 
2243   0.5392   3.9315 
2244   0.5392   3.9315 
2245   0.5392   3.9315 
2246   0.5392   3.9315 
2247   0.5392   3.9315 
2248   0.5392   3.9315 
2249   0.5392   3.9315 
2250   0.5392   3.9315 
2251   0.5392   3.9315 
2252   0.5392   3.9315 
2253   0.5392   3.9315 
2254   0.5392   3.9315 
2255   0.5392   3.9315 
2256   0.5392   3.9315 
2257   0.5392   3.9315 
2258   0.5392   3.9315 
2259   0.5392   3.9315 
2260   0.5392   3.9315 
2261   0.5392   3.9315 
2262   0.5392   3.9315 
2263   0.5392   3.9315 
2264   0.5392   3.9315 
2265   0.5392   3.9315 
2266   0.5392   3.9315 
2267   0.5392   3.9315 
2268   0.5392   3.9315 
2269   0.5392   3.9315 
2270   0.5392   3.9315 
2271   0.5392   3.9315 
2272   0.5392   3.9315 
2273   0.5392   3.9315 
2274   0.5392   3.9315 
2275   0.5392   3.9315 
2276   0.5392   3.9315 
2277   0.5392   3.9315 
2278   0.5392   3.9315 
2279   0.5392   3.9315 
2280   0.5392   3.9315 
2281   0.5392   3.9315 
2282   0.5392   3.9315 
2283   0.5392   3.9315 
2284   0.5392   3.9315 
2285   0.5392   3.9315 
2286   0.5392   3.9315 
2287   0.5392   3.9315 
2288   0.5392   3.9315 
2289   0.5392   3.9315 
2290   0.5392   3.9315 
2291   0.5392   3.9315 
2292   0.5392   3.9315 
2293   0.5392   3.9315 
2294   0.5392   3.9315 
2295   0.5392   3.9315 
2296   0.5392   3.9315 
2297   0.5392   3.9315 
2298   0.5392   3.9315 
2299   0.5392   3.9315 
2300   0.5392   3.9315 
2301   0.5392   3.9315 
2302   0.5392   3.9315 
2303   0.5392   3.9315 
2304   0.5392   3.9315 
2305   0.5392   3.9315 
2306   0.5392   3.9315 
2307   0.5392   3.9315 
2308   0.5392   3.9315 
2309   0.5392   3.9315 
2310   0.5392   3.9315 
2311   0.5392   3.9315 
2312   0.5392   3.9315 
2313   0.5392   3.9315 
2314   0.5392   3.9315 
2315   0.5392   3.9315 
2316   0.5392   3.9315 
2317   0.5392   3.9315 
2318   0.5392   3.9315 
2319   0.5392   3.9315 
2320   0.5392   3.9315 
2321   0.5392   3.9315 
2322   0.5392   3.9315 
2323   0.5392   3.9315 
2324   0.5392   3.9315 
2325   0.5392   3.9315 
2326   0.5392   3.9315 
2327   0.5392   3.9315 
2328   0.5392   3.9315 
2329   0.5392   3.9315 
2330   0.5392   3.9315 
2331   0.5392   3.9315 
2332   0.5392   3.9315 
2333   0.5392   3.9315 
2334   0.5392   3.9315 
2335   0.5392   3.9315 
2336   0.5392   3.9315 
2337   0.5392   3.9315 
2338   0.5392   3.9315 
2339   0.5392   3.9315 
2340   0.5392   3.9315 
2341   0.5392   3.9315 
2342   0.5392   3.9315 
2343   0.5392   3.9315 
2344   0.5392   3.9315 
2345   0.5392   3.9315 
2346   0.5392   3.9315 
2347   0.5392   3.9315 
2348   0.5392   3.9315 
2349   0.5392   3.9315 
2350   0.5392   3.9315 
2351   0.5392   3.9315 
2352   0.5392   3.9315 
2353   0.5392   3.9315 
2354   0.5392   3.9315 
2355   0.5392   3.9315 
2356   0.5392   3.9315 
2357   0.5392   3.9315 
2358   0.5392   3.9315 
2359   0.5392   3.9315 
2360   0.5392   3.9315 
2361   0.5392   3.9315 
2362   0.5392   3.9315 
2363   0.5392   3.9315 
2364   0.5392   3.9315 
2365   0.5392   3.9315 
2366   0.5392   3.9315 
2367   0.5392   3.9315 
2368   0.5392   3.9315 
2369   0.5392   3.9315 
2370   0.5392   3.9315 
2371   0.5392   3.9315 
2372   0.5392   3.9315 
2373   0.5392   3.9315 
2374   0.5392   3.9315 
2375   0.5392   3.9315 
2376   0.5392   3.9315 
2377   0.5392   3.9315 
2378   0.5392   3.9315 
2379   0.5392   3.9315 
2380   0.5392   3.9315 
2381   0.5392   3.9315 
2382   0.5392   3.9315 
2383   0.5392   3.9315 
2384   0.5392   3.9315 
2385   0.5392   3.9315 
2386   0.5392   3.9315 
2387   0.5392   3.9315 
2388   0.5392   3.9315 
2389   0.5392   3.9315 
2390   0.5392   3.9315 
2391   0.5392   3.9315 
2392   0.5392   3.9315 
2393   0.5392   3.9315 
2394   0.5392   3.9315 
2395   0.5392   3.9315 
2396   0.5392   3.9315 
2397   0.5392   3.9315 
2398   0.5392   3.9315 
2399   0.5392   3.9315 
2400   0.5392   3.9315 
2401   0.5392   3.9315 
2402   0.5392   3.9315 
2403   0.5392   3.9315 
2404   0.5392   3.9315 
2405   0.5392   3.9315 
2406   0.5392   3.9315 
2407   0.5392   3.9315 
2408   0.5392   3.9315 
2409   0.5392   3.9315 
2410   0.5392   3.9315 
2411   0.5392   3.9315 
2412   0.5392   3.9315 
2413   0.5392   3.9315 
2414   0.5392   3.9315 
2415   0.5392   3.9315 
2416   0.5392   3.9315 
2417   0.5392   3.9315 
2418   0.5392   3.9315 
2419   0.5392   3.9315 
2420   0.5392   3.9315 
2421   0.5392   3.9315 
2422   0.5392   3.9315 
2423   0.5392   3.9315 
2424   0.5392   3.9315 
2425   0.5392   3.9315 
2426   0.5392   3.9315 
2427   0.5392   3.9315 
2428   0.5392   3.9315 
2429   0.5392   3.9315 
2430   0.5392   3.9315 
2431   0.5392   3.9315 
2432   0.5392   3.9315 
2433   0.5392   3.9315 
2434   0.5392   3.9315 
2435   0.5392   3.9315 
2436   0.5392   3.9315 
2437   0.5392   3.9315 
2438   0.5392   3.9315 
2439   0.5392   3.9315 
2440   0.5392   3.9315 
2441   0.5392   3.9315 
2442   0.5392   3.9315 
2443   0.5392   3.9315 
2444   0.5392   3.9315 
2445   0.5392   3.9315 
2446   0.5392   3.9315 
2447   0.5392   3.9315 
2448   0.5392   3.9315 
2449   0.5392   3.9315 
2450   0.5392   3.9315 
2451   0.5392   3.9315 
2452   0.5392   3.9315 
2453   0.5392   3.9315 
2454   0.5392   3.9315 
2455   0.5392   3.9315 
2456   0.5392   3.9315 
2457   0.5392   3.9315 
2458   0.5392   3.9315 
2459   0.5392   3.9315 
2460   0.5392   3.9315 
2461   0.5392   3.9315 
2462   0.5392   3.9315 
2463   0.5392   3.9315 
2464   0.5392   3.9315 
2465   0.5392   3.9315 
2466   0.5392   3.9315 
2467   0.5392   3.9315 
2468   0.5392   3.9315 
2469   0.5392   3.9315 
2470   0.5392   3.9315 
2471   0.5392   3.9315 
2472   0.5392   3.9315 
2473   0.5392   3.9315 
2474   0.5392   3.9315 
2475   0.5392   3.9315 
2476   0.5392   3.9315 
2477   0.5392   3.9315 
2478   0.5392   3.9315 
2479   0.5392   3.9315 
2480   0.5392   3.9315 
2481   0.5392   3.9315 
2482   0.5392   3.9315 
2483   0.5392   3.9315 
2484   0.5392   3.9315 
2485   0.5392   3.9315 
2486   0.5392   3.9315 
2487   0.5392   3.9315 
2488   0.5392   3.9315 
2489   0.5392   3.9315 
2490   0.5392   3.9315 
2491   0.5392   3.9315 
2492   0.5392   3.9315 
2493   0.5392   3.9315 
2494   0.5392   3.9315 
2495   0.5392   3.9315 
2496   0.5392   3.9315 
2497   0.5392   3.9315 
2498   0.5392   3.9315 
2499   0.5392   3.9315 
2500   0.5392   3.9315 
2501   0.5392   3.9315 
2502   0.5392   3.9315 
2503   0.5392   3.9315 
2504   0.5392   3.9315 
2505   0.5392   3.9315 
2506   0.5392   3.9315 
2507   0.5392   3.9315 
2508   0.5392   3.9315 
2509   0.5392   3.9315 
2510   0.5392   3.9315 
2511   0.5392   3.9315 
2512   0.5392   3.9315 
2513   0.5392   3.9315 
2514   0.5392   3.9315 
2515   0.5392   3.9315 
2516   0.5392   3.9315 
2517   0.5392   3.9315 
2518   0.5392   3.9315 
2519   0.5392   3.9315 
2520   0.5392   3.9315 
2521   0.5392   3.9315 
2522   0.5392   3.9315 
2523   0.5392   3.9315 
2524   0.5392   3.9315 
2525   0.5392   3.9315 
2526   0.5392   3.9315 
2527   0.5392   3.9315 
2528   0.5392   3.9315 
2529   0.5392   3.9315 
2530   0.5392   3.9315 
2531   0.5392   3.9315 
2532   0.5392   3.9315 
2533   0.5392   3.9315 
2534   0.5392   3.9315 
2535   0.5392   3.9315 
2536   0.5392   3.9315 
2537   0.5392   3.9315 
2538   0.5392   3.9315 
2539   0.5392   3.9315 
2540   0.5392   3.9315 
2541   0.5392   3.9315 
2542   0.5392   3.9315 
2543   0.5392   3.9315 
2544   0.5392   3.9315 
2545   0.5392   3.9315 
2546   0.5392   3.9315 
2547   0.5392   3.9315 
2548   0.5392   3.9315 
2549   0.5392   3.9315 
2550   0.5392   3.9315 
2551   0.5392   3.9315 
2552   0.5392   3.9315 
2553   0.5392   3.9315 
2554   0.5392   3.9315 
2555   0.5392   3.9315 
2556   0.5392   3.9315 
2557   0.5392   3.9315 
2558   0.5392   3.9315 
2559   0.5392   3.9315 
2560   0.5392   3.9315 
2561   0.5392   3.9315 
2562   0.5392   3.9315 
2563   0.5392   3.9315 
2564   0.5392   3.9315 
2565   0.5392   3.9315 
2566   0.5392   3.9315 
2567   0.5392   3.9315 
2568   0.5392   3.9315 
2569   0.5392   3.9315 
2570   0.5392   3.9315 
2571   0.5392   3.9315 
2572   0.5392   3.9315 
2573   0.5392   3.9315 
2574   0.5392   3.9315 
2575   0.5392   3.9315 
2576   0.5392   3.9315 
2577   0.5392   3.9315 
2578   0.5392   3.9315 
2579   0.5392   3.9315 
2580   0.5392   3.9315 
2581   0.5392   3.9315 
2582   0.5392   3.9315 
2583   0.5392   3.9315 
2584   0.5392   3.9315 
2585   0.5392   3.9315 
2586   0.5392   3.9315 
2587   0.5392   3.9315 
2588   0.5392   3.9315 
2589   0.5392   3.9315 
2590   0.5392   3.9315 
2591   0.5392   3.9315 
2592   0.5392   3.9315 
2593   0.5392   3.9315 
2594   0.5392   3.9315 
2595   0.5392   3.9315 
2596   0.5392   3.9315 
2597   0.5392   3.9315 
2598   0.5392   3.9315 
2599   0.5392   3.9315 
2600   0.5392   3.9315 
2601   0.5392   3.9315 
2602   0.5392   3.9315 
2603   0.5392   3.9315 
2604   0.5392   3.9315 
2605   0.5392   3.9315 
2606   0.5392   3.9315 
2607   0.5392   3.9315 
2608   0.5392   3.9315 
2609   0.5392   3.9315 
2610   0.5392   3.9315 
2611   0.5392   3.9315 
2612   0.5392   3.9315 
2613   0.5392   3.9315 
2614   0.5392   3.9315 
2615   0.5392   3.9315 
2616   0.5392   3.9315 
2617   0.5392   3.9315 
2618   0.5392   3.9315 
2619   0.5392   3.9315 
2620   0.5392   3.9315 
2621   0.5392   3.9315 
2622   0.5392   3.9315 
2623   0.5392   3.9315 
2624   0.5392   3.9315 
2625   0.5392   3.9315 
2626   0.5392   3.9315 
2627   0.5392   3.9315 
2628   0.5392   3.9315 
2629   0.5392   3.9315 
2630   0.5392   3.9315 
2631   0.5392   3.9315 
2632   0.5392   3.9315 
2633   0.5392   3.9315 
2634   0.5392   3.9315 
2635   0.5392   3.9315 
2636   0.5392   3.9315 
2637   0.5392   3.9315 
2638   0.5392   3.9315 
2639   0.5392   3.9315 
2640   0.5392   3.9315 
2641   0.5392   3.9315 
2642   0.5392   3.9315 
2643   0.5392   3.9315 
2644   0.5392   3.9315 
2645   0.5392   3.9315 
2646   0.5392   3.9315 
2647   0.5392   3.9315 
2648   0.5392   3.9315 
2649   0.5392   3.9315 
2650   0.5392   3.9315 
2651   0.5392   3.9315 
2652   0.5392   3.9315 
2653   0.5392   3.9315 
2654   0.5392   3.9315 
2655   0.5392   3.9315 
2656   0.5392   3.9315 
2657   0.5392   3.9315 
2658   0.5392   3.9315 
2659   0.5392   3.9315 
2660   0.5392   3.9315 
2661   0.5392   3.9315 
2662   0.5392   3.9315 
2663   0.5392   3.9315 
2664   0.5392   3.9315 
2665   0.5392   3.9315 
2666   0.5392   3.9315 
2667   0.5392   3.9315 
2668   0.5392   3.9315 
2669   0.5392   3.9315 
2670   0.5392   3.9315 
2671   0.5392   3.9315 
2672   0.5392   3.9315 
2673   0.5392   3.9315 
2674   0.5392   3.9315 
2675   0.5392   3.9315 
2676   0.5392   3.9315 
2677   0.5392   3.9315 
2678   0.5392   3.9315 
2679   0.5392   3.9315 
2680   0.5392   3.9315 
2681   0.5392   3.9315 
2682   0.5392   3.9315 
2683   0.5392   3.9315 
2684   0.5392   3.9315 
2685   0.5392   3.9315 
2686   0.5392   3.9315 
2687   0.5392   3.9315 
2688   0.5392   3.9315 
2689   0.5392   3.9315 
2690   0.5392   3.9315 
2691   0.5392   3.9315 
2692   0.5392   3.9315 
2693   0.5392   3.9315 
2694   0.5392   3.9315 
2695   0.5392   3.9315 
2696   0.5392   3.9315 
2697   0.5392   3.9315 
2698   0.5392   3.9315 
2699   0.5392   3.9315 
2700   0.5392   3.9315 
2701   0.5392   3.9315 
2702   0.5392   3.9315 
2703   0.5392   3.9315 
2704   0.5392   3.9315 
2705   0.5392   3.9315 
2706   0.5392   3.9315 
2707   0.5392   3.9315 
2708   0.5392   3.9315 
2709   0.5392   3.9315 
2710   0.5392   3.9315 
2711   0.5392   3.9315 
2712   0.5392   3.9315 
2713   0.5392   3.9315 
2714   0.5392   3.9315 
2715   0.5392   3.9315 
2716   0.5392   3.9315 
2717   0.5392   3.9315 
2718   0.5392   3.9315 
2719   0.5392   3.9315 
2720   0.5392   3.9315 
2721   0.5392   3.9315 
2722   0.5392   3.9315 
2723   0.5392   3.9315 
2724   0.5392   3.9315 
2725   0.5392   3.9315 
2726   0.5392   3.9315 
2727   0.5392   3.9315 
2728   0.5392   3.9315 
2729   0.5392   3.9315 
2730   0.5392   3.9315 
2731   0.5392   3.9315 
2732   0.5392   3.9315 
2733   0.5392   3.9315 
2734   0.5392   3.9315 
2735   0.5392   3.9315 
2736   0.5392   3.9315 
2737   0.5392   3.9315 
2738   0.5392   3.9315 
2739   0.5392   3.9315 
2740   0.5392   3.9315 
2741   0.5392   3.9315 
2742   0.5392   3.9315 
2743   0.5392   3.9315 
2744   0.5392   3.9315 
2745   0.5392   3.9315 
2746   0.5392   3.9315 
2747   0.5392   3.9315 
2748   0.5392   3.9315 
2749   0.5392   3.9315 
2750   0.5392   3.9315 
2751   0.5392   3.9315 
2752   0.5392   3.9315 
2753   0.5392   3.9315 
2754   0.5392   3.9315 
2755   0.5392   3.9315 
2756   0.5392   3.9315 
2757   0.5392   3.9315 
2758   0.5392   3.9315 
2759   0.5392   3.9315 
2760   0.5392   3.9315 
2761   0.5392   3.9315 
2762   0.5392   3.9315 
2763   0.5392   3.9315 
2764   0.5392   3.9315 
2765   0.5392   3.9315 
2766   0.5392   3.9315 
2767   0.5392   3.9315 
2768   0.5392   3.9315 
2769   0.5392   3.9315 
2770   0.5392   3.9315 
2771   0.5392   3.9315 
2772   0.5392   3.9315 
2773   0.5392   3.9315 
2774   0.5392   3.9315 
2775   0.5392   3.9315 
2776   0.5392   3.9315 
2777   0.5392   3.9315 
2778   0.5392   3.9315 
2779   0.5392   3.9315 
2780   0.5392   3.9315 
2781   0.5392   3.9315 
2782   0.5392   3.9315 
2783   0.5392   3.9315 
2784   0.5392   3.9315 
2785   0.5392   3.9315 
2786   0.5392   3.9315 
2787   0.5392   3.9315 
2788   0.5392   3.9315 
2789   0.5392   3.9315 
2790   0.5392   3.9315 
2791   0.5392   3.9315 
2792   0.5392   3.9315 
2793   0.5392   3.9315 
2794   0.5392   3.9315 
2795   0.5392   3.9315 
2796   0.5392   3.9315 
2797   0.5392   3.9315 
2798   0.5392   3.9315 
2799   0.5392   3.9315 
2800   0.5392   3.9315 
2801   0.5392   3.9315 
2802   0.5392   3.9315 
2803   0.5392   3.9315 
2804   0.5392   3.9315 
2805   0.5392   3.9315 
2806   0.5392   3.9315 
2807   0.5392   3.9315 
2808   0.5392   3.9315 
2809   0.5392   3.9315 
2810   0.5392   3.9315 
2811   0.5392   3.9315 
2812   0.5392   3.9315 
2813   0.5392   3.9315 
2814   0.5392   3.9315 
2815   0.5392   3.9315 
2816   0.5392   3.9315 
2817   0.5392   3.9315 
2818   0.5392   3.9315 
2819   0.5392   3.9315 
2820   0.5392   3.9315 
2821   0.5392   3.9315 
2822   0.5392   3.9315 
2823   0.5392   3.9315 
2824   0.5392   3.9315 
2825   0.5392   3.9315 
2826   0.5392   3.9315 
2827   0.5392   3.9315 
2828   0.5392   3.9315 
2829   0.5392   3.9315 
2830   0.5392   3.9315 
2831   0.5392   3.9315 
2832   0.5392   3.7726 
2833   0.5392   3.7726 
2834   0.5392   3.7726 
2835   0.5392   3.7726 
2836   0.5392   3.7726 
2837   0.5392   3.7726 
2838   0.5392   3.7726 
2839   0.5392   3.7726 
2840   0.5392   3.7726 
2841   0.5392   3.7726 
2842   0.5392   3.7726 
2843   0.5392   3.7726 
2844   0.5392   3.7726 
2845   0.5392   3.7726 
2846   0.5392   3.7726 
2847   0.5392   3.7726 
2848   0.5392   3.7726 
2849   0.5392   3.7726 
2850   0.5392   3.7726 
2851   0.5392   3.7726 
2852   0.5392   3.7726 
2853   0.5392   3.7726 
2854   0.5392   3.7726 
2855   0.5392   3.7726 
2856   0.5392   3.7726 
2857   0.5392   3.7726 
2858   0.5392   3.7726 
2859   0.5392   3.7726 
2860   0.5392   3.7726 
2861   0.5392   3.7726 
2862   0.5392   3.7726 
2863   0.5392   3.7726 
2864   0.5392   3.7726 
2865   0.5392   3.7726 
2866   0.5392   3.7726 
2867   0.5392   3.7726 
2868   0.5392   3.7726 
2869   0.5392   3.7726 
2870   0.5392   3.7726 
2871   0.5392   3.7726 
2872   0.5392   3.7726 
2873   0.5392   3.7726 
2874   0.5392   3.7726 
2875   0.5392   3.7726 
2876   0.5392   3.7726 
2877   0.5392   3.7726 
2878   0.5392   3.7726 
2879   0.5392   3.7726 
2880   0.5392   3.7726 
2881   0.5392   3.7726 
2882   0.5392   3.7726 
2883   0.5392   3.7726 
2884   0.5392   3.7726 
2885   0.5392   3.7726 
2886   0.5392   3.7726 
2887   0.5392   3.7726 
2888   0.5392   3.7726 
2889   0.5392   3.7726 
2890   0.5392   3.7726 
2891   0.5392   3.7726 
2892   0.5392   3.7726 
2893   0.5392   3.7726 
2894   0.5392   3.7726 
2895   0.5392   3.7726 
2896   0.5392   3.7726 
2897   0.5392   3.7726 
2898   0.5392   3.7726 
2899   0.5392   3.7726 
2900   0.5392   3.7726 
2901   0.5392   3.7726 
2902   0.5392   3.7726 
2903   0.5392   3.7726 
2904   0.5392   3.7726 
2905   0.5392   3.7726 
2906   0.5392   3.7726 
2907   0.5392   3.7726 
2908   0.5392   3.7726 
2909   0.5392   3.7726 
2910   0.5392   3.7726 
2911   0.5392   3.7726 
2912   0.5392   3.7726 
2913   0.5392   3.7726 
2914   0.5392   3.7726 
2915   0.5392   3.7726 
2916   0.5392   3.7726 
2917   0.5392   3.7726 
2918   0.5392   3.7726 
2919   0.5392   3.7726 
2920   0.5392   3.7726 
2921   0.5392   3.7726 
2922   0.5392   3.7726 
2923   0.5392   3.7726 
2924   0.5392   3.7726 
2925   0.5392   3.7726 
2926   0.5392   3.7726 
2927   0.5392   3.7726 
2928   0.5392   3.7726 
2929   0.5392   3.7726 
2930   0.5392   3.7726 
2931   0.5392   3.7726 
2932   0.5392   3.7726 
2933   0.5392   3.7726 
2934   0.5392   3.7726 
2935   0.5392   3.7726 
2936   0.5392   3.7726 
2937   0.5392   3.7726 
2938   0.5392   3.7726 
2939   0.5392   3.7726 
2940   0.5392   3.7726 
2941   0.5392   3.7726 
2942   0.5392   3.7726 
2943   0.5392   3.7726 
2944   0.5392   3.7726 
2945   0.5392   3.7726 
2946   0.5392   3.7726 
2947   0.5392   3.7726 
2948   0.5392   3.7726 
2949   0.5392   3.7726 
2950   0.5392   3.7726 
2951   0.5392   3.7726 
2952   0.5392   3.7726 
2953   0.5392   3.7726 
2954   0.5392   3.7726 
2955   0.5392   3.7726 
2956   0.5392   3.7726 
2957   0.5392   3.7726 
2958   0.5392   3.7726 
2959   0.5392   3.7726 
2960   0.5392   3.7726 
2961   0.5392   3.7726 
2962   0.5392   3.7726 
2963   0.5392   3.7726 
2964   0.5392   3.7726 
2965   0.5392   3.7726 
2966   0.5392   3.7726 
2967   0.5392   3.7726 
2968   0.5392   3.7726 
2969   0.5392   3.7726 
2970   0.5392   3.7726 
2971   0.5392   3.7726 
2972   0.5392   3.7726 
2973   0.5392   3.7726 
2974   0.5392   3.7726 
2975   0.5392   3.7726 
2976   0.5392   3.7726 
2977   0.5392   3.7726 
2978   0.5392   3.7726 
2979   0.5392   3.7726 
2980   0.5392   3.7726 
2981   0.5392   3.7726 
2982   0.5392   3.7726 
2983   0.5392   3.7726 
2984   0.5392   3.7726 
2985   0.5392   3.7726 
2986   0.5392   3.7726 
2987   0.5392   3.7726 
2988   0.5392   3.7726 
2989   0.5392   3.7726 
2990   0.5392   3.7726 
2991   0.5392   3.7726 
2992   0.5392   3.9315 
2993   0.5392   3.9315 
2994   0.5392   3.9315 
2995   0.5392   3.9315 
2996   0.5392   3.9315 
2997   0.5392   3.9315 
2998   0.5392   3.9315 
2999   0.5392   3.9315 
3000   0.5392   3.9315 
+ sin + ./ cos cos - (0.01.*x+2.4705) (0.01.*x+-0.16459) -5.7657 (0.01.*x+14.9151) (0.01.*x+0.34996) (0.01.*x+-30.1043) (0.01.*x+-4.6133) (0.01.*x+-6.9128) 