1   0.7165   0.7221 
2   0.6689   0.6845 
3   0.6062   0.6231 
4   0.6062   0.6231 
5   0.6062   0.6231 
6   0.6062   0.6231 
7   0.4671   0.4991 
8   0.4671   0.4991 
9   0.4671   0.4991 
10   0.4671   0.4991 
11   0.4671   0.4991 
12   0.4671   0.4991 
13   0.4671   0.4991 
14   0.4671   0.4991 
15   0.4671   0.4991 
16   0.4671   0.4991 
17   0.4671   0.4991 
18   0.0954   0.0999 
19   0.0952   0.0992 
20   0.0952   0.0992 
21   0.0952   0.0992 
22   0.0952   0.0992 
23   0.0952   0.0992 
24   0.0952   0.0992 
25   0.0952   0.0992 
26   0.0952   0.0992 
27   0.0952   0.0992 
28   0.0952   0.0992 
29   0.0952   0.0992 
30   0.0952   0.0992 
31   0.0952   0.0992 
32   0.0952   0.0992 
33   0.0952   0.0992 
34   0.0952   0.0992 
35   0.0952   0.0992 
36   0.0952   0.0992 
37   0.0952   0.0992 
38   0.0952   0.0992 
39   0.0952   0.0992 
40   0.0952   0.0992 
41   0.0952   0.0992 
42   0.0952   0.0992 
43   0.0952   0.0992 
44   0.0952   0.0992 
45   0.0952   0.0992 
46   0.0952   0.0992 
47   0.0952   0.0992 
48   0.0952   0.0992 
49   0.0952   0.0992 
50   0.0952   0.0992 
51   0.0952   0.0992 
52   0.0952   0.0992 
53   0.0952   0.0992 
54   0.0952   0.0992 
55   0.0952   0.0992 
56   0.0952   0.0992 
57   0.0952   0.0992 
58   0.0952   0.0992 
59   0.0952   0.0992 
60   0.0952   0.0992 
61   0.0952   0.0992 
62   0.0952   0.0992 
63   0.0952   0.0992 
64   0.0952   0.0992 
65   0.0952   0.0992 
66   0.0952   0.0992 
67   0.0952   0.0992 
68   0.0952   0.0992 
69   0.0952   0.0992 
70   0.0952   0.0992 
71   0.0952   0.0992 
72   0.0952   0.0992 
73   0.0952   0.0992 
74   0.0952   0.0992 
75   0.0952   0.0992 
76   0.0952   0.0992 
77   0.0952   0.0992 
78   0.0952   0.0992 
79   0.0952   0.0992 
80   0.0952   0.0992 
81   0.0952   0.0992 
82   0.0952   0.0992 
83   0.0952   0.0992 
84   0.0952   0.0992 
85   0.0952   0.0992 
86   0.0952   0.0992 
87   0.0952   0.0992 
88   0.0952   0.0992 
89   0.0952   0.0992 
90   0.0952   0.0992 
91   0.0952   0.0992 
92   0.0952   0.0992 
93   0.0952   0.0992 
94   0.0952   0.0992 
95   0.0952   0.0992 
96   0.0952   0.0992 
97   0.0952   0.0992 
98   0.0952   0.0992 
99   0.0952   0.0992 
100   0.0952   0.0992 
101   0.0952   0.0992 
102   0.0952   0.0992 
103   0.0952   0.0992 
104   0.0446   0.0461 
105   0.0446   0.0461 
106   0.0446   0.0461 
107   0.0446   0.0461 
108   0.0446   0.0461 
109   0.0446   0.0461 
110   0.0446   0.0461 
111   0.0446   0.0461 
112   0.0446   0.0461 
113   0.0446   0.0461 
114   0.0446   0.0461 
115   0.0446   0.0461 
116   0.0446   0.0461 
117   0.0446   0.0461 
118   0.0446   0.0461 
119   0.0446   0.0461 
120   0.0446   0.0461 
121   0.0446   0.0461 
122   0.0446   0.0461 
123   0.0446   0.0461 
124   0.0446   0.0461 
125   0.0446   0.0461 
126   0.0446   0.0461 
127   0.0446   0.0461 
128   0.0446   0.0461 
129   0.0446   0.0461 
130   0.0446   0.0461 
131   0.0446   0.0461 
132   0.0446   0.0461 
133   0.0446   0.0461 
134   0.0446   0.0461 
135   0.0446   0.0461 
136   0.0446   0.0461 
137   0.0446   0.0461 
138   0.0446   0.0461 
139   0.0446   0.0461 
140   0.0446   0.0461 
141   0.0446   0.0461 
142   0.0446   0.0461 
143   0.0446   0.0461 
144   0.0446   0.0461 
145   0.0446   0.0461 
146   0.0446   0.0461 
147   0.0446   0.0461 
148   0.0446   0.0461 
149   0.0446   0.0461 
150   0.0446   0.0461 
151   0.0446   0.0461 
152   0.0446   0.0461 
153   0.0446   0.0461 
154   0.0446   0.0461 
155   0.0446   0.0461 
156   0.0446   0.0461 
157   0.0446   0.0461 
158   0.0446   0.0461 
159   0.0446   0.0461 
160   0.0446   0.0461 
161   0.0446   0.0461 
162   0.0446   0.0461 
163   0.0446   0.0461 
164   0.0446   0.0461 
165   0.0446   0.0461 
166   0.0446   0.0461 
167   0.0446   0.0461 
168   0.0446   0.0461 
169   0.0446   0.0461 
170   0.0446   0.0461 
171   0.0446   0.0461 
172   0.0446   0.0461 
173   0.0446   0.0461 
174   0.0446   0.0461 
175   0.0446   0.0461 
176   0.0446   0.0461 
177   0.0446   0.0461 
178   0.0446   0.0461 
179   0.0446   0.0461 
180   0.0446   0.0461 
181   0.0446   0.0461 
182   0.0446   0.0461 
183   0.0446   0.0461 
184   0.0446   0.0461 
185   0.0446   0.0461 
186   0.0446   0.0461 
187   0.0446   0.0461 
188   0.0446   0.0461 
189   0.0446   0.0461 
190   0.0446   0.0461 
191   0.0446   0.0461 
192   0.0446   0.0461 
193   0.0446   0.0461 
194   0.0446   0.0461 
195   0.0446   0.0461 
196   0.0446   0.0461 
197   0.0446   0.0461 
198   0.0446   0.0461 
199   0.0446   0.0461 
200   0.0446   0.0461 
201   0.0446   0.0461 
202   0.0446   0.0461 
203   0.0446   0.0461 
204   0.0446   0.0461 
205   0.0446   0.0461 
206   0.0446   0.0461 
207   0.0446   0.0461 
208   0.0446   0.0461 
209   0.0446   0.0461 
210   0.0446   0.0461 
211   0.0446   0.0461 
212   0.0446   0.0461 
213   0.0446   0.0461 
214   0.0446   0.0461 
215   0.0446   0.0461 
216   0.0446   0.0461 
217   0.0446   0.0461 
218   0.0446   0.0461 
219   0.0446   0.0461 
220   0.0446   0.0461 
221   0.0446   0.0461 
222   0.0446   0.0461 
223   0.0446   0.0461 
224   0.0446   0.0461 
225   0.0446   0.0461 
226   0.0446   0.0461 
227   0.0446   0.0461 
228   0.0446   0.0461 
229   0.0446   0.0461 
230   0.0446   0.0461 
231   0.0446   0.0461 
232   0.0446   0.0461 
233   0.0446   0.0461 
234   0.0446   0.0461 
235   0.0446   0.0461 
236   0.0446   0.0461 
237   0.0446   0.0461 
238   0.0446   0.0461 
239   0.0446   0.0461 
240   0.0446   0.0461 
241   0.0446   0.0461 
242   0.0446   0.0461 
243   0.0446   0.0461 
244   0.0446   0.0461 
245   0.0446   0.0461 
246   0.0446   0.0461 
247   0.0446   0.0461 
248   0.0446   0.0461 
249   0.0446   0.0461 
250   0.0446   0.0461 
251   0.0446   0.0461 
252   0.0446   0.0461 
253   0.0446   0.0461 
254   0.0446   0.0461 
255   0.0446   0.0461 
256   0.0446   0.0461 
257   0.0446   0.0461 
258   0.0446   0.0461 
259   0.0446   0.0461 
260   0.0446   0.0461 
261   0.0446   0.0461 
262   0.0446   0.0461 
263   0.0446   0.0461 
264   0.0446   0.0461 
265   0.0446   0.0461 
266   0.0446   0.0461 
267   0.0446   0.0461 
268   0.0446   0.0461 
269   0.0446   0.0461 
270   0.0446   0.0461 
271   0.0446   0.0461 
272   0.0446   0.0461 
273   0.0446   0.0461 
274   0.0446   0.0461 
275   0.0446   0.0461 
276   0.0446   0.0461 
277   0.0446   0.0461 
278   0.0446   0.0461 
279   0.0446   0.0461 
280   0.0446   0.0461 
281   0.0446   0.0461 
282   0.0446   0.0461 
283   0.0446   0.0461 
284   0.0446   0.0461 
285   0.0446   0.0461 
286   0.0446   0.0461 
287   0.0446   0.0461 
288   0.0446   0.0461 
289   0.0446   0.0461 
290   0.0446   0.0461 
291   0.0446   0.0461 
292   0.0446   0.0461 
293   0.0446   0.0461 
294   0.0389   0.0390 
295   0.0389   0.0390 
296   0.0389   0.0390 
297   0.0389   0.0390 
298   0.0389   0.0390 
299   0.0389   0.0390 
300   0.0389   0.0390 
301   0.0389   0.0390 
302   0.0389   0.0390 
303   0.0389   0.0390 
304   0.0389   0.0390 
305   0.0389   0.0390 
306   0.0389   0.0390 
307   0.0389   0.0390 
308   0.0389   0.0390 
309   0.0389   0.0390 
310   0.0389   0.0390 
311   0.0389   0.0390 
312   0.0389   0.0390 
313   0.0389   0.0390 
314   0.0389   0.0390 
315   0.0389   0.0390 
316   0.0389   0.0390 
317   0.0389   0.0390 
318   0.0389   0.0390 
319   0.0389   0.0390 
320   0.0389   0.0390 
321   0.0389   0.0390 
322   0.0389   0.0390 
323   0.0389   0.0390 
324   0.0389   0.0390 
325   0.0389   0.0390 
326   0.0389   0.0390 
327   0.0389   0.0390 
328   0.0389   0.0390 
329   0.0389   0.0390 
330   0.0389   0.0390 
331   0.0389   0.0390 
332   0.0389   0.0390 
333   0.0389   0.0390 
334   0.0389   0.0390 
335   0.0389   0.0390 
336   0.0389   0.0390 
337   0.0389   0.0390 
338   0.0389   0.0390 
339   0.0389   0.0390 
340   0.0389   0.0390 
341   0.0389   0.0390 
342   0.0389   0.0390 
343   0.0389   0.0390 
344   0.0389   0.0390 
345   0.0389   0.0390 
346   0.0389   0.0390 
347   0.0389   0.0390 
348   0.0389   0.0390 
349   0.0389   0.0390 
350   0.0389   0.0390 
351   0.0389   0.0390 
352   0.0389   0.0390 
353   0.0389   0.0390 
354   0.0389   0.0390 
355   0.0389   0.0390 
356   0.0389   0.0390 
357   0.0389   0.0390 
358   0.0389   0.0390 
359   0.0389   0.0390 
360   0.0389   0.0390 
361   0.0389   0.0390 
362   0.0389   0.0390 
363   0.0389   0.0390 
364   0.0389   0.0390 
365   0.0389   0.0390 
366   0.0389   0.0390 
367   0.0389   0.0390 
368   0.0389   0.0390 
369   0.0389   0.0390 
370   0.0389   0.0390 
371   0.0389   0.0390 
372   0.0389   0.0390 
373   0.0389   0.0390 
374   0.0389   0.0390 
375   0.0389   0.0390 
376   0.0389   0.0390 
377   0.0389   0.0390 
378   0.0389   0.0390 
379   0.0389   0.0390 
380   0.0389   0.0390 
381   0.0389   0.0390 
382   0.0389   0.0390 
383   0.0389   0.0390 
384   0.0389   0.0390 
385   0.0389   0.0390 
386   0.0389   0.0390 
387   0.0389   0.0390 
388   0.0389   0.0390 
389   0.0389   0.0390 
390   0.0389   0.0390 
391   0.0389   0.0390 
392   0.0389   0.0390 
393   0.0389   0.0390 
394   0.0389   0.0390 
395   0.0389   0.0390 
396   0.0389   0.0390 
397   0.0389   0.0390 
398   0.0389   0.0390 
399   0.0389   0.0390 
400   0.0389   0.0390 
401   0.0389   0.0390 
402   0.0389   0.0390 
403   0.0389   0.0390 
404   0.0389   0.0390 
405   0.0389   0.0390 
406   0.0389   0.0390 
407   0.0389   0.0390 
408   0.0389   0.0390 
409   0.0389   0.0390 
410   0.0389   0.0390 
411   0.0389   0.0390 
412   0.0389   0.0390 
413   0.0389   0.0390 
414   0.0389   0.0390 
415   0.0389   0.0390 
416   0.0389   0.0390 
417   0.0389   0.0390 
418   0.0389   0.0390 
419   0.0389   0.0390 
420   0.0389   0.0390 
421   0.0389   0.0390 
422   0.0389   0.0390 
423   0.0389   0.0390 
424   0.0389   0.0390 
425   0.0389   0.0390 
426   0.0389   0.0390 
427   0.0389   0.0390 
428   0.0389   0.0390 
429   0.0389   0.0390 
430   0.0389   0.0390 
431   0.0389   0.0390 
432   0.0389   0.0390 
433   0.0389   0.0390 
434   0.0389   0.0390 
435   0.0389   0.0390 
436   0.0389   0.0390 
437   0.0389   0.0390 
438   0.0389   0.0390 
439   0.0389   0.0390 
440   0.0389   0.0390 
441   0.0389   0.0390 
442   0.0389   0.0390 
443   0.0389   0.0390 
444   0.0389   0.0390 
445   0.0389   0.0390 
446   0.0389   0.0390 
447   0.0389   0.0390 
448   0.0389   0.0390 
449   0.0389   0.0390 
450   0.0389   0.0390 
451   0.0389   0.0390 
452   0.0389   0.0390 
453   0.0389   0.0390 
454   0.0389   0.0390 
455   0.0389   0.0390 
456   0.0389   0.0390 
457   0.0389   0.0390 
458   0.0389   0.0390 
459   0.0389   0.0390 
460   0.0389   0.0390 
461   0.0389   0.0390 
462   0.0389   0.0390 
463   0.0389   0.0390 
464   0.0389   0.0390 
465   0.0389   0.0390 
466   0.0389   0.0390 
467   0.0389   0.0390 
468   0.0389   0.0390 
469   0.0389   0.0390 
470   0.0389   0.0390 
471   0.0389   0.0390 
472   0.0389   0.0390 
473   0.0389   0.0390 
474   0.0389   0.0390 
475   0.0389   0.0390 
476   0.0389   0.0390 
477   0.0389   0.0390 
478   0.0389   0.0390 
479   0.0389   0.0390 
480   0.0389   0.0390 
481   0.0389   0.0390 
482   0.0389   0.0390 
483   0.0389   0.0390 
484   0.0389   0.0390 
485   0.0389   0.0390 
486   0.0389   0.0390 
487   0.0389   0.0390 
488   0.0389   0.0390 
489   0.0389   0.0390 
490   0.0389   0.0390 
491   0.0389   0.0390 
492   0.0389   0.0390 
493   0.0389   0.0390 
494   0.0389   0.0390 
495   0.0389   0.0390 
496   0.0389   0.0390 
497   0.0389   0.0390 
498   0.0389   0.0390 
499   0.0389   0.0390 
500   0.0389   0.0390 
501   0.0389   0.0390 
502   0.0389   0.0390 
503   0.0389   0.0390 
504   0.0389   0.0390 
505   0.0389   0.0390 
506   0.0389   0.0390 
507   0.0389   0.0390 
508   0.0389   0.0390 
509   0.0389   0.0390 
510   0.0389   0.0390 
511   0.0389   0.0390 
512   0.0389   0.0390 
513   0.0389   0.0390 
514   0.0389   0.0390 
515   0.0389   0.0390 
516   0.0389   0.0390 
517   0.0389   0.0390 
518   0.0389   0.0390 
519   0.0389   0.0390 
520   0.0389   0.0390 
521   0.0389   0.0390 
522   0.0389   0.0390 
523   0.0389   0.0390 
524   0.0389   0.0390 
525   0.0389   0.0390 
526   0.0389   0.0390 
527   0.0389   0.0390 
528   0.0389   0.0390 
529   0.0389   0.0390 
530   0.0389   0.0390 
531   0.0389   0.0390 
532   0.0389   0.0390 
533   0.0389   0.0390 
534   0.0389   0.0390 
535   0.0389   0.0390 
536   0.0389   0.0390 
537   0.0389   0.0390 
538   0.0389   0.0390 
539   0.0389   0.0390 
540   0.0389   0.0390 
541   0.0389   0.0390 
542   0.0389   0.0390 
543   0.0389   0.0390 
544   0.0389   0.0390 
545   0.0389   0.0390 
546   0.0389   0.0390 
547   0.0389   0.0390 
548   0.0389   0.0390 
549   0.0389   0.0390 
550   0.0389   0.0390 
551   0.0389   0.0390 
552   0.0389   0.0390 
553   0.0389   0.0390 
554   0.0389   0.0390 
555   0.0389   0.0390 
556   0.0389   0.0390 
557   0.0389   0.0390 
558   0.0389   0.0390 
559   0.0389   0.0390 
560   0.0389   0.0390 
561   0.0389   0.0390 
562   0.0389   0.0390 
563   0.0389   0.0390 
564   0.0389   0.0390 
565   0.0389   0.0390 
566   0.0389   0.0390 
567   0.0389   0.0390 
568   0.0389   0.0390 
569   0.0389   0.0390 
570   0.0389   0.0390 
571   0.0389   0.0390 
572   0.0389   0.0390 
573   0.0389   0.0390 
574   0.0389   0.0390 
575   0.0389   0.0390 
576   0.0389   0.0390 
577   0.0389   0.0390 
578   0.0389   0.0390 
579   0.0389   0.0390 
580   0.0389   0.0390 
581   0.0389   0.0390 
582   0.0389   0.0390 
583   0.0389   0.0390 
584   0.0389   0.0390 
585   0.0389   0.0390 
586   0.0389   0.0390 
587   0.0389   0.0390 
588   0.0389   0.0390 
589   0.0389   0.0390 
590   0.0389   0.0390 
591   0.0389   0.0390 
592   0.0389   0.0390 
593   0.0389   0.0390 
594   0.0389   0.0390 
595   0.0389   0.0390 
596   0.0389   0.0390 
597   0.0389   0.0390 
598   0.0389   0.0390 
599   0.0389   0.0390 
600   0.0389   0.0390 
601   0.0389   0.0390 
602   0.0389   0.0390 
603   0.0389   0.0390 
604   0.0389   0.0390 
605   0.0389   0.0390 
606   0.0389   0.0390 
607   0.0389   0.0390 
608   0.0389   0.0390 
609   0.0389   0.0390 
610   0.0389   0.0390 
611   0.0389   0.0390 
612   0.0389   0.0390 
613   0.0389   0.0390 
614   0.0389   0.0390 
615   0.0389   0.0390 
616   0.0389   0.0390 
617   0.0389   0.0390 
618   0.0389   0.0390 
619   0.0389   0.0390 
620   0.0389   0.0390 
621   0.0389   0.0390 
622   0.0389   0.0390 
623   0.0389   0.0390 
624   0.0389   0.0390 
625   0.0389   0.0390 
626   0.0389   0.0390 
627   0.0389   0.0390 
628   0.0389   0.0390 
629   0.0389   0.0390 
630   0.0389   0.0390 
631   0.0389   0.0390 
632   0.0389   0.0390 
633   0.0389   0.0390 
634   0.0389   0.0390 
635   0.0389   0.0390 
636   0.0389   0.0390 
637   0.0389   0.0390 
638   0.0389   0.0390 
639   0.0389   0.0390 
640   0.0389   0.0390 
641   0.0389   0.0390 
642   0.0389   0.0390 
643   0.0389   0.0390 
644   0.0389   0.0390 
645   0.0389   0.0390 
646   0.0389   0.0390 
647   0.0389   0.0390 
648   0.0389   0.0390 
649   0.0389   0.0390 
650   0.0389   0.0390 
651   0.0389   0.0390 
652   0.0389   0.0390 
653   0.0389   0.0390 
654   0.0389   0.0390 
655   0.0389   0.0390 
656   0.0389   0.0390 
657   0.0389   0.0390 
658   0.0389   0.0390 
659   0.0389   0.0390 
660   0.0389   0.0390 
661   0.0389   0.0390 
662   0.0389   0.0390 
663   0.0389   0.0390 
664   0.0389   0.0390 
665   0.0389   0.0390 
666   0.0389   0.0390 
667   0.0389   0.0390 
668   0.0389   0.0390 
669   0.0389   0.0390 
670   0.0389   0.0390 
671   0.0389   0.0390 
672   0.0389   0.0390 
673   0.0389   0.0390 
674   0.0389   0.0390 
675   0.0389   0.0390 
676   0.0389   0.0390 
677   0.0389   0.0390 
678   0.0389   0.0390 
679   0.0389   0.0390 
680   0.0389   0.0390 
681   0.0389   0.0390 
682   0.0389   0.0390 
683   0.0389   0.0390 
684   0.0389   0.0390 
685   0.0389   0.0390 
686   0.0389   0.0390 
687   0.0389   0.0390 
688   0.0389   0.0390 
689   0.0389   0.0390 
690   0.0389   0.0390 
691   0.0389   0.0390 
692   0.0389   0.0390 
693   0.0389   0.0390 
694   0.0389   0.0390 
695   0.0389   0.0390 
696   0.0389   0.0390 
697   0.0389   0.0390 
698   0.0389   0.0390 
699   0.0389   0.0390 
700   0.0389   0.0390 
701   0.0389   0.0390 
702   0.0389   0.0390 
703   0.0389   0.0390 
704   0.0389   0.0390 
705   0.0389   0.0390 
706   0.0389   0.0390 
707   0.0389   0.0390 
708   0.0389   0.0390 
709   0.0389   0.0390 
710   0.0389   0.0390 
711   0.0389   0.0390 
712   0.0389   0.0390 
713   0.0389   0.0390 
714   0.0389   0.0390 
715   0.0389   0.0390 
716   0.0389   0.0390 
717   0.0389   0.0390 
718   0.0389   0.0390 
719   0.0389   0.0390 
720   0.0389   0.0390 
721   0.0389   0.0390 
722   0.0389   0.0390 
723   0.0389   0.0390 
724   0.0389   0.0390 
725   0.0389   0.0390 
726   0.0389   0.0390 
727   0.0389   0.0390 
728   0.0389   0.0390 
729   0.0389   0.0390 
730   0.0389   0.0390 
731   0.0389   0.0390 
732   0.0389   0.0390 
733   0.0389   0.0390 
734   0.0389   0.0390 
735   0.0389   0.0390 
736   0.0389   0.0390 
737   0.0389   0.0390 
738   0.0389   0.0390 
739   0.0389   0.0390 
740   0.0389   0.0390 
741   0.0389   0.0390 
742   0.0389   0.0390 
743   0.0389   0.0390 
744   0.0389   0.0390 
745   0.0389   0.0390 
746   0.0389   0.0390 
747   0.0389   0.0390 
748   0.0389   0.0390 
749   0.0389   0.0390 
750   0.0389   0.0390 
751   0.0389   0.0390 
752   0.0389   0.0390 
753   0.0389   0.0390 
754   0.0389   0.0390 
755   0.0389   0.0390 
756   0.0389   0.0390 
757   0.0389   0.0390 
758   0.0389   0.0390 
759   0.0389   0.0390 
760   0.0389   0.0390 
761   0.0389   0.0390 
762   0.0389   0.0390 
763   0.0389   0.0390 
764   0.0389   0.0390 
765   0.0389   0.0390 
766   0.0389   0.0390 
767   0.0389   0.0390 
768   0.0389   0.0390 
769   0.0389   0.0390 
770   0.0389   0.0390 
771   0.0389   0.0390 
772   0.0389   0.0390 
773   0.0389   0.0390 
774   0.0389   0.0390 
775   0.0389   0.0390 
776   0.0389   0.0390 
777   0.0389   0.0390 
778   0.0389   0.0390 
779   0.0389   0.0390 
780   0.0389   0.0390 
781   0.0389   0.0390 
782   0.0389   0.0390 
783   0.0389   0.0390 
784   0.0389   0.0390 
785   0.0389   0.0390 
786   0.0389   0.0390 
787   0.0389   0.0390 
788   0.0389   0.0390 
789   0.0389   0.0390 
790   0.0389   0.0390 
791   0.0389   0.0390 
792   0.0389   0.0390 
793   0.0389   0.0390 
794   0.0389   0.0390 
795   0.0389   0.0390 
796   0.0389   0.0390 
797   0.0389   0.0390 
798   0.0389   0.0390 
799   0.0389   0.0390 
800   0.0389   0.0390 
801   0.0389   0.0390 
802   0.0389   0.0390 
803   0.0389   0.0390 
804   0.0389   0.0390 
805   0.0389   0.0390 
806   0.0389   0.0390 
807   0.0389   0.0390 
808   0.0389   0.0390 
809   0.0389   0.0390 
810   0.0389   0.0390 
811   0.0189   0.0199 
812   0.0189   0.0199 
813   0.0189   0.0199 
814   0.0189   0.0199 
815   0.0189   0.0199 
816   0.0189   0.0199 
817   0.0189   0.0199 
818   0.0189   0.0199 
819   0.0189   0.0199 
820   0.0189   0.0199 
821   0.0189   0.0199 
822   0.0189   0.0199 
823   0.0189   0.0199 
824   0.0189   0.0199 
825   0.0189   0.0199 
826   0.0189   0.0199 
827   0.0189   0.0199 
828   0.0189   0.0199 
829   0.0189   0.0199 
830   0.0189   0.0199 
831   0.0189   0.0199 
832   0.0189   0.0199 
833   0.0189   0.0199 
834   0.0189   0.0199 
835   0.0189   0.0199 
836   0.0189   0.0199 
837   0.0189   0.0199 
838   0.0189   0.0199 
839   0.0189   0.0199 
840   0.0189   0.0199 
841   0.0189   0.0199 
842   0.0189   0.0199 
843   0.0189   0.0199 
844   0.0189   0.0199 
845   0.0189   0.0199 
846   0.0189   0.0199 
847   0.0189   0.0199 
848   0.0189   0.0199 
849   0.0189   0.0199 
850   0.0189   0.0199 
851   0.0189   0.0199 
852   0.0189   0.0199 
853   0.0189   0.0199 
854   0.0189   0.0199 
855   0.0189   0.0199 
856   0.0189   0.0199 
857   0.0189   0.0199 
858   0.0189   0.0199 
859   0.0189   0.0199 
860   0.0189   0.0199 
861   0.0189   0.0199 
862   0.0189   0.0199 
863   0.0189   0.0199 
864   0.0189   0.0199 
865   0.0189   0.0199 
866   0.0189   0.0199 
867   0.0189   0.0199 
868   0.0189   0.0199 
869   0.0189   0.0199 
870   0.0189   0.0199 
871   0.0189   0.0199 
872   0.0189   0.0199 
873   0.0189   0.0199 
874   0.0189   0.0199 
875   0.0189   0.0199 
876   0.0189   0.0199 
877   0.0189   0.0199 
878   0.0189   0.0199 
879   0.0189   0.0199 
880   0.0189   0.0199 
881   0.0189   0.0199 
882   0.0189   0.0199 
883   0.0189   0.0199 
884   0.0189   0.0199 
885   0.0189   0.0199 
886   0.0189   0.0199 
887   0.0189   0.0199 
888   0.0189   0.0199 
889   0.0189   0.0199 
890   0.0189   0.0199 
891   0.0189   0.0199 
892   0.0189   0.0199 
893   0.0189   0.0199 
894   0.0189   0.0199 
895   0.0189   0.0199 
896   0.0189   0.0199 
897   0.0189   0.0199 
898   0.0189   0.0199 
899   0.0189   0.0199 
900   0.0189   0.0199 
901   0.0189   0.0199 
902   0.0189   0.0199 
903   0.0189   0.0199 
904   0.0189   0.0199 
905   0.0189   0.0199 
906   0.0189   0.0199 
907   0.0189   0.0199 
908   0.0189   0.0199 
909   0.0189   0.0199 
910   0.0189   0.0199 
911   0.0189   0.0199 
912   0.0189   0.0199 
913   0.0189   0.0199 
914   0.0189   0.0199 
915   0.0189   0.0199 
916   0.0189   0.0199 
917   0.0189   0.0199 
918   0.0189   0.0199 
919   0.0189   0.0199 
920   0.0189   0.0199 
921   0.0189   0.0199 
922   0.0189   0.0199 
923   0.0189   0.0199 
924   0.0189   0.0199 
925   0.0189   0.0199 
926   0.0189   0.0199 
927   0.0189   0.0199 
928   0.0189   0.0199 
929   0.0189   0.0199 
930   0.0189   0.0199 
931   0.0189   0.0199 
932   0.0189   0.0199 
933   0.0189   0.0199 
934   0.0189   0.0199 
935   0.0189   0.0199 
936   0.0189   0.0199 
937   0.0189   0.0199 
938   0.0189   0.0199 
939   0.0189   0.0199 
940   0.0189   0.0199 
941   0.0189   0.0199 
942   0.0189   0.0199 
943   0.0189   0.0199 
944   0.0189   0.0199 
945   0.0189   0.0199 
946   0.0189   0.0199 
947   0.0189   0.0199 
948   0.0189   0.0199 
949   0.0189   0.0199 
950   0.0189   0.0199 
951   0.0189   0.0199 
952   0.0189   0.0199 
953   0.0189   0.0199 
954   0.0189   0.0199 
955   0.0189   0.0199 
956   0.0189   0.0199 
957   0.0189   0.0199 
958   0.0189   0.0199 
959   0.0189   0.0199 
960   0.0189   0.0199 
961   0.0189   0.0199 
962   0.0189   0.0199 
963   0.0189   0.0199 
964   0.0189   0.0199 
965   0.0189   0.0199 
966   0.0189   0.0199 
967   0.0189   0.0199 
968   0.0189   0.0199 
969   0.0189   0.0199 
970   0.0189   0.0199 
971   0.0189   0.0199 
972   0.0189   0.0199 
973   0.0189   0.0199 
974   0.0189   0.0199 
975   0.0189   0.0199 
976   0.0189   0.0199 
977   0.0189   0.0199 
978   0.0189   0.0199 
979   0.0189   0.0199 
980   0.0189   0.0199 
981   0.0189   0.0199 
982   0.0189   0.0199 
983   0.0189   0.0199 
984   0.0189   0.0199 
985   0.0189   0.0199 
986   0.0189   0.0199 
987   0.0189   0.0199 
988   0.0189   0.0199 
989   0.0189   0.0199 
990   0.0189   0.0199 
991   0.0189   0.0199 
992   0.0189   0.0199 
993   0.0189   0.0199 
994   0.0189   0.0199 
995   0.0189   0.0199 
996   0.0189   0.0199 
997   0.0189   0.0199 
998   0.0189   0.0199 
999   0.0189   0.0199 
1000   0.0189   0.0199 
1001   0.0189   0.0199 
1002   0.0189   0.0199 
1003   0.0189   0.0199 
1004   0.0189   0.0199 
1005   0.0189   0.0199 
1006   0.0189   0.0199 
1007   0.0189   0.0199 
1008   0.0189   0.0199 
1009   0.0189   0.0199 
1010   0.0189   0.0199 
1011   0.0189   0.0199 
1012   0.0189   0.0199 
1013   0.0189   0.0199 
1014   0.0189   0.0199 
1015   0.0189   0.0199 
1016   0.0189   0.0199 
1017   0.0189   0.0199 
1018   0.0189   0.0199 
1019   0.0189   0.0199 
1020   0.0189   0.0199 
1021   0.0189   0.0199 
1022   0.0189   0.0199 
1023   0.0189   0.0199 
1024   0.0189   0.0199 
1025   0.0189   0.0199 
1026   0.0189   0.0199 
1027   0.0189   0.0199 
1028   0.0189   0.0199 
1029   0.0189   0.0199 
1030   0.0189   0.0199 
1031   0.0189   0.0199 
1032   0.0189   0.0199 
1033   0.0189   0.0199 
1034   0.0189   0.0199 
1035   0.0189   0.0199 
1036   0.0189   0.0199 
1037   0.0189   0.0199 
1038   0.0189   0.0199 
1039   0.0189   0.0199 
1040   0.0189   0.0199 
1041   0.0189   0.0199 
1042   0.0189   0.0199 
1043   0.0189   0.0199 
1044   0.0189   0.0199 
1045   0.0189   0.0199 
1046   0.0189   0.0199 
1047   0.0189   0.0199 
1048   0.0189   0.0199 
1049   0.0189   0.0199 
1050   0.0189   0.0199 
1051   0.0189   0.0199 
1052   0.0189   0.0199 
1053   0.0189   0.0199 
1054   0.0189   0.0199 
1055   0.0189   0.0199 
1056   0.0189   0.0199 
1057   0.0189   0.0199 
1058   0.0189   0.0199 
1059   0.0189   0.0199 
1060   0.0189   0.0199 
1061   0.0189   0.0199 
1062   0.0189   0.0199 
1063   0.0189   0.0199 
1064   0.0189   0.0199 
1065   0.0189   0.0199 
1066   0.0189   0.0199 
1067   0.0189   0.0199 
1068   0.0189   0.0199 
1069   0.0189   0.0199 
1070   0.0189   0.0199 
1071   0.0189   0.0199 
1072   0.0189   0.0199 
1073   0.0189   0.0199 
1074   0.0189   0.0199 
1075   0.0189   0.0199 
1076   0.0189   0.0199 
1077   0.0189   0.0199 
1078   0.0189   0.0199 
1079   0.0189   0.0199 
1080   0.0189   0.0199 
1081   0.0189   0.0199 
1082   0.0189   0.0199 
1083   0.0189   0.0199 
1084   0.0189   0.0199 
1085   0.0189   0.0199 
1086   0.0189   0.0199 
1087   0.0189   0.0199 
1088   0.0189   0.0199 
1089   0.0189   0.0199 
1090   0.0189   0.0199 
1091   0.0189   0.0199 
1092   0.0189   0.0199 
1093   0.0189   0.0199 
1094   0.0189   0.0199 
1095   0.0189   0.0199 
1096   0.0189   0.0199 
1097   0.0189   0.0199 
1098   0.0189   0.0199 
1099   0.0189   0.0199 
1100   0.0189   0.0199 
1101   0.0189   0.0199 
1102   0.0189   0.0199 
1103   0.0189   0.0199 
1104   0.0189   0.0199 
1105   0.0189   0.0199 
1106   0.0189   0.0199 
1107   0.0189   0.0199 
1108   0.0189   0.0199 
1109   0.0189   0.0199 
1110   0.0189   0.0199 
1111   0.0189   0.0199 
1112   0.0189   0.0199 
1113   0.0189   0.0199 
1114   0.0189   0.0199 
1115   0.0189   0.0199 
1116   0.0189   0.0199 
1117   0.0189   0.0199 
1118   0.0189   0.0199 
1119   0.0189   0.0199 
1120   0.0189   0.0199 
1121   0.0189   0.0199 
1122   0.0189   0.0199 
1123   0.0189   0.0199 
1124   0.0189   0.0199 
1125   0.0189   0.0199 
1126   0.0189   0.0199 
1127   0.0189   0.0199 
1128   0.0189   0.0199 
1129   0.0189   0.0199 
1130   0.0189   0.0199 
1131   0.0189   0.0199 
1132   0.0189   0.0199 
1133   0.0189   0.0199 
1134   0.0189   0.0199 
1135   0.0189   0.0199 
1136   0.0189   0.0199 
1137   0.0189   0.0199 
1138   0.0189   0.0199 
1139   0.0189   0.0199 
1140   0.0189   0.0199 
1141   0.0189   0.0199 
1142   0.0189   0.0199 
1143   0.0189   0.0199 
1144   0.0017   0.0018 
1145   0.0017   0.0018 
1146   0.0017   0.0018 
1147   0.0017   0.0018 
1148   0.0001   0.0001 
1149   0.0001   0.0001 
1150   0.0001   0.0001 
1151   0.0001   0.0001 
1152   0.0001   0.0001 
1153   0.0001   0.0001 
1154   0.0001   0.0001 
1155   0.0001   0.0001 
1156   0.0001   0.0001 
1157   0.0001   0.0001 
1158   0.0001   0.0001 
1159   0.0001   0.0001 
1160   0.0001   0.0001 
1161   0.0001   0.0001 
1162   0.0001   0.0001 
1163   0.0001   0.0001 
1164   0.0001   0.0001 
1165   0.0001   0.0001 
1166   0.0001   0.0001 
1167   0.0001   0.0001 
1168   0.0001   0.0001 
1169   0.0001   0.0001 
1170   0.0001   0.0001 
1171   0.0001   0.0001 
1172   0.0001   0.0001 
1173   0.0001   0.0001 
1174   0.0001   0.0001 
1175   0.0001   0.0001 
1176   0.0001   0.0001 
1177   0.0001   0.0001 
1178   0.0001   0.0001 
1179   0.0001   0.0001 
1180   0.0001   0.0001 
1181   0.0001   0.0001 
1182   0.0001   0.0001 
1183   0.0001   0.0001 
1184   0.0001   0.0001 
1185   0.0001   0.0001 
1186   0.0001   0.0001 
1187   0.0001   0.0001 
1188   0.0001   0.0001 
1189   0.0001   0.0001 
1190   0.0001   0.0001 
1191   0.0001   0.0001 
1192   0.0001   0.0001 
1193   0.0001   0.0001 
1194   0.0001   0.0001 
1195   0.0001   0.0001 
1196   0.0001   0.0001 
1197   0.0001   0.0001 
1198   0.0001   0.0001 
1199   0.0001   0.0001 
1200   0.0001   0.0001 
1201   0.0001   0.0001 
1202   0.0001   0.0001 
1203   0.0001   0.0001 
1204   0.0001   0.0001 
1205   0.0001   0.0001 
1206   0.0001   0.0001 
1207   0.0001   0.0001 
1208   0.0001   0.0001 
1209   0.0001   0.0001 
1210   0.0001   0.0001 
1211   0.0001   0.0001 
1212   0.0001   0.0001 
1213   0.0001   0.0001 
1214   0.0001   0.0001 
1215   0.0001   0.0001 
1216   0.0001   0.0001 
1217   0.0001   0.0001 
1218   0.0001   0.0001 
1219   0.0001   0.0001 
1220   0.0001   0.0001 
1221   0.0001   0.0001 
1222   0.0001   0.0001 
1223   0.0001   0.0001 
1224   0.0001   0.0001 
1225   0.0001   0.0001 
1226   0.0001   0.0001 
1227   0.0001   0.0001 
1228   0.0001   0.0001 
1229   0.0001   0.0001 
1230   0.0001   0.0001 
1231   0.0001   0.0001 
1232   0.0001   0.0001 
1233   0.0001   0.0001 
1234   0.0001   0.0001 
1235   0.0001   0.0001 
1236   0.0001   0.0001 
1237   0.0001   0.0001 
1238   0.0001   0.0001 
1239   0.0001   0.0001 
1240   0.0001   0.0001 
1241   0.0001   0.0001 
1242   0.0001   0.0001 
1243   0.0001   0.0001 
1244   0.0001   0.0001 
1245   0.0001   0.0001 
1246   0.0001   0.0001 
1247   0.0001   0.0001 
1248   0.0001   0.0001 
1249   0.0001   0.0001 
1250   0.0001   0.0001 
1251   0.0001   0.0001 
1252   0.0001   0.0001 
1253   0.0001   0.0001 
1254   0.0001   0.0001 
1255   0.0001   0.0001 
1256   0.0001   0.0001 
1257   0.0001   0.0001 
1258   0.0001   0.0001 
1259   0.0001   0.0001 
1260   0.0001   0.0001 
1261   0.0001   0.0001 
1262   0.0001   0.0001 
1263   0.0001   0.0001 
1264   0.0001   0.0001 
1265   0.0001   0.0001 
1266   0.0001   0.0001 
1267   0.0001   0.0001 
1268   0.0001   0.0001 
1269   0.0001   0.0001 
1270   0.0001   0.0001 
1271   0.0001   0.0001 
1272   0.0001   0.0001 
1273   0.0001   0.0001 
1274   0.0001   0.0001 
1275   0.0001   0.0001 
1276   0.0001   0.0001 
1277   0.0001   0.0001 
1278   0.0001   0.0001 
1279   0.0001   0.0001 
1280   0.0001   0.0001 
1281   0.0001   0.0001 
1282   0.0001   0.0001 
1283   0.0001   0.0001 
1284   0.0001   0.0001 
1285   0.0001   0.0001 
1286   0.0001   0.0001 
1287   0.0001   0.0001 
1288   0.0001   0.0001 
1289   0.0001   0.0001 
1290   0.0001   0.0001 
1291   0.0001   0.0001 
1292   0.0001   0.0001 
1293   0.0001   0.0001 
1294   0.0001   0.0001 
1295   0.0001   0.0001 
1296   0.0001   0.0001 
1297   0.0001   0.0001 
1298   0.0001   0.0001 
1299   0.0001   0.0001 
1300   0.0001   0.0001 
1301   0.0001   0.0001 
1302   0.0001   0.0001 
1303   0.0001   0.0001 
1304   0.0001   0.0001 
1305   0.0001   0.0001 
1306   0.0001   0.0001 
1307   0.0001   0.0001 
1308   0.0001   0.0001 
1309   0.0001   0.0001 
1310   0.0001   0.0001 
1311   0.0001   0.0001 
1312   0.0001   0.0001 
1313   0.0001   0.0001 
1314   0.0001   0.0001 
1315   0.0001   0.0001 
1316   0.0001   0.0001 
1317   0.0001   0.0001 
1318   0.0001   0.0001 
1319   0.0001   0.0001 
1320   0.0001   0.0001 
1321   0.0001   0.0001 
1322   0.0001   0.0001 
1323   0.0001   0.0001 
1324   0.0001   0.0001 
1325   0.0001   0.0001 
1326   0.0001   0.0001 
1327   0.0001   0.0001 
1328   0.0001   0.0001 
1329   0.0001   0.0001 
1330   0.0001   0.0001 
1331   0.0001   0.0001 
1332   0.0001   0.0001 
1333   0.0001   0.0001 
1334   0.0001   0.0001 
1335   0.0001   0.0001 
1336   0.0001   0.0001 
1337   0.0001   0.0001 
1338   0.0001   0.0001 
1339   0.0001   0.0001 
1340   0.0001   0.0001 
1341   0.0001   0.0001 
1342   0.0001   0.0001 
1343   0.0001   0.0001 
1344   0.0001   0.0001 
1345   0.0001   0.0001 
1346   0.0001   0.0001 
1347   0.0001   0.0001 
1348   0.0001   0.0001 
1349   0.0001   0.0001 
1350   0.0001   0.0001 
1351   0.0001   0.0001 
1352   0.0001   0.0001 
1353   0.0001   0.0001 
1354   0.0001   0.0001 
1355   0.0001   0.0001 
1356   0.0001   0.0001 
1357   0.0001   0.0001 
1358   0.0001   0.0001 
1359   0.0001   0.0001 
1360   0.0001   0.0001 
1361   0.0001   0.0001 
1362   0.0001   0.0001 
1363   0.0001   0.0001 
1364   0.0001   0.0001 
1365   0.0001   0.0001 
1366   0.0001   0.0001 
1367   0.0001   0.0001 
1368   0.0001   0.0001 
1369   0.0001   0.0001 
1370   0.0001   0.0001 
1371   0.0001   0.0001 
1372   0.0001   0.0001 
1373   0.0001   0.0001 
1374   0.0001   0.0001 
1375   0.0001   0.0001 
1376   0.0001   0.0001 
1377   0.0001   0.0001 
1378   0.0001   0.0001 
1379   0.0001   0.0001 
1380   0.0001   0.0001 
1381   0.0001   0.0001 
1382   0.0001   0.0001 
1383   0.0001   0.0001 
1384   0.0001   0.0001 
1385   0.0001   0.0001 
1386   0.0001   0.0001 
1387   0.0001   0.0001 
1388   0.0001   0.0001 
1389   0.0001   0.0001 
1390   0.0001   0.0001 
1391   0.0001   0.0001 
1392   0.0001   0.0001 
1393   0.0001   0.0001 
1394   0.0001   0.0001 
1395   0.0001   0.0001 
1396   0.0001   0.0001 
1397   0.0001   0.0001 
1398   0.0001   0.0001 
1399   0.0001   0.0001 
1400   0.0001   0.0001 
1401   0.0001   0.0001 
1402   0.0001   0.0001 
1403   0.0001   0.0001 
1404   0.0001   0.0001 
1405   0.0001   0.0001 
1406   0.0001   0.0001 
1407   0.0001   0.0001 
1408   0.0001   0.0001 
1409   0.0001   0.0001 
1410   0.0001   0.0001 
1411   0.0001   0.0001 
1412   0.0001   0.0001 
1413   0.0001   0.0001 
1414   0.0001   0.0001 
1415   0.0001   0.0001 
1416   0.0001   0.0001 
1417   0.0001   0.0001 
1418   0.0001   0.0001 
1419   0.0001   0.0001 
1420   0.0001   0.0001 
1421   0.0001   0.0001 
1422   0.0001   0.0001 
1423   0.0001   0.0001 
1424   0.0001   0.0001 
1425   0.0001   0.0001 
1426   0.0001   0.0001 
1427   0.0001   0.0001 
1428   0.0001   0.0001 
1429   0.0001   0.0001 
1430   0.0001   0.0001 
1431   0.0001   0.0001 
1432   0.0001   0.0001 
1433   0.0001   0.0001 
1434   0.0001   0.0001 
1435   0.0001   0.0001 
1436   0.0001   0.0001 
1437   0.0001   0.0001 
1438   0.0001   0.0001 
1439   0.0001   0.0001 
1440   0.0001   0.0001 
1441   0.0001   0.0001 
1442   0.0001   0.0001 
1443   0.0001   0.0001 
1444   0.0001   0.0001 
1445   0.0001   0.0001 
1446   0.0001   0.0001 
1447   0.0001   0.0001 
1448   0.0001   0.0001 
1449   0.0001   0.0001 
1450   0.0001   0.0001 
1451   0.0001   0.0001 
1452   0.0001   0.0001 
1453   0.0001   0.0001 
1454   0.0001   0.0001 
1455   0.0001   0.0001 
1456   0.0001   0.0001 
1457   0.0001   0.0001 
1458   0.0001   0.0001 
1459   0.0001   0.0001 
1460   0.0001   0.0001 
1461   0.0001   0.0001 
1462   0.0001   0.0001 
1463   0.0001   0.0001 
1464   0.0001   0.0001 
1465   0.0001   0.0001 
1466   0.0001   0.0001 
1467   0.0001   0.0001 
1468   0.0001   0.0001 
1469   0.0001   0.0001 
1470   0.0001   0.0001 
1471   0.0001   0.0001 
1472   0.0001   0.0001 
1473   0.0001   0.0001 
1474   0.0001   0.0001 
1475   0.0001   0.0001 
1476   0.0001   0.0001 
1477   0.0001   0.0001 
1478   0.0001   0.0001 
1479   0.0001   0.0001 
1480   0.0001   0.0001 
1481   0.0001   0.0001 
1482   0.0001   0.0001 
1483   0.0001   0.0001 
1484   0.0001   0.0001 
1485   0.0001   0.0001 
1486   0.0001   0.0001 
1487   0.0001   0.0001 
1488   0.0001   0.0001 
1489   0.0001   0.0001 
1490   0.0001   0.0001 
1491   0.0001   0.0001 
1492   0.0001   0.0001 
1493   0.0001   0.0001 
1494   0.0001   0.0001 
1495   0.0001   0.0001 
1496   0.0001   0.0001 
1497   0.0001   0.0001 
1498   0.0001   0.0001 
1499   0.0001   0.0001 
1500   0.0001   0.0001 
1501   0.0001   0.0001 
1502   0.0001   0.0001 
1503   0.0001   0.0001 
1504   0.0001   0.0001 
1505   0.0001   0.0001 
1506   0.0001   0.0001 
1507   0.0001   0.0001 
1508   0.0001   0.0001 
1509   0.0001   0.0001 
1510   0.0001   0.0001 
1511   0.0001   0.0001 
1512   0.0001   0.0001 
1513   0.0001   0.0001 
1514   0.0001   0.0001 
1515   0.0001   0.0001 
1516   0.0001   0.0001 
1517   0.0001   0.0001 
1518   0.0001   0.0001 
1519   0.0001   0.0001 
1520   0.0001   0.0001 
1521   0.0001   0.0001 
1522   0.0001   0.0001 
1523   0.0001   0.0001 
1524   0.0001   0.0001 
1525   0.0001   0.0001 
1526   0.0001   0.0001 
1527   0.0001   0.0001 
1528   0.0001   0.0001 
1529   0.0001   0.0001 
1530   0.0001   0.0001 
1531   0.0001   0.0001 
1532   0.0001   0.0001 
1533   0.0001   0.0001 
1534   0.0001   0.0001 
1535   0.0001   0.0001 
1536   0.0001   0.0001 
1537   0.0001   0.0001 
1538   0.0001   0.0001 
1539   0.0001   0.0001 
1540   0.0001   0.0001 
1541   0.0001   0.0001 
1542   0.0001   0.0001 
1543   0.0001   0.0001 
1544   0.0001   0.0001 
1545   0.0001   0.0001 
1546   0.0001   0.0001 
1547   0.0001   0.0001 
1548   0.0001   0.0001 
1549   0.0001   0.0001 
1550   0.0001   0.0001 
1551   0.0001   0.0001 
1552   0.0001   0.0001 
1553   0.0001   0.0001 
1554   0.0001   0.0001 
1555   0.0001   0.0001 
1556   0.0001   0.0001 
1557   0.0001   0.0001 
1558   0.0001   0.0001 
1559   0.0001   0.0001 
1560   0.0001   0.0001 
1561   0.0001   0.0001 
1562   0.0001   0.0001 
1563   0.0001   0.0001 
1564   0.0001   0.0001 
1565   0.0001   0.0001 
1566   0.0001   0.0001 
1567   0.0001   0.0001 
1568   0.0001   0.0001 
1569   0.0001   0.0001 
1570   0.0001   0.0001 
1571   0.0001   0.0001 
1572   0.0001   0.0001 
1573   0.0001   0.0001 
1574   0.0001   0.0001 
1575   0.0001   0.0001 
1576   0.0001   0.0001 
1577   0.0001   0.0001 
1578   0.0001   0.0001 
1579   0.0001   0.0001 
1580   0.0001   0.0001 
1581   0.0001   0.0001 
1582   0.0001   0.0001 
1583   0.0001   0.0001 
1584   0.0001   0.0001 
1585   0.0001   0.0001 
1586   0.0001   0.0001 
1587   0.0001   0.0001 
1588   0.0001   0.0001 
1589   0.0001   0.0001 
1590   0.0001   0.0001 
1591   0.0001   0.0001 
1592   0.0001   0.0001 
1593   0.0001   0.0001 
1594   0.0001   0.0001 
1595   0.0001   0.0001 
1596   0.0001   0.0001 
1597   0.0001   0.0001 
1598   0.0001   0.0001 
1599   0.0001   0.0001 
1600   0.0001   0.0001 
1601   0.0001   0.0001 
1602   0.0001   0.0001 
1603   0.0001   0.0001 
1604   0.0001   0.0001 
1605   0.0001   0.0001 
1606   0.0001   0.0001 
1607   0.0001   0.0001 
1608   0.0001   0.0001 
1609   0.0001   0.0001 
1610   0.0001   0.0001 
1611   0.0001   0.0001 
1612   0.0001   0.0001 
1613   0.0001   0.0001 
1614   0.0001   0.0001 
1615   0.0001   0.0001 
1616   0.0001   0.0001 
1617   0.0001   0.0001 
1618   0.0001   0.0001 
1619   0.0001   0.0001 
1620   0.0001   0.0001 
1621   0.0001   0.0001 
1622   0.0001   0.0001 
1623   0.0001   0.0001 
1624   0.0001   0.0001 
1625   0.0001   0.0001 
1626   0.0001   0.0001 
1627   0.0001   0.0001 
1628   0.0001   0.0001 
1629   0.0001   0.0001 
1630   0.0001   0.0001 
1631   0.0001   0.0001 
1632   0.0001   0.0001 
1633   0.0001   0.0001 
1634   0.0001   0.0001 
1635   0.0001   0.0001 
1636   0.0001   0.0001 
1637   0.0001   0.0001 
1638   0.0001   0.0001 
1639   0.0001   0.0001 
1640   0.0001   0.0001 
1641   0.0001   0.0001 
1642   0.0001   0.0001 
1643   0.0001   0.0001 
1644   0.0001   0.0001 
1645   0.0001   0.0001 
1646   0.0001   0.0001 
1647   0.0001   0.0001 
1648   0.0001   0.0001 
1649   0.0001   0.0001 
1650   0.0001   0.0001 
1651   0.0001   0.0001 
1652   0.0001   0.0001 
1653   0.0001   0.0001 
1654   0.0001   0.0001 
1655   0.0001   0.0001 
1656   0.0001   0.0001 
1657   0.0001   0.0001 
1658   0.0001   0.0001 
1659   0.0001   0.0001 
1660   0.0001   0.0001 
1661   0.0001   0.0001 
1662   0.0001   0.0001 
1663   0.0001   0.0001 
1664   0.0001   0.0001 
1665   0.0001   0.0001 
1666   0.0001   0.0001 
1667   0.0001   0.0001 
1668   0.0001   0.0001 
1669   0.0001   0.0001 
1670   0.0001   0.0001 
1671   0.0001   0.0001 
1672   0.0001   0.0001 
1673   0.0001   0.0001 
1674   0.0001   0.0001 
1675   0.0001   0.0001 
1676   0.0001   0.0001 
1677   0.0001   0.0001 
1678   0.0001   0.0001 
1679   0.0001   0.0001 
1680   0.0001   0.0001 
1681   0.0001   0.0001 
1682   0.0001   0.0001 
1683   0.0001   0.0001 
1684   0.0001   0.0001 
1685   0.0001   0.0001 
1686   0.0001   0.0001 
1687   0.0001   0.0001 
1688   0.0001   0.0001 
1689   0.0001   0.0001 
1690   0.0001   0.0001 
1691   0.0001   0.0001 
1692   0.0001   0.0001 
1693   0.0001   0.0001 
1694   0.0001   0.0001 
1695   0.0001   0.0001 
1696   0.0001   0.0001 
1697   0.0001   0.0001 
1698   0.0001   0.0001 
1699   0.0001   0.0001 
1700   0.0001   0.0001 
1701   0.0001   0.0001 
1702   0.0001   0.0001 
1703   0.0001   0.0001 
1704   0.0001   0.0001 
1705   0.0001   0.0001 
1706   0.0001   0.0001 
1707   0.0001   0.0001 
1708   0.0001   0.0001 
1709   0.0001   0.0001 
1710   0.0001   0.0001 
1711   0.0001   0.0001 
1712   0.0001   0.0001 
1713   0.0001   0.0001 
1714   0.0001   0.0001 
1715   0.0001   0.0001 
1716   0.0001   0.0001 
1717   0.0001   0.0001 
1718   0.0001   0.0001 
1719   0.0001   0.0001 
1720   0.0001   0.0001 
1721   0.0001   0.0001 
1722   0.0001   0.0001 
1723   0.0001   0.0001 
1724   0.0001   0.0001 
1725   0.0001   0.0001 
1726   0.0001   0.0001 
1727   0.0001   0.0001 
1728   0.0001   0.0001 
1729   0.0001   0.0001 
1730   0.0001   0.0001 
1731   0.0001   0.0001 
1732   0.0001   0.0001 
1733   0.0001   0.0001 
1734   0.0001   0.0001 
1735   0.0001   0.0001 
1736   0.0001   0.0001 
1737   0.0001   0.0001 
1738   0.0001   0.0001 
1739   0.0001   0.0001 
1740   0.0001   0.0001 
1741   0.0001   0.0001 
1742   0.0001   0.0001 
1743   0.0001   0.0001 
1744   0.0001   0.0001 
1745   0.0001   0.0001 
1746   0.0001   0.0001 
1747   0.0001   0.0001 
1748   0.0001   0.0001 
1749   0.0001   0.0001 
1750   0.0001   0.0001 
1751   0.0001   0.0001 
1752   0.0001   0.0001 
1753   0.0001   0.0001 
1754   0.0001   0.0001 
1755   0.0001   0.0001 
1756   0.0001   0.0001 
1757   0.0001   0.0001 
1758   0.0001   0.0001 
1759   0.0001   0.0001 
1760   0.0001   0.0001 
1761   0.0001   0.0001 
1762   0.0001   0.0001 
1763   0.0001   0.0001 
1764   0.0001   0.0001 
1765   0.0001   0.0001 
1766   0.0001   0.0001 
1767   0.0001   0.0001 
1768   0.0001   0.0001 
1769   0.0001   0.0001 
1770   0.0001   0.0001 
1771   0.0001   0.0001 
1772   0.0001   0.0001 
1773   0.0001   0.0001 
1774   0.0001   0.0001 
1775   0.0001   0.0001 
1776   0.0001   0.0001 
1777   0.0001   0.0001 
1778   0.0001   0.0001 
1779   0.0001   0.0001 
1780   0.0001   0.0001 
1781   0.0001   0.0001 
1782   0.0001   0.0001 
1783   0.0001   0.0001 
1784   0.0001   0.0001 
1785   0.0001   0.0001 
1786   0.0001   0.0001 
1787   0.0001   0.0001 
1788   0.0001   0.0001 
1789   0.0001   0.0001 
1790   0.0001   0.0001 
1791   0.0001   0.0001 
1792   0.0001   0.0001 
1793   0.0001   0.0001 
1794   0.0001   0.0001 
1795   0.0001   0.0001 
1796   0.0001   0.0001 
1797   0.0001   0.0001 
1798   0.0001   0.0001 
1799   0.0001   0.0001 
1800   0.0001   0.0001 
1801   0.0001   0.0001 
1802   0.0001   0.0001 
1803   0.0001   0.0001 
1804   0.0001   0.0001 
1805   0.0001   0.0001 
1806   0.0001   0.0001 
1807   0.0001   0.0001 
1808   0.0001   0.0001 
1809   0.0001   0.0001 
1810   0.0001   0.0001 
1811   0.0001   0.0001 
1812   0.0001   0.0001 
1813   0.0001   0.0001 
1814   0.0001   0.0001 
1815   0.0001   0.0001 
1816   0.0001   0.0001 
1817   0.0001   0.0001 
1818   0.0001   0.0001 
1819   0.0001   0.0001 
1820   0.0001   0.0001 
1821   0.0001   0.0001 
1822   0.0001   0.0001 
1823   0.0001   0.0001 
1824   0.0001   0.0001 
1825   0.0001   0.0001 
1826   0.0001   0.0001 
1827   0.0001   0.0001 
1828   0.0001   0.0001 
1829   0.0001   0.0001 
1830   0.0001   0.0001 
1831   0.0001   0.0001 
1832   0.0001   0.0001 
1833   0.0001   0.0001 
1834   0.0001   0.0001 
1835   0.0001   0.0001 
1836   0.0001   0.0001 
1837   0.0001   0.0001 
1838   0.0001   0.0001 
1839   0.0001   0.0001 
1840   0.0001   0.0001 
1841   0.0001   0.0001 
1842   0.0001   0.0001 
1843   0.0001   0.0001 
1844   0.0001   0.0001 
1845   0.0001   0.0001 
1846   0.0001   0.0001 
1847   0.0001   0.0001 
1848   0.0001   0.0001 
1849   0.0001   0.0001 
1850   0.0001   0.0001 
1851   0.0001   0.0001 
1852   0.0001   0.0001 
1853   0.0001   0.0001 
1854   0.0001   0.0001 
1855   0.0001   0.0001 
1856   0.0001   0.0001 
1857   0.0001   0.0001 
1858   0.0001   0.0001 
1859   0.0001   0.0001 
1860   0.0001   0.0001 
1861   0.0001   0.0001 
1862   0.0001   0.0001 
1863   0.0001   0.0001 
1864   0.0001   0.0001 
1865   0.0001   0.0001 
1866   0.0001   0.0001 
1867   0.0001   0.0001 
1868   0.0001   0.0001 
1869   0.0001   0.0001 
1870   0.0001   0.0001 
1871   0.0001   0.0001 
1872   0.0001   0.0001 
1873   0.0001   0.0001 
1874   0.0001   0.0001 
1875   0.0001   0.0001 
1876   0.0001   0.0001 
1877   0.0001   0.0001 
1878   0.0001   0.0001 
1879   0.0001   0.0001 
1880   0.0001   0.0001 
1881   0.0001   0.0001 
1882   0.0001   0.0001 
1883   0.0001   0.0001 
1884   0.0001   0.0001 
1885   0.0001   0.0001 
1886   0.0001   0.0001 
1887   0.0001   0.0001 
1888   0.0001   0.0001 
1889   0.0001   0.0001 
1890   0.0001   0.0001 
1891   0.0001   0.0001 
1892   0.0001   0.0001 
1893   0.0001   0.0001 
1894   0.0001   0.0001 
1895   0.0001   0.0001 
1896   0.0001   0.0001 
1897   0.0001   0.0001 
1898   0.0001   0.0001 
1899   0.0001   0.0001 
1900   0.0001   0.0001 
1901   0.0001   0.0001 
1902   0.0001   0.0001 
1903   0.0001   0.0001 
1904   0.0001   0.0001 
1905   0.0001   0.0001 
1906   0.0001   0.0001 
1907   0.0001   0.0001 
1908   0.0001   0.0001 
1909   0.0001   0.0001 
1910   0.0001   0.0001 
1911   0.0001   0.0001 
1912   0.0001   0.0001 
1913   0.0001   0.0001 
1914   0.0001   0.0001 
1915   0.0001   0.0001 
1916   0.0001   0.0001 
1917   0.0001   0.0001 
1918   0.0001   0.0001 
1919   0.0001   0.0001 
1920   0.0001   0.0001 
1921   0.0001   0.0001 
1922   0.0001   0.0001 
1923   0.0001   0.0001 
1924   0.0001   0.0001 
1925   0.0001   0.0001 
1926   0.0001   0.0001 
1927   0.0001   0.0001 
1928   0.0001   0.0001 
1929   0.0001   0.0001 
1930   0.0001   0.0001 
1931   0.0001   0.0001 
1932   0.0001   0.0001 
1933   0.0001   0.0001 
1934   0.0001   0.0001 
1935   0.0001   0.0001 
1936   0.0001   0.0001 
1937   0.0001   0.0001 
1938   0.0001   0.0001 
1939   0.0001   0.0001 
1940   0.0001   0.0001 
1941   0.0001   0.0001 
1942   0.0001   0.0001 
1943   0.0001   0.0001 
1944   0.0001   0.0001 
1945   0.0001   0.0001 
1946   0.0001   0.0001 
1947   0.0001   0.0001 
1948   0.0001   0.0001 
1949   0.0001   0.0001 
1950   0.0001   0.0001 
1951   0.0001   0.0001 
1952   0.0001   0.0001 
1953   0.0001   0.0001 
1954   0.0001   0.0001 
1955   0.0001   0.0001 
1956   0.0001   0.0001 
1957   0.0001   0.0001 
1958   0.0001   0.0001 
1959   0.0001   0.0001 
1960   0.0001   0.0001 
1961   0.0001   0.0001 
1962   0.0001   0.0001 
1963   0.0001   0.0001 
1964   0.0001   0.0001 
1965   0.0001   0.0001 
1966   0.0001   0.0001 
1967   0.0001   0.0001 
1968   0.0001   0.0001 
1969   0.0001   0.0001 
1970   0.0001   0.0001 
1971   0.0001   0.0001 
1972   0.0001   0.0001 
1973   0.0001   0.0001 
1974   0.0001   0.0001 
1975   0.0001   0.0001 
1976   0.0001   0.0001 
1977   0.0001   0.0001 
1978   0.0001   0.0001 
1979   0.0001   0.0001 
1980   0.0001   0.0001 
1981   0.0001   0.0001 
1982   0.0001   0.0001 
1983   0.0001   0.0001 
1984   0.0001   0.0001 
1985   0.0001   0.0001 
1986   0.0001   0.0001 
1987   0.0001   0.0001 
1988   0.0001   0.0001 
1989   0.0001   0.0001 
1990   0.0001   0.0001 
1991   0.0001   0.0001 
1992   0.0001   0.0001 
1993   0.0001   0.0001 
1994   0.0001   0.0001 
1995   0.0001   0.0001 
1996   0.0001   0.0001 
1997   0.0001   0.0001 
1998   0.0001   0.0001 
1999   0.0001   0.0001 
2000   0.0001   0.0001 
2001   0.0001   0.0001 
2002   0.0001   0.0001 
2003   0.0001   0.0001 
2004   0.0001   0.0001 
2005   0.0001   0.0001 
2006   0.0001   0.0001 
2007   0.0001   0.0001 
2008   0.0001   0.0001 
2009   0.0001   0.0001 
2010   0.0001   0.0001 
2011   0.0001   0.0001 
2012   0.0001   0.0001 
2013   0.0001   0.0001 
2014   0.0001   0.0001 
2015   0.0001   0.0001 
2016   0.0001   0.0001 
2017   0.0001   0.0001 
2018   0.0001   0.0001 
2019   0.0001   0.0001 
2020   0.0001   0.0001 
2021   0.0001   0.0001 
2022   0.0001   0.0001 
2023   0.0001   0.0001 
2024   0.0001   0.0001 
2025   0.0001   0.0001 
2026   0.0001   0.0001 
2027   0.0001   0.0001 
2028   0.0001   0.0001 
2029   0.0001   0.0001 
2030   0.0001   0.0001 
2031   0.0001   0.0001 
2032   0.0001   0.0001 
2033   0.0001   0.0001 
2034   0.0001   0.0001 
2035   0.0001   0.0001 
2036   0.0001   0.0001 
2037   0.0001   0.0001 
2038   0.0001   0.0001 
2039   0.0001   0.0001 
2040   0.0001   0.0001 
2041   0.0001   0.0001 
2042   0.0001   0.0001 
2043   0.0001   0.0001 
2044   0.0001   0.0001 
2045   0.0001   0.0001 
2046   0.0001   0.0001 
2047   0.0001   0.0001 
2048   0.0001   0.0001 
2049   0.0001   0.0001 
2050   0.0001   0.0001 
2051   0.0001   0.0001 
2052   0.0001   0.0001 
2053   0.0001   0.0001 
2054   0.0001   0.0001 
2055   0.0001   0.0001 
2056   0.0001   0.0001 
2057   0.0001   0.0001 
2058   0.0001   0.0001 
2059   0.0001   0.0001 
2060   0.0001   0.0001 
2061   0.0001   0.0001 
2062   0.0001   0.0001 
2063   0.0001   0.0001 
2064   0.0001   0.0001 
2065   0.0001   0.0001 
2066   0.0001   0.0001 
2067   0.0001   0.0001 
2068   0.0001   0.0001 
2069   0.0001   0.0001 
2070   0.0001   0.0001 
2071   0.0001   0.0001 
2072   0.0001   0.0001 
2073   0.0001   0.0001 
2074   0.0001   0.0001 
2075   0.0001   0.0001 
2076   0.0001   0.0001 
2077   0.0001   0.0001 
2078   0.0001   0.0001 
2079   0.0001   0.0001 
2080   0.0001   0.0001 
2081   0.0001   0.0001 
2082   0.0001   0.0001 
2083   0.0001   0.0001 
2084   0.0001   0.0001 
2085   0.0001   0.0001 
2086   0.0001   0.0001 
2087   0.0001   0.0001 
2088   0.0001   0.0001 
2089   0.0001   0.0001 
2090   0.0001   0.0001 
2091   0.0001   0.0001 
2092   0.0001   0.0001 
2093   0.0001   0.0001 
2094   0.0001   0.0001 
2095   0.0001   0.0001 
2096   0.0001   0.0001 
2097   0.0001   0.0001 
2098   0.0001   0.0001 
2099   0.0001   0.0001 
2100   0.0001   0.0001 
2101   0.0001   0.0001 
2102   0.0001   0.0001 
2103   0.0001   0.0001 
2104   0.0001   0.0001 
2105   0.0001   0.0001 
2106   0.0001   0.0001 
2107   0.0001   0.0001 
2108   0.0001   0.0001 
2109   0.0001   0.0001 
2110   0.0001   0.0001 
2111   0.0001   0.0001 
2112   0.0001   0.0001 
2113   0.0001   0.0001 
2114   0.0001   0.0001 
2115   0.0001   0.0001 
2116   0.0001   0.0001 
2117   0.0001   0.0001 
2118   0.0001   0.0001 
2119   0.0001   0.0001 
2120   0.0001   0.0001 
2121   0.0001   0.0001 
2122   0.0001   0.0001 
2123   0.0001   0.0001 
2124   0.0001   0.0001 
2125   0.0001   0.0001 
2126   0.0001   0.0001 
2127   0.0001   0.0001 
2128   0.0001   0.0001 
2129   0.0001   0.0001 
2130   0.0001   0.0001 
2131   0.0001   0.0001 
2132   0.0001   0.0001 
2133   0.0001   0.0001 
2134   0.0001   0.0001 
2135   0.0001   0.0001 
2136   0.0001   0.0001 
2137   0.0001   0.0001 
2138   0.0001   0.0001 
2139   0.0001   0.0001 
2140   0.0001   0.0001 
2141   0.0001   0.0001 
2142   0.0001   0.0001 
2143   0.0001   0.0001 
2144   0.0001   0.0001 
2145   0.0001   0.0001 
2146   0.0001   0.0001 
2147   0.0001   0.0001 
2148   0.0001   0.0001 
2149   0.0001   0.0001 
2150   0.0001   0.0001 
2151   0.0001   0.0001 
2152   0.0001   0.0001 
2153   0.0001   0.0001 
2154   0.0001   0.0001 
2155   0.0001   0.0001 
2156   0.0001   0.0001 
2157   0.0001   0.0001 
2158   0.0001   0.0001 
2159   0.0001   0.0001 
2160   0.0001   0.0001 
2161   0.0001   0.0001 
2162   0.0001   0.0001 
2163   0.0001   0.0001 
2164   0.0001   0.0001 
2165   0.0001   0.0001 
2166   0.0001   0.0001 
2167   0.0001   0.0001 
2168   0.0001   0.0001 
2169   0.0001   0.0001 
2170   0.0001   0.0001 
2171   0.0001   0.0001 
2172   0.0001   0.0001 
2173   0.0001   0.0001 
2174   0.0001   0.0001 
2175   0.0001   0.0001 
2176   0.0001   0.0001 
2177   0.0001   0.0001 
2178   0.0001   0.0001 
2179   0.0001   0.0001 
2180   0.0001   0.0001 
2181   0.0001   0.0001 
2182   0.0001   0.0001 
2183   0.0001   0.0001 
2184   0.0001   0.0001 
2185   0.0001   0.0001 
2186   0.0001   0.0001 
2187   0.0001   0.0001 
2188   0.0001   0.0001 
2189   0.0001   0.0001 
2190   0.0001   0.0001 
2191   0.0001   0.0001 
2192   0.0001   0.0001 
2193   0.0001   0.0001 
2194   0.0001   0.0001 
2195   0.0001   0.0001 
2196   0.0001   0.0001 
2197   0.0001   0.0001 
2198   0.0001   0.0001 
2199   0.0001   0.0001 
2200   0.0001   0.0001 
2201   0.0001   0.0001 
2202   0.0001   0.0001 
2203   0.0001   0.0001 
2204   0.0001   0.0001 
2205   0.0001   0.0001 
2206   0.0001   0.0001 
2207   0.0001   0.0001 
2208   0.0001   0.0001 
2209   0.0001   0.0001 
2210   0.0001   0.0001 
2211   0.0001   0.0001 
2212   0.0001   0.0001 
2213   0.0001   0.0001 
2214   0.0001   0.0001 
2215   0.0001   0.0001 
2216   0.0001   0.0001 
2217   0.0001   0.0001 
2218   0.0001   0.0001 
2219   0.0001   0.0001 
2220   0.0001   0.0001 
2221   0.0001   0.0001 
2222   0.0001   0.0001 
2223   0.0001   0.0001 
2224   0.0001   0.0001 
2225   0.0001   0.0001 
2226   0.0001   0.0001 
2227   0.0001   0.0001 
2228   0.0001   0.0001 
2229   0.0001   0.0001 
2230   0.0001   0.0001 
2231   0.0001   0.0001 
2232   0.0001   0.0001 
2233   0.0001   0.0001 
2234   0.0001   0.0001 
2235   0.0001   0.0001 
2236   0.0001   0.0001 
2237   0.0001   0.0001 
2238   0.0001   0.0001 
2239   0.0001   0.0001 
2240   0.0001   0.0001 
2241   0.0001   0.0001 
2242   0.0001   0.0001 
2243   0.0001   0.0001 
2244   0.0001   0.0001 
2245   0.0001   0.0001 
2246   0.0001   0.0001 
2247   0.0001   0.0001 
2248   0.0001   0.0001 
2249   0.0001   0.0001 
2250   0.0001   0.0001 
2251   0.0001   0.0001 
2252   0.0001   0.0001 
2253   0.0001   0.0001 
2254   0.0001   0.0001 
2255   0.0001   0.0001 
2256   0.0001   0.0001 
2257   0.0001   0.0001 
2258   0.0001   0.0001 
2259   0.0001   0.0001 
2260   0.0001   0.0001 
2261   0.0001   0.0001 
2262   0.0001   0.0001 
2263   0.0001   0.0001 
2264   0.0001   0.0001 
2265   0.0001   0.0001 
2266   0.0001   0.0001 
2267   0.0001   0.0001 
2268   0.0001   0.0001 
2269   0.0001   0.0001 
2270   0.0001   0.0001 
2271   0.0001   0.0001 
2272   0.0001   0.0001 
2273   0.0001   0.0001 
2274   0.0001   0.0001 
2275   0.0001   0.0001 
2276   0.0001   0.0001 
2277   0.0001   0.0001 
2278   0.0001   0.0001 
2279   0.0001   0.0001 
2280   0.0001   0.0001 
2281   0.0001   0.0001 
2282   0.0001   0.0001 
2283   0.0001   0.0001 
2284   0.0001   0.0001 
2285   0.0001   0.0001 
2286   0.0001   0.0001 
2287   0.0001   0.0001 
2288   0.0001   0.0001 
2289   0.0001   0.0001 
2290   0.0001   0.0001 
2291   0.0001   0.0001 
2292   0.0001   0.0001 
2293   0.0001   0.0001 
2294   0.0001   0.0001 
2295   0.0001   0.0001 
2296   0.0001   0.0001 
2297   0.0001   0.0001 
2298   0.0001   0.0001 
2299   0.0001   0.0001 
2300   0.0001   0.0001 
2301   0.0001   0.0001 
2302   0.0001   0.0001 
2303   0.0001   0.0001 
2304   0.0001   0.0001 
2305   0.0001   0.0001 
2306   0.0001   0.0001 
2307   0.0001   0.0001 
2308   0.0001   0.0001 
2309   0.0001   0.0001 
2310   0.0001   0.0001 
2311   0.0001   0.0001 
2312   0.0001   0.0001 
2313   0.0001   0.0001 
2314   0.0001   0.0001 
2315   0.0001   0.0001 
2316   0.0001   0.0001 
2317   0.0001   0.0001 
2318   0.0001   0.0001 
2319   0.0001   0.0001 
2320   0.0001   0.0001 
2321   0.0001   0.0001 
2322   0.0001   0.0001 
2323   0.0001   0.0001 
2324   0.0001   0.0001 
2325   0.0001   0.0001 
2326   0.0001   0.0001 
2327   0.0001   0.0001 
2328   0.0001   0.0001 
2329   0.0001   0.0001 
2330   0.0001   0.0001 
2331   0.0001   0.0001 
2332   0.0001   0.0001 
2333   0.0001   0.0001 
2334   0.0001   0.0001 
2335   0.0001   0.0001 
2336   0.0001   0.0001 
2337   0.0001   0.0001 
2338   0.0001   0.0001 
2339   0.0001   0.0001 
2340   0.0001   0.0001 
2341   0.0001   0.0001 
2342   0.0001   0.0001 
2343   0.0001   0.0001 
2344   0.0001   0.0001 
2345   0.0001   0.0001 
2346   0.0001   0.0001 
2347   0.0001   0.0001 
2348   0.0001   0.0001 
2349   0.0001   0.0001 
2350   0.0001   0.0001 
2351   0.0001   0.0001 
2352   0.0001   0.0001 
2353   0.0001   0.0001 
2354   0.0001   0.0001 
2355   0.0001   0.0001 
2356   0.0001   0.0001 
2357   0.0001   0.0001 
2358   0.0001   0.0001 
2359   0.0001   0.0001 
2360   0.0001   0.0001 
2361   0.0001   0.0001 
2362   0.0001   0.0001 
2363   0.0001   0.0001 
2364   0.0001   0.0001 
2365   0.0001   0.0001 
2366   0.0001   0.0001 
2367   0.0001   0.0001 
2368   0.0001   0.0001 
2369   0.0001   0.0001 
2370   0.0001   0.0001 
2371   0.0001   0.0001 
2372   0.0001   0.0001 
2373   0.0001   0.0001 
2374   0.0001   0.0001 
2375   0.0001   0.0001 
2376   0.0001   0.0001 
2377   0.0001   0.0001 
2378   0.0001   0.0001 
2379   0.0001   0.0001 
2380   0.0001   0.0001 
2381   0.0001   0.0001 
2382   0.0001   0.0001 
2383   0.0001   0.0001 
2384   0.0001   0.0001 
2385   0.0001   0.0001 
2386   0.0001   0.0001 
2387   0.0001   0.0001 
2388   0.0001   0.0001 
2389   0.0001   0.0001 
2390   0.0001   0.0001 
2391   0.0001   0.0001 
2392   0.0001   0.0001 
2393   0.0001   0.0001 
2394   0.0001   0.0001 
2395   0.0001   0.0001 
2396   0.0001   0.0001 
2397   0.0001   0.0001 
2398   0.0001   0.0001 
2399   0.0001   0.0001 
2400   0.0001   0.0001 
2401   0.0001   0.0001 
2402   0.0001   0.0001 
2403   0.0001   0.0001 
2404   0.0001   0.0001 
2405   0.0001   0.0001 
2406   0.0001   0.0001 
2407   0.0001   0.0001 
2408   0.0001   0.0001 
2409   0.0001   0.0001 
2410   0.0001   0.0001 
2411   0.0001   0.0001 
2412   0.0001   0.0001 
2413   0.0001   0.0001 
2414   0.0001   0.0001 
2415   0.0001   0.0001 
2416   0.0001   0.0001 
2417   0.0001   0.0001 
2418   0.0001   0.0001 
2419   0.0001   0.0001 
2420   0.0001   0.0001 
2421   0.0001   0.0001 
2422   0.0001   0.0001 
2423   0.0001   0.0001 
2424   0.0001   0.0001 
2425   0.0001   0.0001 
2426   0.0001   0.0001 
2427   0.0001   0.0001 
2428   0.0001   0.0001 
2429   0.0001   0.0001 
2430   0.0001   0.0001 
2431   0.0001   0.0001 
2432   0.0001   0.0001 
2433   0.0001   0.0001 
2434   0.0001   0.0001 
2435   0.0001   0.0001 
2436   0.0001   0.0001 
2437   0.0001   0.0001 
2438   0.0001   0.0001 
2439   0.0001   0.0001 
2440   0.0001   0.0001 
2441   0.0001   0.0001 
2442   0.0001   0.0001 
2443   0.0001   0.0001 
2444   0.0001   0.0001 
2445   0.0001   0.0001 
2446   0.0001   0.0001 
2447   0.0001   0.0001 
2448   0.0001   0.0001 
2449   0.0001   0.0001 
2450   0.0001   0.0001 
2451   0.0001   0.0001 
2452   0.0001   0.0001 
2453   0.0001   0.0001 
2454   0.0001   0.0001 
2455   0.0001   0.0001 
2456   0.0001   0.0001 
2457   0.0001   0.0001 
2458   0.0001   0.0001 
2459   0.0001   0.0001 
2460   0.0001   0.0001 
2461   0.0001   0.0001 
2462   0.0001   0.0001 
2463   0.0001   0.0001 
2464   0.0001   0.0001 
2465   0.0001   0.0001 
2466   0.0001   0.0001 
2467   0.0001   0.0001 
2468   0.0001   0.0001 
2469   0.0001   0.0001 
2470   0.0001   0.0001 
2471   0.0001   0.0001 
2472   0.0001   0.0001 
2473   0.0001   0.0001 
2474   0.0001   0.0001 
2475   0.0001   0.0001 
2476   0.0001   0.0001 
2477   0.0001   0.0001 
2478   0.0001   0.0001 
2479   0.0001   0.0001 
2480   0.0001   0.0001 
2481   0.0001   0.0001 
2482   0.0001   0.0001 
2483   0.0001   0.0001 
2484   0.0001   0.0001 
2485   0.0001   0.0001 
2486   0.0001   0.0001 
2487   0.0001   0.0001 
2488   0.0001   0.0001 
2489   0.0001   0.0001 
2490   0.0001   0.0001 
2491   0.0001   0.0001 
2492   0.0001   0.0001 
2493   0.0001   0.0001 
2494   0.0001   0.0001 
2495   0.0001   0.0001 
2496   0.0001   0.0001 
2497   0.0001   0.0001 
2498   0.0001   0.0001 
2499   0.0001   0.0001 
2500   0.0001   0.0001 
2501   0.0001   0.0001 
2502   0.0001   0.0001 
2503   0.0001   0.0001 
2504   0.0001   0.0001 
2505   0.0001   0.0001 
2506   0.0001   0.0001 
2507   0.0001   0.0001 
2508   0.0001   0.0001 
2509   0.0001   0.0001 
2510   0.0001   0.0001 
2511   0.0001   0.0001 
2512   0.0001   0.0001 
2513   0.0001   0.0001 
2514   0.0001   0.0001 
2515   0.0001   0.0001 
2516   0.0001   0.0001 
2517   0.0001   0.0001 
2518   0.0001   0.0001 
2519   0.0001   0.0001 
2520   0.0001   0.0001 
2521   0.0001   0.0001 
2522   0.0001   0.0001 
2523   0.0001   0.0001 
2524   0.0001   0.0001 
2525   0.0001   0.0001 
2526   0.0001   0.0001 
2527   0.0001   0.0001 
2528   0.0001   0.0001 
2529   0.0001   0.0001 
2530   0.0001   0.0001 
2531   0.0001   0.0001 
2532   0.0001   0.0001 
2533   0.0001   0.0001 
2534   0.0001   0.0001 
2535   0.0001   0.0001 
2536   0.0001   0.0001 
2537   0.0001   0.0001 
2538   0.0001   0.0001 
2539   0.0001   0.0001 
2540   0.0001   0.0001 
2541   0.0001   0.0001 
2542   0.0001   0.0001 
2543   0.0001   0.0001 
2544   0.0001   0.0001 
2545   0.0001   0.0001 
2546   0.0001   0.0001 
2547   0.0001   0.0001 
2548   0.0001   0.0001 
2549   0.0001   0.0001 
2550   0.0001   0.0001 
2551   0.0001   0.0001 
2552   0.0001   0.0001 
2553   0.0001   0.0001 
2554   0.0001   0.0001 
2555   0.0001   0.0001 
2556   0.0001   0.0001 
2557   0.0001   0.0001 
2558   0.0001   0.0001 
2559   0.0001   0.0001 
2560   0.0001   0.0001 
2561   0.0001   0.0001 
2562   0.0001   0.0001 
2563   0.0001   0.0001 
2564   0.0001   0.0001 
2565   0.0001   0.0001 
2566   0.0001   0.0001 
2567   0.0001   0.0001 
2568   0.0001   0.0001 
2569   0.0001   0.0001 
2570   0.0001   0.0001 
2571   0.0001   0.0001 
2572   0.0001   0.0001 
2573   0.0001   0.0001 
2574   0.0001   0.0001 
2575   0.0001   0.0001 
2576   0.0001   0.0001 
2577   0.0001   0.0001 
2578   0.0001   0.0001 
2579   0.0001   0.0001 
2580   0.0001   0.0001 
2581   0.0001   0.0001 
2582   0.0001   0.0001 
2583   0.0001   0.0001 
2584   0.0001   0.0001 
2585   0.0001   0.0001 
2586   0.0001   0.0001 
2587   0.0001   0.0001 
2588   0.0001   0.0001 
2589   0.0001   0.0001 
2590   0.0001   0.0001 
2591   0.0001   0.0001 
2592   0.0001   0.0001 
2593   0.0001   0.0001 
2594   0.0001   0.0001 
2595   0.0001   0.0001 
2596   0.0001   0.0001 
2597   0.0001   0.0001 
2598   0.0001   0.0001 
2599   0.0001   0.0001 
2600   0.0001   0.0001 
2601   0.0001   0.0001 
2602   0.0001   0.0001 
2603   0.0001   0.0001 
2604   0.0001   0.0001 
2605   0.0001   0.0001 
2606   0.0001   0.0001 
2607   0.0001   0.0001 
2608   0.0001   0.0001 
2609   0.0001   0.0001 
2610   0.0001   0.0001 
2611   0.0001   0.0001 
2612   0.0001   0.0001 
2613   0.0001   0.0001 
2614   0.0001   0.0001 
2615   0.0001   0.0001 
2616   0.0001   0.0001 
2617   0.0001   0.0001 
2618   0.0001   0.0001 
2619   0.0001   0.0001 
2620   0.0001   0.0001 
2621   0.0001   0.0001 
2622   0.0001   0.0001 
2623   0.0001   0.0001 
2624   0.0001   0.0001 
2625   0.0001   0.0001 
2626   0.0001   0.0001 
2627   0.0001   0.0001 
2628   0.0001   0.0001 
2629   0.0001   0.0001 
2630   0.0001   0.0001 
2631   0.0001   0.0001 
2632   0.0001   0.0001 
2633   0.0001   0.0001 
2634   0.0001   0.0001 
2635   0.0001   0.0001 
2636   0.0001   0.0001 
2637   0.0001   0.0001 
2638   0.0001   0.0001 
2639   0.0001   0.0001 
2640   0.0001   0.0001 
2641   0.0001   0.0001 
2642   0.0001   0.0001 
2643   0.0001   0.0001 
2644   0.0001   0.0001 
2645   0.0001   0.0001 
2646   0.0001   0.0001 
2647   0.0001   0.0001 
2648   0.0001   0.0001 
2649   0.0001   0.0001 
2650   0.0001   0.0001 
2651   0.0001   0.0001 
2652   0.0001   0.0001 
2653   0.0001   0.0001 
2654   0.0001   0.0001 
2655   0.0001   0.0001 
2656   0.0001   0.0001 
2657   0.0001   0.0001 
2658   0.0001   0.0001 
2659   0.0001   0.0001 
2660   0.0001   0.0001 
2661   0.0001   0.0001 
2662   0.0001   0.0001 
2663   0.0001   0.0001 
2664   0.0001   0.0001 
2665   0.0001   0.0001 
2666   0.0001   0.0001 
2667   0.0001   0.0001 
2668   0.0001   0.0001 
2669   0.0001   0.0001 
2670   0.0001   0.0001 
2671   0.0001   0.0001 
2672   0.0001   0.0001 
2673   0.0001   0.0001 
2674   0.0001   0.0001 
2675   0.0001   0.0001 
2676   0.0001   0.0001 
2677   0.0001   0.0001 
2678   0.0001   0.0001 
2679   0.0001   0.0001 
2680   0.0001   0.0001 
2681   0.0001   0.0001 
2682   0.0001   0.0001 
2683   0.0001   0.0001 
2684   0.0001   0.0001 
2685   0.0001   0.0001 
2686   0.0001   0.0001 
2687   0.0001   0.0001 
2688   0.0001   0.0001 
2689   0.0001   0.0001 
2690   0.0001   0.0001 
2691   0.0001   0.0001 
2692   0.0001   0.0001 
2693   0.0001   0.0001 
2694   0.0001   0.0001 
2695   0.0001   0.0001 
2696   0.0001   0.0001 
2697   0.0001   0.0001 
2698   0.0001   0.0001 
2699   0.0001   0.0001 
2700   0.0001   0.0001 
2701   0.0001   0.0001 
2702   0.0001   0.0001 
2703   0.0001   0.0001 
2704   0.0001   0.0001 
2705   0.0001   0.0001 
2706   0.0001   0.0001 
2707   0.0001   0.0001 
2708   0.0001   0.0001 
2709   0.0001   0.0001 
2710   0.0001   0.0001 
2711   0.0001   0.0001 
2712   0.0001   0.0001 
2713   0.0001   0.0001 
2714   0.0001   0.0001 
2715   0.0001   0.0001 
2716   0.0001   0.0001 
2717   0.0001   0.0001 
2718   0.0001   0.0001 
2719   0.0001   0.0001 
2720   0.0001   0.0001 
2721   0.0001   0.0001 
2722   0.0001   0.0001 
2723   0.0001   0.0001 
2724   0.0001   0.0001 
2725   0.0001   0.0001 
2726   0.0001   0.0001 
2727   0.0001   0.0001 
2728   0.0001   0.0001 
2729   0.0001   0.0001 
2730   0.0001   0.0001 
2731   0.0001   0.0001 
2732   0.0001   0.0001 
2733   0.0001   0.0001 
2734   0.0001   0.0001 
2735   0.0001   0.0001 
2736   0.0001   0.0001 
2737   0.0001   0.0001 
2738   0.0001   0.0001 
2739   0.0001   0.0001 
2740   0.0001   0.0001 
2741   0.0001   0.0001 
2742   0.0001   0.0001 
2743   0.0001   0.0001 
2744   0.0001   0.0001 
2745   0.0001   0.0001 
2746   0.0001   0.0001 
2747   0.0001   0.0001 
2748   0.0001   0.0001 
2749   0.0001   0.0001 
2750   0.0001   0.0001 
2751   0.0001   0.0001 
2752   0.0001   0.0001 
2753   0.0001   0.0001 
2754   0.0001   0.0001 
2755   0.0001   0.0001 
2756   0.0001   0.0001 
2757   0.0001   0.0001 
2758   0.0001   0.0001 
2759   0.0001   0.0001 
2760   0.0001   0.0001 
2761   0.0001   0.0001 
2762   0.0001   0.0001 
2763   0.0001   0.0001 
2764   0.0001   0.0001 
2765   0.0001   0.0001 
2766   0.0001   0.0001 
2767   0.0001   0.0001 
2768   0.0001   0.0001 
2769   0.0001   0.0001 
2770   0.0001   0.0001 
2771   0.0001   0.0001 
2772   0.0001   0.0001 
2773   0.0001   0.0001 
2774   0.0001   0.0001 
2775   0.0001   0.0001 
2776   0.0001   0.0001 
2777   0.0001   0.0001 
2778   0.0001   0.0001 
2779   0.0001   0.0001 
2780   0.0001   0.0001 
2781   0.0001   0.0001 
2782   0.0001   0.0001 
2783   0.0001   0.0001 
2784   0.0001   0.0001 
2785   0.0001   0.0001 
2786   0.0001   0.0001 
2787   0.0001   0.0001 
2788   0.0001   0.0001 
2789   0.0001   0.0001 
2790   0.0001   0.0001 
2791   0.0001   0.0001 
2792   0.0001   0.0001 
2793   0.0001   0.0001 
2794   0.0001   0.0001 
2795   0.0001   0.0001 
2796   0.0001   0.0001 
2797   0.0001   0.0001 
2798   0.0001   0.0001 
2799   0.0001   0.0001 
2800   0.0001   0.0001 
2801   0.0001   0.0001 
2802   0.0001   0.0001 
2803   0.0001   0.0001 
2804   0.0001   0.0001 
2805   0.0001   0.0001 
2806   0.0001   0.0001 
2807   0.0001   0.0001 
2808   0.0001   0.0001 
2809   0.0001   0.0001 
2810   0.0001   0.0001 
2811   0.0001   0.0001 
2812   0.0001   0.0001 
2813   0.0001   0.0001 
2814   0.0001   0.0001 
2815   0.0001   0.0001 
2816   0.0001   0.0001 
2817   0.0001   0.0001 
2818   0.0001   0.0001 
2819   0.0001   0.0001 
2820   0.0001   0.0001 
2821   0.0001   0.0001 
2822   0.0001   0.0001 
2823   0.0001   0.0001 
2824   0.0001   0.0001 
2825   0.0001   0.0001 
2826   0.0001   0.0001 
2827   0.0001   0.0001 
2828   0.0001   0.0001 
2829   0.0001   0.0001 
2830   0.0001   0.0001 
2831   0.0001   0.0001 
2832   0.0001   0.0001 
2833   0.0001   0.0001 
2834   0.0001   0.0001 
2835   0.0001   0.0001 
2836   0.0001   0.0001 
2837   0.0001   0.0001 
2838   0.0001   0.0001 
2839   0.0001   0.0001 
2840   0.0001   0.0001 
2841   0.0001   0.0001 
2842   0.0001   0.0001 
2843   0.0001   0.0001 
2844   0.0001   0.0001 
2845   0.0001   0.0001 
2846   0.0001   0.0001 
2847   0.0001   0.0001 
2848   0.0001   0.0001 
2849   0.0001   0.0001 
2850   0.0001   0.0001 
2851   0.0001   0.0001 
2852   0.0001   0.0001 
2853   0.0001   0.0001 
2854   0.0001   0.0001 
2855   0.0001   0.0001 
2856   0.0001   0.0001 
2857   0.0001   0.0001 
2858   0.0001   0.0001 
2859   0.0001   0.0001 
2860   0.0001   0.0001 
2861   0.0001   0.0001 
2862   0.0001   0.0001 
2863   0.0001   0.0001 
2864   0.0001   0.0001 
2865   0.0001   0.0001 
2866   0.0001   0.0001 
2867   0.0001   0.0001 
2868   0.0001   0.0001 
2869   0.0001   0.0001 
2870   0.0001   0.0001 
2871   0.0001   0.0001 
2872   0.0001   0.0001 
2873   0.0001   0.0001 
2874   0.0001   0.0001 
2875   0.0001   0.0001 
2876   0.0001   0.0001 
2877   0.0001   0.0001 
2878   0.0001   0.0001 
2879   0.0001   0.0001 
2880   0.0001   0.0001 
2881   0.0001   0.0001 
2882   0.0001   0.0001 
2883   0.0001   0.0001 
2884   0.0001   0.0001 
2885   0.0001   0.0001 
2886   0.0001   0.0001 
2887   0.0001   0.0001 
2888   0.0001   0.0001 
2889   0.0001   0.0001 
2890   0.0001   0.0001 
2891   0.0001   0.0001 
2892   0.0001   0.0001 
2893   0.0001   0.0001 
2894   0.0001   0.0001 
2895   0.0001   0.0001 
2896   0.0001   0.0001 
2897   0.0001   0.0001 
2898   0.0001   0.0001 
2899   0.0001   0.0001 
2900   0.0001   0.0001 
2901   0.0001   0.0001 
2902   0.0001   0.0001 
2903   0.0001   0.0001 
2904   0.0001   0.0001 
2905   0.0001   0.0001 
2906   0.0001   0.0001 
2907   0.0001   0.0001 
2908   0.0001   0.0001 
2909   0.0001   0.0001 
2910   0.0001   0.0001 
2911   0.0001   0.0001 
2912   0.0001   0.0001 
2913   0.0001   0.0001 
2914   0.0001   0.0001 
2915   0.0001   0.0001 
2916   0.0001   0.0001 
2917   0.0001   0.0001 
2918   0.0001   0.0001 
2919   0.0001   0.0001 
2920   0.0001   0.0001 
2921   0.0001   0.0001 
2922   0.0001   0.0001 
2923   0.0001   0.0001 
2924   0.0001   0.0001 
2925   0.0001   0.0001 
2926   0.0001   0.0001 
2927   0.0001   0.0001 
2928   0.0001   0.0001 
2929   0.0001   0.0001 
2930   0.0001   0.0001 
2931   0.0001   0.0001 
2932   0.0001   0.0001 
2933   0.0001   0.0001 
2934   0.0001   0.0001 
2935   0.0001   0.0001 
2936   0.0001   0.0001 
2937   0.0001   0.0001 
2938   0.0001   0.0001 
2939   0.0001   0.0001 
2940   0.0001   0.0001 
2941   0.0001   0.0001 
2942   0.0001   0.0001 
2943   0.0001   0.0001 
2944   0.0001   0.0001 
2945   0.0001   0.0001 
2946   0.0001   0.0001 
2947   0.0001   0.0001 
2948   0.0001   0.0001 
2949   0.0001   0.0001 
2950   0.0001   0.0001 
2951   0.0001   0.0001 
2952   0.0001   0.0001 
2953   0.0001   0.0001 
2954   0.0001   0.0001 
2955   0.0001   0.0001 
2956   0.0001   0.0001 
2957   0.0001   0.0001 
2958   0.0001   0.0001 
2959   0.0001   0.0001 
2960   0.0001   0.0001 
2961   0.0001   0.0001 
2962   0.0001   0.0001 
2963   0.0001   0.0001 
2964   0.0001   0.0001 
2965   0.0001   0.0001 
2966   0.0001   0.0001 
2967   0.0001   0.0001 
2968   0.0001   0.0001 
2969   0.0001   0.0001 
2970   0.0001   0.0001 
2971   0.0001   0.0001 
2972   0.0001   0.0001 
2973   0.0001   0.0001 
2974   0.0001   0.0001 
2975   0.0001   0.0001 
2976   0.0001   0.0001 
2977   0.0001   0.0001 
2978   0.0001   0.0001 
2979   0.0001   0.0001 
2980   0.0001   0.0001 
2981   0.0001   0.0001 
2982   0.0001   0.0001 
2983   0.0001   0.0001 
2984   0.0001   0.0001 
2985   0.0001   0.0001 
2986   0.0001   0.0001 
2987   0.0001   0.0001 
2988   0.0001   0.0001 
2989   0.0001   0.0001 
2990   0.0001   0.0001 
2991   0.0001   0.0001 
2992   0.0001   0.0001 
2993   0.0001   0.0001 
2994   0.0001   0.0001 
2995   0.0001   0.0001 
2996   0.0001   0.0001 
2997   0.0001   0.0001 
2998   0.0001   0.0001 
2999   0.0001   0.0001 
3000   0.0001   0.0001 
sin x sin   ./ ./     (0.01.*x+-3.9457) (0.01.*x+-3.1612) (0.01.*x+9.5835) (0.01.*x+7.6551) 