1   1.5748   2.4977   8.8669
2   1.5748   2.1149   8.3797
3   1.3888   1.9529   4.9021
4   1.3462   4.7751   8.8576
5   1.3462   1.9541   8.1351
6   1.2080   1.8921   8.0733
7   1.2080   1.3388   5.9113
8   1.2080   5.0384  20.4399
9   1.2080   1.4867   3.6396
10   1.2080   1.7564   4.8952
11   1.2080   1.3792   7.0765
12   1.2080   1.2080   5.7887
13   1.1758   1.7646   7.8696
14   1.1758   1.3430   6.9705
15   1.1758   1.7604   7.8615
16   1.1758   1.3183   6.6571
17   1.1758   1.5241   3.9640
18   1.1758   2.4152   8.8733
19   1.1758   2.1473   4.3515
20   1.1758   2.2666   8.5496
21   1.1758   1.7599   7.8731
22   1.1758   1.9243   8.8737
23   1.1758   1.9423   8.9065
24   1.1758   1.7582   7.8621
25   1.0494   1.7788   8.0951
26   1.0494   1.7924   8.7344
27   1.0492   1.0633   2.8738
28   1.0492   1.8166   9.3110
29   0.9671   2.1519   8.7517
30   0.9671   2.2133   9.2505
31   0.9671   2.2489   8.0710
32   0.9671   1.4960   7.3121
33   0.9671   1.2478   7.5567
34   0.9671   1.2141   6.2330
35   0.9671   1.7640   7.8894
36   0.9671   1.7376   8.8798
37   0.9671   1.7773   7.8764
