1   1.2429   2.9890 
2   1.2429   2.9890 
3   1.1804   2.9890 
4   1.1804   2.9890 
5   1.1612   3.0647 
6   1.1612   3.0647 
7   1.1612   3.0647 
8   1.1612   3.0647 
9   1.1612   3.0647 
10   1.1612   3.0647 
11   1.1241   3.0647 
12   1.0853   3.0647 
13   1.0853   3.0647 
14   1.0822   3.0647 
15   1.0822   3.0647 
16   1.0822   3.0647 
17   1.0822   3.2902 
18   1.0232   3.2902 
19   1.0232   3.3766 
20   0.9406   3.3766 
21   0.9406   3.3766 
22   0.9406   3.3766 
23   0.9406   3.3766 
24   0.9406   3.3766 
25   0.9406   3.3766 
26   0.9406   3.3766 
27   0.9406   3.3766 
28   0.9406   3.3766 
29   0.9406   3.3766 
30   0.9406   3.3766 
31   0.9406   3.3766 
32   0.9406   3.3766 
33   0.9406   3.3766 
34   0.9406   2.6450 
35   0.9406   2.6450 
36   0.9406   2.6450 
37   0.9406   2.6450 
38   0.9344   2.6280 
39   0.9344   2.6280 
40   0.9344   2.6280 
41   0.9344   2.6280 
42   0.9344   2.6280 
43   0.9344   2.6280 
44   0.9344   2.6280 
45   0.9344   2.6280 
46   0.9344   2.6280 
47   0.9344   2.6280 
48   0.9344   2.6280 
49   0.9344   2.6280 
50   0.9344   2.6280 
51   0.9344   2.6280 
52   0.9344   2.6280 
53   0.9344   2.6280 
54   0.9344   2.6280 
55   0.9344   2.6280 
56   0.9344   2.6280 
57   0.9344   2.6280 
58   0.9344   2.6280 
59   0.9344   2.6280 
60   0.9344   2.6280 
61   0.9344   2.6280 
62   0.9344   2.6280 
63   0.9344   2.6280 
64   0.9344   2.6280 
65   0.9344   2.6280 
66   0.9316   2.6280 
67   0.9316   2.6280 
68   0.9316   2.6280 
69   0.9316   2.6280 
70   0.9175   2.6280 
71   0.9175   2.6280 
72   0.9175   2.6280 
73   0.9175   2.6280 
74   0.9175   2.6280 
75   0.9175   2.6280 
76   0.9175   2.6280 
77   0.9175   2.6280 
78   0.9175   2.6280 
79   0.9175   2.6280 
80   0.9175   2.6280 
81   0.9175   2.6280 
82   0.9175   2.6280 
83   0.9175   2.6280 
84   0.9175   2.6280 
85   0.9175   2.6280 
86   0.9175   2.6280 
87   0.9175   2.6280 
88   0.9175   2.6280 
89   0.9175   2.6280 
90   0.9175   2.6280 
91   0.9175   2.6280 
92   0.9175   2.6280 
93   0.9161   2.6280 
94   0.9161   2.6280 
95   0.9161   2.6280 
96   0.8565   2.6280 
97   0.8565   2.6280 
98   0.8565   2.6280 
99   0.8565   2.6280 
100   0.8565   2.6280 
101   0.8565   2.6280 
102   0.8565   2.6280 
103   0.8565   2.6280 
104   0.8565   2.6280 
105   0.8565   2.6280 
106   0.8565   2.6280 
107   0.8565   2.6280 
108   0.8548   2.6280 
109   0.8368   2.6280 
110   0.8368   2.6280 
111   0.8368   2.6280 
112   0.8368   2.6280 
113   0.8368   2.6280 
114   0.8368   2.6280 
115   0.8368   2.6280 
116   0.8368   2.6280 
117   0.8368   2.6280 
118   0.8261   2.6280 
119   0.8261   2.6280 
120   0.8261   2.6280 
121   0.8261   2.6280 
122   0.8261   2.6280 
123   0.8261   2.6280 
124   0.8261   2.6280 
125   0.8261   2.6280 
126   0.8261   2.6280 
127   0.8261   2.6280 
128   0.8261   2.6280 
129   0.8261   2.6280 
130   0.8261   2.6280 
131   0.8261   2.6280 
132   0.8261   2.6280 
133   0.8261   2.6280 
134   0.8261   2.6280 
135   0.8261   2.6280 
136   0.8261   2.6280 
137   0.8261   2.6280 
138   0.8261   2.6280 
139   0.8261   2.6280 
140   0.8261   2.6280 
141   0.8261   2.6280 
142   0.8261   2.6280 
143   0.8261   2.6280 
144   0.8261   2.6280 
145   0.8261   2.6280 
146   0.8261   2.6280 
147   0.8261   2.6280 
148   0.8261   2.6280 
149   0.8261   2.6280 
150   0.8261   2.6280 
151   0.8261   2.6280 
152   0.8261   2.6280 
153   0.8261   2.6280 
154   0.8261   2.6280 
155   0.8261   2.6280 
156   0.8261   2.6280 
157   0.8261   2.6280 
158   0.8261   2.6280 
159   0.8261   2.6280 
160   0.8261   2.6280 
161   0.8261   2.6280 
162   0.8261   2.6280 
163   0.8261   2.6280 
164   0.8261   2.6280 
165   0.8261   2.6280 
166   0.8261   2.6280 
167   0.8261   2.6280 
168   0.8261   2.6280 
169   0.8261   2.6280 
170   0.8261   2.6280 
171   0.8261   2.6280 
172   0.8261   2.6280 
173   0.8261   2.6280 
174   0.8261   2.6280 
175   0.8261   2.6280 
176   0.8261   2.6280 
177   0.8261   2.6280 
178   0.8261   2.6280 
179   0.8261   2.6280 
180   0.8261   2.6280 
181   0.8261   2.6280 
182   0.8261   2.6280 
183   0.8261   2.6280 
184   0.8261   2.6280 
185   0.8261   2.6280 
186   0.8261   2.6280 
187   0.8261   2.6280 
188   0.7872   2.6280 
189   0.7872   2.6280 
190   0.7872   2.6280 
191   0.7872   2.6280 
192   0.7872   2.6280 
193   0.7872   2.6280 
194   0.7872   2.6280 
195   0.7872   2.6280 
196   0.7872   2.6280 
197   0.7872   2.6280 
198   0.7872   2.6280 
199   0.8264   3.4083 
200   0.7872   2.6280 
201   0.7872   2.6280 
202   0.7872   2.6280 
203   0.7872   2.6280 
204   0.7872   2.6280 
205   0.7872   2.6280 
206   0.7872   2.6280 
207   0.7872   2.6280 
208   0.7872   2.6280 
209   0.7872   2.6280 
210   0.7872   2.6280 
211   0.7872   2.6280 
212   0.7708   2.6280 
213   0.7708   2.6280 
214   0.7708   2.6280 
215   0.7708   2.6280 
216   0.7708   2.6280 
217   0.7708   2.6280 
218   0.7708   2.6280 
219   0.7708   2.6280 
220   0.7708   2.6280 
221   0.7708   2.6280 
222   0.7708   2.6280 
223   0.7708   2.6280 
224   0.7708   2.6280 
225   0.8019   3.3106 
226   0.8019   3.3106 
227   0.7708   2.6280 
228   0.7708   2.6280 
229   0.7708   2.6280 
230   0.7708   2.6280 
231   0.7205   3.4083 
232   0.7205   3.4083 
233   0.7205   3.4083 
234   0.7205   3.4083 
235   0.7168   3.4083 
236   0.7168   3.4083 
237   0.7168   3.4083 
238   0.7168   3.4083 
239   0.7168   3.4083 
240   0.7168   3.4083 
241   0.7708   2.6280 
242   0.7708   2.6280 
243   0.7168   3.4083 
244   0.7708   2.6280 
245   0.7168   3.4083 
246   0.7708   2.6280 
247   0.7708   2.6280 
248   0.7708   2.6280 
249   0.7708   2.6280 
250   0.7168   3.4083 
251   0.7708   2.6280 
252   0.7168   3.4083 
253   0.7168   3.4083 
254   0.7168   3.4083 
255   0.7168   3.4083 
256   0.7168   3.4083 
257   0.7168   3.4083 
258   0.7168   3.4083 
259   0.7168   3.4083 
260   0.7168   3.4083 
261   0.7168   3.4083 
262   0.7168   3.4083 
263   0.7168   3.4083 
264   0.7168   3.4083 
265   0.7168   3.4083 
266   0.7168   3.4083 
267   0.7168   3.4083 
268   0.7168   3.4083 
269   0.7168   3.4083 
270   0.7168   3.4083 
271   0.7168   3.4083 
272   0.7168   3.4083 
273   0.7168   3.4083 
274   0.7168   3.4083 
275   0.7168   3.4083 
276   0.7168   3.4083 
277   0.7168   3.4083 
278   0.7168   3.4083 
279   0.7168   3.4083 
280   0.7168   3.4083 
281   0.7168   3.4083 
282   0.7168   3.4083 
283   0.7168   3.4083 
284   0.7168   3.4083 
285   0.7168   3.4083 
286   0.7168   3.4083 
287   0.7168   3.4083 
288   0.7168   3.4083 
289   0.7168   3.4083 
290   0.7168   3.4083 
291   0.7168   3.4083 
292   0.7168   3.4083 
293   0.7168   3.4083 
294   0.7168   3.4083 
295   0.7168   3.4083 
296   0.7168   3.4083 
297   0.7168   3.4083 
298   0.7168   3.4083 
299   0.7168   3.4083 
300   0.7168   3.4083 
301   0.7168   3.4083 
302   0.7168   3.4083 
303   0.7168   3.4083 
304   0.7168   3.4083 
305   0.7168   3.4083 
306   0.7168   3.4083 
307   0.7168   3.4083 
308   0.7168   3.4083 
309   0.7168   3.4083 
310   0.7168   3.4083 
311   0.7168   3.4083 
312   0.7168   3.4083 
313   0.7168   3.4083 
314   0.7168   3.4083 
315   0.7168   3.4083 
316   0.7168   3.4083 
317   0.7168   3.4083 
318   0.7168   3.4083 
319   0.7168   3.4083 
320   0.7168   3.4083 
321   0.7168   3.4083 
322   0.7168   3.4083 
323   0.7168   3.4083 
324   0.7168   3.4083 
325   0.7168   3.4083 
326   0.7168   3.4083 
327   0.7168   3.4083 
328   0.7168   3.4083 
329   0.7168   3.4083 
330   0.7168   3.4083 
331   0.7168   3.4083 
332   0.7168   3.4083 
333   0.7168   3.4083 
334   0.7168   3.4083 
335   0.7168   3.4083 
336   0.7168   3.4083 
337   0.7168   3.4083 
338   0.7168   3.4083 
339   0.7168   3.4083 
340   0.7168   3.4083 
341   0.7168   3.4083 
342   0.7168   3.4083 
343   0.7168   3.4083 
344   0.7168   3.4083 
345   0.7168   3.4083 
346   0.7168   3.4083 
347   0.7168   3.4083 
348   0.7168   3.4083 
349   0.7168   3.4083 
350   0.7168   3.4083 
351   0.7168   3.4083 
352   0.7168   3.4083 
353   0.7168   3.4083 
354   0.7168   3.4083 
355   0.7168   3.4083 
356   0.7168   3.4083 
357   0.7168   3.4083 
358   0.7168   3.4083 
359   0.7168   3.4083 
360   0.7168   3.4083 
361   0.7168   3.4083 
362   0.7168   3.4083 
363   0.7168   3.4083 
364   0.7168   3.4083 
365   0.7168   3.4083 
366   0.7168   3.4083 
367   0.7168   3.4083 
368   0.7168   3.4083 
369   0.7168   3.4083 
370   0.7168   3.4083 
371   0.7168   3.4083 
372   0.7168   3.4083 
373   0.7168   3.4083 
374   0.7168   3.4083 
375   0.7168   3.4083 
376   0.7168   3.4083 
377   0.7168   3.4083 
378   0.7168   3.4083 
379   0.7168   3.4083 
380   0.7168   3.4083 
381   0.7168   3.4083 
382   0.7168   3.4083 
383   0.7168   3.4083 
384   0.7168   3.4083 
385   0.7168   3.4083 
386   0.7168   3.4083 
387   0.7168   3.4083 
388   0.7168   3.4083 
389   0.7168   3.4083 
390   0.7168   3.4083 
391   0.7168   3.4083 
392   0.7168   3.4083 
393   0.7168   3.4083 
394   0.7168   3.4083 
395   0.7168   3.4083 
396   0.7168   3.4083 
397   0.7168   3.4083 
398   0.7168   3.4083 
399   0.7168   3.4083 
400   0.7168   3.4083 
401   0.7168   3.4083 
402   0.7168   3.4083 
403   0.7168   3.4083 
404   0.7168   3.4083 
405   0.7168   3.4083 
406   0.7168   3.4083 
407   0.7168   3.4083 
408   0.7168   3.4083 
409   0.7168   3.4083 
410   0.7168   3.4083 
411   0.7168   3.4083 
412   0.7168   3.4083 
413   0.7168   3.4083 
414   0.7168   3.4083 
415   0.7168   3.4083 
416   0.7168   3.4083 
417   0.7168   3.4083 
418   0.7168   3.4083 
419   0.7168   3.4083 
420   0.7168   3.4083 
421   0.7168   3.4083 
422   0.7168   3.4083 
423   0.7168   3.4083 
424   0.7168   3.4083 
425   0.7168   3.4083 
426   0.7168   3.4083 
427   0.7168   3.4083 
428   0.7168   3.4083 
429   0.7168   3.4083 
430   0.7168   3.4083 
431   0.7168   3.4083 
432   0.7168   3.4083 
433   0.7168   3.4083 
434   0.7168   3.4083 
435   0.7168   3.4083 
436   0.7168   3.4083 
437   0.7168   3.4083 
438   0.7168   3.4083 
439   0.7168   3.4083 
440   0.7168   3.4083 
441   0.7168   3.4083 
442   0.7168   3.4083 
443   0.7168   3.4083 
444   0.7168   3.4083 
445   0.7168   3.4083 
446   0.7168   3.4083 
447   0.7168   3.4083 
448   0.7168   3.4083 
449   0.7168   3.4083 
450   0.7168   3.4083 
451   0.7168   3.4083 
452   0.7168   3.4083 
453   0.7168   3.4083 
454   0.7168   3.4083 
455   0.7168   3.4083 
456   0.7168   3.4083 
457   0.7168   3.4083 
458   0.7168   3.4083 
459   0.7168   3.4083 
460   0.7168   3.4083 
461   0.7168   3.4083 
462   0.7168   3.4083 
463   0.7168   3.4083 
464   0.7168   3.4083 
465   0.7168   3.4083 
466   0.7168   3.4083 
467   0.7168   3.4083 
468   0.7168   3.4083 
469   0.7168   3.4083 
470   0.7168   3.4083 
471   0.7168   3.4083 
472   0.7168   3.4083 
473   0.7168   3.4083 
474   0.7168   3.4083 
475   0.7168   3.4083 
476   0.7168   3.4083 
477   0.7168   3.4083 
478   0.7168   3.4083 
479   0.7168   3.4083 
480   0.7168   3.4083 
481   0.7168   3.4083 
482   0.7168   3.4083 
483   0.7168   3.4083 
484   0.7168   3.4083 
485   0.7168   3.4083 
486   0.7168   3.4083 
487   0.7168   3.4083 
488   0.7168   3.4083 
489   0.7168   3.4083 
490   0.7168   3.4083 
491   0.7168   3.4083 
492   0.7168   3.4083 
493   0.7168   3.4083 
494   0.7168   3.4083 
495   0.7168   3.4083 
496   0.6825   3.4083 
497   0.6825   3.4083 
498   0.6825   3.4083 
499   0.6825   3.4083 
500   0.6825   3.4083 
501   0.6825   3.4083 
502   0.6825   3.4083 
503   0.6825   3.4083 
504   0.6825   3.4083 
505   0.6825   3.4083 
506   0.6825   3.4083 
507   0.6825   3.4083 
508   0.6825   3.4083 
509   0.6825   3.4083 
510   0.6825   3.4083 
511   0.6825   3.4083 
512   0.6825   3.4083 
513   0.6825   3.4083 
514   0.6825   3.4083 
515   0.6825   3.4083 
516   0.6825   3.4083 
517   0.6825   3.4083 
518   0.6825   3.4083 
519   0.6825   3.4083 
520   0.6825   3.4083 
521   0.6825   3.4083 
522   0.6825   3.4083 
523   0.6825   3.4083 
524   0.6825   3.4083 
525   0.6825   3.4083 
526   0.6825   3.4083 
527   0.6825   3.4083 
528   0.6825   3.4083 
529   0.6825   3.4083 
530   0.6825   3.4083 
531   0.6825   3.4083 
532   0.6825   3.4083 
533   0.6825   3.4083 
534   0.6825   3.4083 
535   0.6825   3.4083 
536   0.6825   3.4083 
537   0.6825   3.4083 
538   0.6825   3.4083 
539   0.6825   3.4083 
540   0.6825   3.4083 
541   0.6825   3.4083 
542   0.6825   3.4083 
543   0.6825   3.4083 
544   0.6825   3.4083 
545   0.6825   3.4083 
546   0.6825   3.4083 
547   0.6825   3.4083 
548   0.6825   3.4083 
549   0.6825   3.4083 
550   0.6825   3.4083 
551   0.6825   3.4083 
552   0.6825   3.4083 
553   0.6825   3.4083 
554   0.6825   3.4083 
555   0.6825   3.4083 
556   0.6825   3.4083 
557   0.6825   3.4083 
558   0.6825   3.4083 
559   0.6825   3.4083 
560   0.6825   3.4083 
561   0.6825   3.4083 
562   0.6825   3.4083 
563   0.6825   3.4083 
564   0.6825   3.4083 
565   0.6533   3.4083 
566   0.6533   3.4083 
567   0.6533   3.4083 
568   0.6533   3.4083 
569   0.6533   3.4083 
570   0.6533   3.4083 
571   0.6516   3.4083 
572   0.6516   3.4083 
573   0.6516   3.4083 
574   0.6516   3.4083 
575   0.6516   3.4083 
576   0.6516   3.4083 
577   0.6516   3.4083 
578   0.6516   3.4083 
579   0.6516   3.4083 
580   0.6516   3.4083 
581   0.6516   3.4083 
582   0.6516   3.4083 
583   0.6516   3.4083 
584   0.6516   3.4083 
585   0.6516   3.4083 
586   0.6516   3.4083 
587   0.6516   3.4083 
588   0.6516   3.4083 
589   0.6516   3.4083 
590   0.6516   3.4083 
591   0.6516   3.4083 
592   0.6516   3.4083 
593   0.6516   3.4083 
594   0.6516   3.4083 
595   0.6516   3.4083 
596   0.6516   3.4083 
597   0.6516   3.4083 
598   0.6516   3.4083 
599   0.6516   3.4083 
600   0.6516   3.4083 
601   0.6516   3.4083 
602   0.6516   3.4083 
603   0.6516   3.4083 
604   0.6516   3.4083 
605   0.6516   3.4083 
606   0.6516   3.4083 
607   0.6516   3.4083 
608   0.6516   3.4083 
609   0.6516   3.4083 
610   0.6516   3.4083 
611   0.6516   3.4083 
612   0.6516   3.4083 
613   0.6516   3.4083 
614   0.6516   3.4083 
615   0.6516   3.4083 
616   0.6516   3.4083 
617   0.6516   3.4083 
618   0.6490   3.4083 
619   0.6490   3.4083 
620   0.6490   3.4083 
621   0.6490   3.4083 
622   0.6490   3.4083 
623   0.6490   3.4083 
624   0.6490   3.4083 
625   0.6490   3.4083 
626   0.6490   3.4083 
627   0.6490   3.4083 
628   0.6490   3.4083 
629   0.6490   3.4083 
630   0.6490   3.4083 
631   0.6490   3.4083 
632   0.6490   3.4083 
633   0.6490   3.4083 
634   0.6490   3.4083 
635   0.6490   3.4083 
636   0.6490   3.4083 
637   0.6490   3.4083 
638   0.6490   3.4083 
639   0.6490   3.4083 
640   0.6490   3.4083 
641   0.6490   3.4083 
642   0.6490   3.4083 
643   0.6490   3.4083 
644   0.6490   3.4083 
645   0.6490   3.4083 
646   0.6490   3.4083 
647   0.6490   3.4083 
648   0.6490   3.4083 
649   0.6490   3.4083 
650   0.6490   3.4083 
651   0.6490   3.4083 
652   0.6490   3.4083 
653   0.6490   3.4083 
654   0.6490   3.4083 
655   0.6490   3.4083 
656   0.6490   3.4083 
657   0.6490   3.4083 
658   0.6490   3.4083 
659   0.6490   3.4083 
660   0.6490   3.4083 
661   0.6490   3.4083 
662   0.6490   3.4083 
663   0.6490   3.4083 
664   0.6490   3.4083 
665   0.6490   3.4083 
666   0.6490   3.4083 
667   0.6490   3.4083 
668   0.6490   3.4083 
669   0.6490   3.4083 
670   0.6490   3.4083 
671   0.6490   3.4083 
672   0.6490   3.4083 
673   0.6490   3.4083 
674   0.6490   3.4083 
675   0.6490   3.4083 
676   0.6490   3.4083 
677   0.6490   3.4083 
678   0.6490   3.4083 
679   0.6490   3.4083 
680   0.6490   3.4083 
681   0.6490   3.4083 
682   0.6490   3.4083 
683   0.6490   3.4083 
684   0.6490   3.4083 
685   0.6490   3.4083 
686   0.6490   3.4083 
687   0.6490   4.1899 
688   0.6490   4.1899 
689   0.6490   4.1899 
690   0.6490   4.1899 
691   0.6490   4.1899 
692   0.6490   4.1899 
693   0.6490   4.1899 
694   0.6490   4.1899 
695   0.6490   4.1899 
696   0.6490   4.1899 
697   0.6490   4.1899 
698   0.6490   4.1899 
699   0.6490   4.1899 
700   0.6490   4.1899 
701   0.6490   4.1899 
702   0.6490   4.7619 
703   0.6490   4.7619 
704   0.6490   4.7619 
705   0.6490   4.7619 
706   0.6490   4.7619 
707   0.6490   4.7619 
708   0.6490   4.7619 
709   0.6490   4.7619 
710   0.6490   4.7619 
711   0.6490   4.7619 
712   0.6490   4.7619 
713   0.6490   4.7619 
714   0.6490   4.7619 
715   0.6490   4.7619 
716   0.6490   4.7619 
717   0.6490   4.7619 
718   0.6490   4.7619 
719   0.6490   4.7619 
720   0.6490   4.7619 
721   0.6490   4.7619 
722   0.6490   4.7619 
723   0.6490   4.7619 
724   0.6490   4.7619 
725   0.6490   4.7619 
726   0.6357   4.7619 
727   0.6357   4.7619 
728   0.6357   4.7619 
729   0.6357   4.7619 
730   0.6357   4.7619 
731   0.6357   4.7619 
732   0.6357   4.7619 
733   0.6357   4.7619 
734   0.6357   4.7619 
735   0.6357   4.7619 
736   0.6357   4.7619 
737   0.6357   4.7619 
738   0.6357   4.7619 
739   0.6357   4.7619 
740   0.6357   4.7619 
741   0.6357   4.7619 
742   0.6357   4.7619 
743   0.6357   4.7619 
744   0.6357   4.7619 
745   0.6357   4.7619 
746   0.6357   4.7619 
747   0.6357   4.7619 
748   0.6357   4.7619 
749   0.6357   4.7619 
750   0.6357   4.7619 
751   0.6357   4.7619 
752   0.6357   4.7619 
753   0.6357   4.7619 
754   0.6357   4.7619 
755   0.6357   4.7619 
756   0.6357   4.7619 
757   0.6357   4.7619 
758   0.6357   4.7619 
759   0.6357   4.7619 
760   0.6357   4.7619 
761   0.6357   4.7619 
762   0.6357   4.7619 
763   0.6357   4.7619 
764   0.6357   4.7619 
765   0.6357   4.7619 
766   0.6357   4.7619 
767   0.6357   4.7619 
768   0.6357   4.7619 
769   0.6357   4.7619 
770   0.6357   4.7619 
771   0.6357   4.7619 
772   0.6357   4.7619 
773   0.6357   4.7619 
774   0.6357   4.7619 
775   0.6357   4.7619 
776   0.6357   4.7619 
777   0.6357   4.7619 
778   0.6357   4.7619 
779   0.6357   4.7619 
780   0.6357   4.7619 
781   0.6357   4.7619 
782   0.6357   4.7619 
783   0.6357   4.7619 
784   0.6357   4.7619 
785   0.6357   4.7619 
786   0.6357   4.7619 
787   0.6357   4.7619 
788   0.6357   4.7619 
789   0.6357   4.7619 
790   0.6357   4.7619 
791   0.6357   4.7619 
792   0.6357   4.7619 
793   0.6357   4.7619 
794   0.6357   4.7619 
795   0.6357   4.7619 
796   0.6357   4.7619 
797   0.6357   4.7619 
798   0.6357   4.7619 
799   0.6357   4.7619 
800   0.6357   4.7619 
801   0.6357   4.7619 
802   0.6357   4.7619 
803   0.6357   4.7619 
804   0.6357   4.7619 
805   0.6357   4.7619 
806   0.6357   4.7619 
807   0.6357   4.7619 
808   0.5301   4.7619 
809   0.5301   4.7619 
810   0.5301   4.7619 
811   0.5126   4.7619 
812   0.5126   4.7619 
813   0.5126   4.7619 
814   0.5126   4.7619 
815   0.5126   4.7619 
816   0.5126   4.7619 
817   0.5126   4.7619 
818   0.5126   4.7619 
819   0.5126   4.7619 
820   0.5126   4.7619 
821   0.5126   4.7619 
822   0.5126   4.7619 
823   0.5126   4.7619 
824   0.5126   4.7619 
825   0.5126   4.7619 
826   0.5126   4.7619 
827   0.5126   4.7619 
828   0.5126   4.7619 
829   0.5126   4.7619 
830   0.5126   4.7619 
831   0.5126   4.7619 
832   0.5126   4.7619 
833   0.5126   4.7619 
834   0.5126   4.7619 
835   0.5126   4.7619 
836   0.5126   4.7619 
837   0.5126   4.7619 
838   0.5126   4.7619 
839   0.5126   4.7619 
840   0.5126   4.7619 
841   0.5126   4.7619 
842   0.5126   4.7619 
843   0.5126   4.7619 
844   0.5126   4.7619 
845   0.5126   4.7619 
846   0.5126   4.7619 
847   0.5126   4.7619 
848   0.5126   4.7619 
849   0.5126   4.7619 
850   0.5126   4.7619 
851   0.5126   4.7619 
852   0.5126   4.7619 
853   0.5126   4.7619 
854   0.5126   4.7619 
855   0.5126   4.7619 
856   0.5126   4.7619 
857   0.5126   4.7619 
858   0.5126   4.7619 
859   0.5126   4.7619 
860   0.5126   4.7619 
861   0.5126   4.7619 
862   0.5126   4.7619 
863   0.5126   4.6691 
864   0.5126   4.6691 
865   0.5126   4.6691 
866   0.5126   4.6691 
867   0.5126   4.6691 
868   0.5126   4.6691 
869   0.5126   4.6691 
870   0.5126   4.6691 
871   0.5126   4.6691 
872   0.5126   4.6691 
873   0.5126   4.6691 
874   0.5126   4.6691 
875   0.5126   4.6691 
876   0.5126   4.6691 
877   0.5126   4.6691 
878   0.5126   4.6691 
879   0.5126   4.6691 
880   0.5126   4.6691 
881   0.5126   4.6691 
882   0.5126   4.6691 
883   0.5126   4.6691 
884   0.5126   4.6691 
885   0.5126   4.6691 
886   0.5126   4.6691 
887   0.5126   4.6691 
888   0.5126   4.6691 
889   0.5126   4.6691 
890   0.5126   4.6691 
891   0.5126   4.6691 
892   0.5126   4.6691 
893   0.5126   4.6691 
894   0.5126   4.6691 
895   0.5126   4.6691 
896   0.5126   4.6691 
897   0.5126   4.6691 
898   0.5126   4.6691 
899   0.5126   4.6691 
900   0.5126   4.6691 
901   0.5126   4.6691 
902   0.5126   4.6691 
903   0.5126   4.6691 
904   0.5126   4.6691 
905   0.5126   4.6691 
906   0.5126   4.6691 
907   0.5126   4.6691 
908   0.5126   4.6691 
909   0.5126   4.6691 
910   0.5126   4.6691 
911   0.5126   4.6691 
912   0.5126   4.6691 
913   0.5126   4.6691 
914   0.5126   4.6691 
915   0.5126   4.6691 
916   0.5126   4.6691 
917   0.5126   4.6691 
918   0.5126   4.6691 
919   0.5126   4.6691 
920   0.5126   4.6691 
921   0.5126   4.6691 
922   0.5126   4.6691 
923   0.5126   4.6691 
924   0.5126   4.6691 
925   0.5126   4.6691 
926   0.5126   4.6691 
927   0.5126   4.6691 
928   0.5126   4.6691 
929   0.5126   4.6691 
930   0.5126   4.6691 
931   0.5126   4.6691 
932   0.5126   4.6691 
933   0.5126   4.6691 
934   0.5126   4.6691 
935   0.5126   4.6691 
936   0.5126   4.6691 
937   0.5126   4.6691 
938   0.5126   4.6691 
939   0.5126   4.6691 
940   0.5126   4.6691 
941   0.5126   4.6691 
942   0.5126   4.6691 
943   0.5126   4.6691 
944   0.5126   4.6691 
945   0.5126   4.6691 
946   0.5126   4.6691 
947   0.5126   4.6691 
948   0.5126   4.6691 
949   0.5126   4.6691 
950   0.5126   4.6691 
951   0.5126   4.6691 
952   0.5126   4.6691 
953   0.5126   4.6691 
954   0.5126   4.6691 
955   0.5126   4.6691 
956   0.5126   4.6691 
957   0.5126   4.6691 
958   0.5126   4.6691 
959   0.5126   4.6691 
960   0.5126   4.6691 
961   0.5126   4.6691 
962   0.5126   4.6691 
963   0.5126   4.6691 
964   0.5126   4.6691 
965   0.5126   4.6691 
966   0.5126   4.6691 
967   0.5126   4.6691 
968   0.5126   4.6691 
969   0.5126   4.6691 
970   0.5126   4.6691 
971   0.5126   4.6691 
972   0.5126   4.6691 
973   0.5126   4.6691 
974   0.5126   4.6691 
975   0.5126   4.6691 
976   0.5126   4.6691 
977   0.5126   4.6691 
978   0.5126   4.6691 
979   0.5126   4.6691 
980   0.5126   4.6691 
981   0.5126   4.6691 
982   0.5126   4.6691 
983   0.5126   4.6691 
984   0.5126   4.6691 
985   0.5126   4.6691 
986   0.5126   4.6691 
987   0.5126   4.6691 
988   0.5126   4.6691 
989   0.5126   4.6691 
990   0.5126   4.6691 
991   0.5126   4.6691 
992   0.5126   4.6691 
993   0.5126   4.6691 
994   0.5126   4.6691 
995   0.5126   4.6691 
996   0.5126   4.6691 
997   0.5126   4.6691 
998   0.5126   4.6691 
999   0.5126   4.6691 
1000   0.5126   4.6691 
1001   0.5126   4.6691 
1002   0.5126   4.6691 
1003   0.5126   4.6691 
1004   0.5126   4.6691 
1005   0.5126   4.6691 
1006   0.5126   4.6691 
1007   0.5126   4.6691 
1008   0.5126   4.6691 
1009   0.5126   4.6691 
1010   0.5126   4.6691 
1011   0.5126   4.6691 
1012   0.5126   4.6691 
1013   0.5126   4.6691 
1014   0.5126   4.6691 
1015   0.5126   4.6691 
1016   0.5126   4.6691 
1017   0.5126   4.6691 
1018   0.5126   4.6691 
1019   0.5126   4.6691 
1020   0.5126   4.6691 
1021   0.5126   4.6691 
1022   0.5126   4.6691 
1023   0.5126   4.6691 
1024   0.5126   4.6691 
1025   0.5126   4.6691 
1026   0.5126   4.6691 
1027   0.5126   4.6691 
1028   0.5126   4.6691 
1029   0.5126   4.6691 
1030   0.5126   4.6691 
1031   0.5126   4.6691 
1032   0.5126   4.6691 
1033   0.5126   4.6691 
1034   0.5126   4.6691 
1035   0.5126   4.6691 
1036   0.5126   4.6691 
1037   0.5126   4.6691 
1038   0.5126   4.6691 
1039   0.5126   4.6691 
1040   0.5126   4.6691 
1041   0.5126   4.6691 
1042   0.5126   4.6691 
1043   0.5126   4.6691 
1044   0.5126   4.6691 
1045   0.5126   4.6691 
1046   0.5126   4.6691 
1047   0.5126   4.6691 
1048   0.5126   4.6691 
1049   0.5126   4.6691 
1050   0.5126   4.6691 
1051   0.5126   4.6691 
1052   0.5126   4.6691 
1053   0.5126   4.6691 
1054   0.5126   4.6691 
1055   0.5126   4.6691 
1056   0.5126   4.6691 
1057   0.5126   4.6691 
1058   0.5126   4.6691 
1059   0.5126   4.6691 
1060   0.5126   4.6691 
1061   0.5126   4.6691 
1062   0.5126   4.6691 
1063   0.5126   4.6691 
1064   0.5126   4.6691 
1065   0.5126   4.6691 
1066   0.5126   4.6691 
1067   0.5126   4.6691 
1068   0.5126   4.6691 
1069   0.5126   4.6691 
1070   0.5126   4.6691 
1071   0.5126   4.6691 
1072   0.5126   4.6691 
1073   0.5126   4.6691 
1074   0.5126   4.6691 
1075   0.5126   4.6691 
1076   0.5126   4.6691 
1077   0.5126   4.6691 
1078   0.5126   4.6691 
1079   0.5126   4.6691 
1080   0.5126   4.6691 
1081   0.5126   4.6691 
1082   0.5126   4.6691 
1083   0.5126   4.6691 
1084   0.5126   4.6691 
1085   0.5126   4.6691 
1086   0.5126   4.6691 
1087   0.5126   4.6691 
1088   0.5126   4.6691 
1089   0.5126   4.6691 
1090   0.5126   4.6691 
1091   0.5126   4.6691 
1092   0.5126   4.6691 
1093   0.5126   4.6691 
1094   0.5126   4.6691 
1095   0.5126   4.6691 
1096   0.5126   4.6691 
1097   0.5126   4.6691 
1098   0.5126   4.6691 
1099   0.5126   4.6691 
1100   0.5126   4.6691 
1101   0.5126   4.6691 
1102   0.5126   4.6691 
1103   0.5126   4.6691 
1104   0.5126   4.6691 
1105   0.5126   4.6691 
1106   0.5126   4.6691 
1107   0.5126   4.6691 
1108   0.5126   4.6691 
1109   0.5126   4.6691 
1110   0.5126   4.6691 
1111   0.5126   4.6691 
1112   0.5126   4.6691 
1113   0.5126   4.6691 
1114   0.5126   4.6691 
1115   0.5126   4.6691 
1116   0.5126   4.6691 
1117   0.5126   4.6691 
1118   0.5126   4.6691 
1119   0.5126   4.6691 
1120   0.5126   4.6691 
1121   0.5126   4.6691 
1122   0.5126   4.6691 
1123   0.5126   4.6691 
1124   0.5126   4.6691 
1125   0.5126   4.6691 
1126   0.5126   4.6691 
1127   0.5126   4.6691 
1128   0.5126   4.6691 
1129   0.5126   4.6691 
1130   0.5126   4.6691 
1131   0.5126   4.6691 
1132   0.5126   4.6691 
1133   0.5126   4.6691 
1134   0.5126   4.6691 
1135   0.5126   4.6691 
1136   0.5126   4.6691 
1137   0.5126   4.6691 
1138   0.5126   4.6691 
1139   0.5126   4.6691 
1140   0.5126   4.6691 
1141   0.5126   4.6691 
1142   0.5126   4.6691 
1143   0.5126   4.6691 
1144   0.5126   4.6691 
1145   0.5126   4.6691 
1146   0.5126   4.6691 
1147   0.5126   4.6691 
1148   0.5126   4.6691 
1149   0.5126   4.6691 
1150   0.5126   4.6691 
1151   0.5126   4.6691 
1152   0.5126   4.6691 
1153   0.5126   4.6691 
1154   0.5126   4.6691 
1155   0.5126   4.6691 
1156   0.5126   4.6691 
1157   0.5126   4.6691 
1158   0.5126   4.6691 
1159   0.5126   4.6691 
1160   0.5126   4.6691 
1161   0.5126   4.6691 
1162   0.5126   4.6691 
1163   0.5126   4.6691 
1164   0.5126   4.6691 
1165   0.5126   4.6691 
1166   0.5126   4.6691 
1167   0.5126   4.6691 
1168   0.5126   4.6691 
1169   0.5126   4.6691 
1170   0.5126   4.6691 
1171   0.5126   4.6691 
1172   0.5126   4.6691 
1173   0.5126   4.6691 
1174   0.5126   4.6691 
1175   0.5126   4.6691 
1176   0.5126   4.6691 
1177   0.5126   4.6691 
1178   0.5126   4.6691 
1179   0.5126   4.6691 
1180   0.5126   4.6691 
1181   0.5126   4.6691 
1182   0.5126   4.6691 
1183   0.5126   4.6691 
1184   0.5126   4.6691 
1185   0.5126   4.6691 
1186   0.5126   4.6691 
1187   0.5126   4.6691 
1188   0.5126   4.6691 
1189   0.5126   4.6691 
1190   0.5126   4.6691 
1191   0.5126   4.6691 
1192   0.5126   4.6691 
1193   0.5126   4.6691 
1194   0.5126   4.6691 
1195   0.5126   4.6691 
1196   0.5126   4.6691 
1197   0.5126   4.6691 
1198   0.5126   4.6691 
1199   0.5126   4.6691 
1200   0.5126   4.6691 
1201   0.5126   4.6691 
1202   0.5126   4.6691 
1203   0.5126   4.6691 
1204   0.5126   4.6691 
1205   0.5126   4.6691 
1206   0.5126   4.6691 
1207   0.5126   4.6691 
1208   0.5126   4.6691 
1209   0.5126   4.6691 
1210   0.5126   4.6691 
1211   0.5126   4.6691 
1212   0.5126   4.6691 
1213   0.5126   4.6691 
1214   0.5126   4.6691 
1215   0.5126   4.6691 
1216   0.5126   4.6691 
1217   0.5126   4.6691 
1218   0.5126   4.6691 
1219   0.5126   4.6691 
1220   0.5126   4.6691 
1221   0.5126   4.6691 
1222   0.5126   4.6691 
1223   0.5126   4.6691 
1224   0.5126   4.6691 
1225   0.5126   4.6691 
1226   0.5126   4.1804 
1227   0.5126   4.1804 
1228   0.5126   4.1804 
1229   0.5126   4.1804 
1230   0.5126   4.1804 
1231   0.5126   4.1804 
1232   0.5126   4.1804 
1233   0.5126   4.1804 
1234   0.5126   4.1804 
1235   0.5126   4.1804 
1236   0.5126   4.1804 
1237   0.5126   4.1804 
1238   0.5126   4.1804 
1239   0.5126   4.1804 
1240   0.5126   4.1804 
1241   0.5126   4.1804 
1242   0.5126   4.1804 
1243   0.5126   4.1804 
1244   0.5126   4.1804 
1245   0.5126   4.1804 
1246   0.5126   4.1804 
1247   0.5126   4.1804 
1248   0.5126   4.1804 
1249   0.5126   4.1804 
1250   0.5126   4.1804 
1251   0.5126   4.1804 
1252   0.5126   4.1804 
1253   0.5126   4.1804 
1254   0.5126   4.1804 
1255   0.5126   4.1804 
1256   0.5126   4.1804 
1257   0.5126   4.1804 
1258   0.5126   4.1804 
1259   0.5126   4.1804 
1260   0.5126   4.1804 
1261   0.5126   4.1804 
1262   0.5126   4.1804 
1263   0.5126   4.1804 
1264   0.5126   4.1804 
1265   0.5126   4.1804 
1266   0.5126   4.1804 
1267   0.5126   4.1804 
1268   0.5126   4.1804 
1269   0.5126   4.1804 
1270   0.5126   4.1804 
1271   0.5126   4.1804 
1272   0.5126   4.1804 
1273   0.5126   4.1804 
1274   0.5126   4.1804 
1275   0.5126   4.1804 
1276   0.5126   4.1804 
1277   0.5126   4.1804 
1278   0.5126   4.1804 
1279   0.5126   4.1804 
1280   0.5126   4.1804 
1281   0.5126   4.1804 
1282   0.5126   4.1804 
1283   0.5126   4.1804 
1284   0.5126   4.1804 
1285   0.5126   4.1804 
1286   0.5126   4.1804 
1287   0.5126   4.1804 
1288   0.5126   4.1804 
1289   0.5126   4.1804 
1290   0.5126   4.1804 
1291   0.5126   4.1804 
1292   0.5126   4.1804 
1293   0.5126   4.1804 
1294   0.5126   4.1804 
1295   0.5126   4.1804 
1296   0.5126   4.1804 
1297   0.5126   4.1804 
1298   0.5126   4.1804 
1299   0.5126   4.1804 
1300   0.5126   4.1804 
1301   0.5126   4.1804 
1302   0.5126   4.1804 
1303   0.5126   4.1804 
1304   0.5126   4.1804 
1305   0.5126   4.1804 
1306   0.5126   4.1804 
1307   0.5126   4.1804 
1308   0.5126   4.1804 
1309   0.5126   4.1804 
1310   0.5126   4.1804 
1311   0.5126   4.1804 
1312   0.5126   4.1804 
1313   0.5126   4.1804 
1314   0.5126   4.1804 
1315   0.5126   4.1804 
1316   0.5126   4.1804 
1317   0.5126   4.1804 
1318   0.5126   4.1804 
1319   0.5126   4.1804 
1320   0.5126   4.1804 
1321   0.5126   4.1804 
1322   0.5126   4.1804 
1323   0.5126   4.1804 
1324   0.5126   4.1804 
1325   0.5126   4.1804 
1326   0.5126   4.1804 
1327   0.5126   4.1804 
1328   0.5126   4.1804 
1329   0.5126   4.1804 
1330   0.5126   4.1804 
1331   0.5126   4.1804 
1332   0.5126   4.1804 
1333   0.5126   4.1804 
1334   0.5126   4.1804 
1335   0.5126   4.1804 
1336   0.5126   4.1804 
1337   0.5126   4.1804 
1338   0.5126   4.1804 
1339   0.5126   4.1804 
1340   0.5126   4.1804 
1341   0.5126   4.1804 
1342   0.5126   4.1804 
1343   0.5126   4.1804 
1344   0.5126   4.1804 
1345   0.5126   4.1804 
1346   0.5126   4.1804 
1347   0.5126   4.1804 
1348   0.5126   4.1804 
1349   0.5126   4.1804 
1350   0.5126   4.1804 
1351   0.5126   4.1804 
1352   0.5126   4.1804 
1353   0.5126   4.1804 
1354   0.5126   4.1804 
1355   0.5126   4.1804 
1356   0.5126   4.1804 
1357   0.5126   4.1804 
1358   0.5126   4.1804 
1359   0.5126   4.1804 
1360   0.5126   4.1804 
1361   0.5126   4.1804 
1362   0.5126   4.1804 
1363   0.5126   4.1804 
1364   0.5126   4.1804 
1365   0.5126   4.1804 
1366   0.5126   4.1804 
1367   0.5126   4.1804 
1368   0.5126   4.1804 
1369   0.5126   4.1804 
1370   0.5126   4.1804 
1371   0.5126   4.1804 
1372   0.5126   4.1804 
1373   0.5126   4.1804 
1374   0.5126   4.1804 
1375   0.5126   4.1804 
1376   0.5126   4.1804 
1377   0.5126   4.1804 
1378   0.5126   4.1804 
1379   0.5126   4.1804 
1380   0.5126   4.1804 
1381   0.5126   4.1804 
1382   0.5126   4.1804 
1383   0.5126   4.1804 
1384   0.5126   4.1804 
1385   0.5126   4.1804 
1386   0.5126   4.1804 
1387   0.5126   4.1804 
1388   0.5126   4.1804 
1389   0.5126   4.1804 
1390   0.5126   4.1804 
1391   0.5126   4.1804 
1392   0.5126   4.1804 
1393   0.5126   4.1804 
1394   0.5126   4.1804 
1395   0.5126   4.1804 
1396   0.5126   4.1804 
1397   0.5126   4.1804 
1398   0.5126   4.1804 
1399   0.5126   4.1804 
1400   0.5126   4.1804 
1401   0.5126   4.1804 
1402   0.5126   4.1804 
1403   0.5126   4.1804 
1404   0.5126   4.1804 
1405   0.5126   4.1804 
1406   0.5126   4.1804 
1407   0.5126   4.1804 
1408   0.5126   4.1804 
1409   0.5126   4.1804 
1410   0.5126   4.1804 
1411   0.5126   4.1804 
1412   0.5126   4.1804 
1413   0.5126   4.1804 
1414   0.5126   4.1804 
1415   0.5126   4.1804 
1416   0.5126   4.1804 
1417   0.5126   4.1804 
1418   0.5126   4.1804 
1419   0.5126   4.1804 
1420   0.5126   4.1804 
1421   0.5126   4.1804 
1422   0.5126   4.1804 
1423   0.5126   4.1804 
1424   0.5126   4.1804 
1425   0.5126   4.1804 
1426   0.5126   4.1804 
1427   0.5126   4.5393 
1428   0.5126   4.5393 
1429   0.5126   4.5393 
1430   0.5126   4.5393 
1431   0.5126   4.5393 
1432   0.5126   4.5393 
1433   0.5126   4.5393 
1434   0.5126   4.5393 
1435   0.5126   4.5393 
1436   0.5126   4.5393 
1437   0.5126   4.5393 
1438   0.5126   4.5393 
1439   0.5126   4.5393 
1440   0.5126   4.5393 
1441   0.5126   4.5393 
1442   0.5126   4.5393 
1443   0.5126   4.5393 
1444   0.5126   4.5393 
1445   0.5126   4.5393 
1446   0.5126   4.5393 
1447   0.5126   4.5393 
1448   0.5126   4.5393 
1449   0.5126   4.5393 
1450   0.5126   4.5393 
1451   0.5126   4.5393 
1452   0.5126   4.5393 
1453   0.5126   4.5393 
1454   0.5126   4.5393 
1455   0.5126   4.5393 
1456   0.5126   4.5393 
1457   0.5126   4.5393 
1458   0.5126   4.5393 
1459   0.5126   4.5393 
1460   0.5126   4.5393 
1461   0.5126   4.5393 
1462   0.5126   4.5393 
1463   0.5126   4.5393 
1464   0.5126   4.5393 
1465   0.5126   4.5393 
1466   0.5126   4.5393 
1467   0.5126   4.5393 
1468   0.5126   4.5393 
1469   0.5126   4.5393 
1470   0.5126   4.5393 
1471   0.5126   4.5393 
1472   0.5126   4.5393 
1473   0.5126   4.5393 
1474   0.5126   4.5393 
1475   0.5126   4.5393 
1476   0.5126   4.5393 
1477   0.5126   4.5393 
1478   0.5126   4.5393 
1479   0.5126   4.5393 
1480   0.5126   4.5393 
1481   0.5126   4.5393 
1482   0.5126   4.5393 
1483   0.5126   4.5393 
1484   0.5126   4.5393 
1485   0.5126   4.5393 
1486   0.5126   4.5393 
1487   0.5126   4.5393 
1488   0.5126   4.5393 
1489   0.5126   4.5393 
1490   0.5126   4.5393 
1491   0.5126   4.5393 
1492   0.5126   4.5393 
1493   0.5126   4.5393 
1494   0.5126   4.5393 
1495   0.5126   4.5393 
1496   0.5126   4.5393 
1497   0.5126   4.5393 
1498   0.5126   4.5393 
1499   0.5126   4.5393 
1500   0.5126   4.5393 
1501   0.5126   4.5393 
1502   0.5126   4.5393 
1503   0.5126   4.5393 
1504   0.5126   4.5393 
1505   0.5126   4.5393 
1506   0.5126   4.5393 
1507   0.5126   4.5393 
1508   0.5126   4.5393 
1509   0.5126   4.5393 
1510   0.5126   4.5393 
1511   0.5126   4.5393 
1512   0.5126   4.5393 
1513   0.5126   4.5393 
1514   0.5126   4.5393 
1515   0.5126   4.5393 
1516   0.5126   4.5393 
1517   0.5126   4.5393 
1518   0.5126   4.5393 
1519   0.5126   4.5393 
1520   0.5126   4.5393 
1521   0.5126   4.5393 
1522   0.5126   4.5393 
1523   0.5126   4.5393 
1524   0.5126   4.5393 
1525   0.5126   4.5393 
1526   0.5126   4.5393 
1527   0.5126   4.5393 
1528   0.5126   4.5393 
1529   0.5126   4.5393 
1530   0.5126   4.5393 
1531   0.5126   4.5393 
1532   0.5126   4.5393 
1533   0.5126   4.5393 
1534   0.5126   4.5393 
1535   0.5126   4.5393 
1536   0.5126   4.5393 
1537   0.5126   4.5393 
1538   0.5126   4.5393 
1539   0.5126   4.5393 
1540   0.5126   4.5393 
1541   0.5126   4.5393 
1542   0.5126   4.5393 
1543   0.5126   4.5393 
1544   0.5126   4.5393 
1545   0.5126   4.5393 
1546   0.5126   4.5393 
1547   0.5126   4.5393 
1548   0.5126   4.5393 
1549   0.5126   4.5393 
1550   0.5126   4.5393 
1551   0.5126   4.5393 
1552   0.5126   4.5393 
1553   0.5126   4.5393 
1554   0.5126   4.5393 
1555   0.5126   4.5393 
1556   0.5126   4.5393 
1557   0.5126   4.5393 
1558   0.5126   4.5393 
1559   0.5126   4.5393 
1560   0.5126   4.5393 
1561   0.5126   4.5393 
1562   0.5126   4.5393 
1563   0.5126   4.5393 
1564   0.5126   4.5393 
1565   0.5126   4.5393 
1566   0.5126   4.5393 
1567   0.5126   4.5393 
1568   0.5126   4.5393 
1569   0.5126   4.5393 
1570   0.5126   4.5393 
1571   0.5126   4.5393 
1572   0.5126   4.5393 
1573   0.5126   4.5393 
1574   0.5126   4.5393 
1575   0.5126   4.5393 
1576   0.5126   4.5393 
1577   0.5126   4.5393 
1578   0.5126   4.5393 
1579   0.5126   4.5393 
1580   0.5126   4.5393 
1581   0.5126   4.5393 
1582   0.5126   4.5393 
1583   0.5126   4.5393 
1584   0.5126   4.5393 
1585   0.5126   4.5393 
1586   0.5126   4.5393 
1587   0.5126   4.5393 
1588   0.5126   4.5393 
1589   0.5126   4.5393 
1590   0.5126   4.5393 
1591   0.5126   4.5393 
1592   0.5126   4.5393 
1593   0.5126   4.5393 
1594   0.5126   4.5393 
1595   0.5126   4.5393 
1596   0.5126   4.5393 
1597   0.5126   4.5393 
1598   0.5126   4.5393 
1599   0.5126   4.5393 
1600   0.5126   4.5393 
1601   0.5126   4.5393 
1602   0.5126   4.5393 
1603   0.5126   4.5393 
1604   0.5126   4.5393 
1605   0.5126   4.5393 
1606   0.5126   4.5393 
1607   0.5126   4.5393 
1608   0.5126   4.5393 
1609   0.5126   4.5393 
1610   0.5126   4.5393 
1611   0.5126   4.5393 
1612   0.5126   4.5393 
1613   0.5126   4.5393 
1614   0.5126   4.5393 
1615   0.5126   4.5393 
1616   0.5126   4.5393 
1617   0.5126   4.5393 
1618   0.5126   4.5393 
1619   0.5126   4.5393 
1620   0.5126   4.5393 
1621   0.5126   4.5393 
1622   0.5126   4.5393 
1623   0.5126   4.5393 
1624   0.5126   4.5393 
1625   0.5126   4.5393 
1626   0.5126   4.5393 
1627   0.5126   4.5393 
1628   0.5126   4.5393 
1629   0.5126   4.5393 
1630   0.5126   4.5393 
1631   0.5126   4.5393 
1632   0.5126   4.5393 
1633   0.5126   4.5393 
1634   0.5126   4.5393 
1635   0.5126   4.5393 
1636   0.5126   4.5393 
1637   0.5126   4.5393 
1638   0.5126   4.5393 
1639   0.5126   4.5393 
1640   0.5126   4.5393 
1641   0.5126   4.5393 
1642   0.5126   4.5393 
1643   0.5126   4.5393 
1644   0.5126   4.5393 
1645   0.5126   4.5393 
1646   0.5126   4.5393 
1647   0.5126   4.5393 
1648   0.5126   4.5393 
1649   0.5126   4.5393 
1650   0.5126   4.5393 
1651   0.5126   4.5393 
1652   0.5126   4.5393 
1653   0.5126   4.5393 
1654   0.5126   4.5393 
1655   0.5126   4.5393 
1656   0.5126   4.5393 
1657   0.5126   4.5393 
1658   0.5126   4.5393 
1659   0.5126   4.5393 
1660   0.5126   4.5393 
1661   0.5126   4.5393 
1662   0.5126   4.5393 
1663   0.5126   4.5393 
1664   0.5126   4.5393 
1665   0.5126   4.5393 
1666   0.5126   4.5393 
1667   0.5126   4.5393 
1668   0.5126   4.5393 
1669   0.5126   4.5393 
1670   0.5126   4.5393 
1671   0.5126   4.5393 
1672   0.5126   4.5393 
1673   0.5126   4.5393 
1674   0.5126   4.5393 
1675   0.5126   4.5393 
1676   0.5126   4.5393 
1677   0.5126   4.5393 
1678   0.5126   4.5393 
1679   0.5126   4.5393 
1680   0.5126   4.5393 
1681   0.5126   4.5393 
1682   0.5126   4.5393 
1683   0.5126   4.5393 
1684   0.5126   4.5393 
1685   0.5126   4.5393 
1686   0.5126   4.5393 
1687   0.5126   4.5393 
1688   0.5126   4.5393 
1689   0.5126   4.5393 
1690   0.5126   4.5393 
1691   0.5126   4.5393 
1692   0.5126   4.5393 
1693   0.5126   4.5393 
1694   0.5126   4.5393 
1695   0.5126   4.5393 
1696   0.5126   4.5393 
1697   0.5126   4.5393 
1698   0.5126   4.5393 
1699   0.5126   4.5393 
1700   0.5126   4.5393 
1701   0.5126   4.5393 
1702   0.5126   4.5393 
1703   0.5126   4.5393 
1704   0.5126   4.5393 
1705   0.5126   4.5393 
1706   0.5126   4.5393 
1707   0.5126   4.5393 
1708   0.5126   4.5393 
1709   0.5126   4.5393 
1710   0.5126   4.5393 
1711   0.5126   4.5393 
1712   0.5126   4.5393 
1713   0.5126   4.5393 
1714   0.5126   4.5393 
1715   0.5126   4.5393 
1716   0.5126   4.5393 
1717   0.5126   4.5393 
1718   0.5126   4.5393 
1719   0.5126   4.5393 
1720   0.5126   4.5393 
1721   0.5126   4.5393 
1722   0.5126   4.5393 
1723   0.5126   4.5393 
1724   0.5126   4.5393 
1725   0.5126   4.5393 
1726   0.5126   4.5393 
1727   0.5126   4.5393 
1728   0.5126   4.5393 
1729   0.5126   4.5393 
1730   0.5126   4.5393 
1731   0.5126   4.5393 
1732   0.5126   4.5393 
1733   0.5126   4.5393 
1734   0.5126   4.5393 
1735   0.5126   4.5393 
1736   0.5126   4.5393 
1737   0.5126   4.5393 
1738   0.5126   4.5393 
1739   0.5126   4.5393 
1740   0.5126   4.5393 
1741   0.5126   4.5393 
1742   0.5126   4.5393 
1743   0.5126   4.5393 
1744   0.5126   4.5393 
1745   0.5126   4.5393 
1746   0.5126   4.5393 
1747   0.5126   4.5393 
1748   0.5126   4.5393 
1749   0.5126   4.5393 
1750   0.5126   4.5393 
1751   0.5126   4.5393 
1752   0.5126   4.5393 
1753   0.5126   4.5393 
1754   0.5126   4.5393 
1755   0.5126   4.5393 
1756   0.5126   4.5393 
1757   0.5126   4.5393 
1758   0.5126   4.5393 
1759   0.5126   4.5393 
1760   0.5126   4.5393 
1761   0.5126   4.5393 
1762   0.5126   4.5393 
1763   0.5126   4.5393 
1764   0.5126   4.5393 
1765   0.5126   4.5393 
1766   0.5126   4.5393 
1767   0.5126   4.5393 
1768   0.5126   4.5393 
1769   0.5126   4.5393 
1770   0.5126   4.5393 
1771   0.5126   4.5393 
1772   0.5126   4.5393 
1773   0.5126   4.5393 
1774   0.5126   4.5393 
1775   0.5126   4.5393 
1776   0.5126   4.5393 
1777   0.5126   4.5393 
1778   0.5126   4.5393 
1779   0.5126   4.5393 
1780   0.5126   4.5393 
1781   0.5126   4.5393 
1782   0.5126   4.5393 
1783   0.5126   4.5393 
1784   0.5126   4.5393 
1785   0.5126   4.5393 
1786   0.5126   4.5393 
1787   0.5126   4.5393 
1788   0.5126   4.5393 
1789   0.5126   4.5393 
1790   0.5126   4.5393 
1791   0.5126   4.5393 
1792   0.5126   4.5393 
1793   0.5126   4.5393 
1794   0.5126   4.5393 
1795   0.5126   4.5393 
1796   0.5126   4.5393 
1797   0.5126   4.5393 
1798   0.5126   4.5393 
1799   0.5126   4.5393 
1800   0.5126   4.5393 
1801   0.5126   4.5393 
1802   0.5126   4.5393 
1803   0.5126   4.5393 
1804   0.5126   4.5393 
1805   0.5126   4.5393 
1806   0.5126   4.5393 
1807   0.5126   4.5393 
1808   0.5126   4.5393 
1809   0.5126   4.5393 
1810   0.5126   4.5393 
1811   0.5126   4.5393 
1812   0.5126   4.5393 
1813   0.5126   4.5393 
1814   0.5126   4.5393 
1815   0.5126   4.5393 
1816   0.5126   4.5393 
1817   0.5126   4.5393 
1818   0.5126   4.5393 
1819   0.5126   4.5393 
1820   0.5126   4.5393 
1821   0.5126   4.5393 
1822   0.5126   4.5393 
1823   0.5126   4.5393 
1824   0.5126   4.5393 
1825   0.5126   4.5393 
1826   0.5126   4.5393 
1827   0.5126   4.5393 
1828   0.5126   4.5393 
1829   0.5126   4.5393 
1830   0.5126   4.5393 
1831   0.5126   4.5393 
1832   0.5126   4.5393 
1833   0.5126   4.5393 
1834   0.5126   4.5393 
1835   0.5126   4.5393 
1836   0.5126   4.5393 
1837   0.5126   4.5393 
1838   0.5126   4.5393 
1839   0.5126   4.5393 
1840   0.5126   4.5393 
1841   0.5126   4.5393 
1842   0.5126   4.5393 
1843   0.5126   4.5393 
1844   0.5126   4.5393 
1845   0.5126   4.5393 
1846   0.5126   4.5393 
1847   0.5126   4.5393 
1848   0.5126   4.5393 
1849   0.5126   4.5393 
1850   0.5126   4.5393 
1851   0.5126   4.5393 
1852   0.5126   4.5393 
1853   0.5126   4.5393 
1854   0.5126   4.5393 
1855   0.5126   4.5393 
1856   0.5126   4.5393 
1857   0.5126   4.5393 
1858   0.5126   4.5393 
1859   0.5126   4.5393 
1860   0.5126   4.5393 
1861   0.5126   4.5393 
1862   0.5126   4.5393 
1863   0.5126   4.5393 
1864   0.5126   4.5393 
1865   0.5126   4.5393 
1866   0.5126   4.5393 
1867   0.5126   4.5393 
1868   0.5126   4.5393 
1869   0.5126   4.5393 
1870   0.5126   4.5393 
1871   0.5126   4.5393 
1872   0.5126   4.5393 
1873   0.5126   4.5393 
1874   0.5126   4.5393 
1875   0.5126   4.5393 
1876   0.5126   4.5393 
1877   0.5126   4.5393 
1878   0.5126   4.5393 
1879   0.5126   4.5393 
1880   0.5126   4.5393 
1881   0.5126   4.5393 
1882   0.5126   4.5393 
1883   0.5126   4.5393 
1884   0.5126   4.5393 
1885   0.5126   4.5393 
1886   0.5126   4.5393 
1887   0.5126   4.5393 
1888   0.5126   4.5393 
1889   0.5126   4.5393 
1890   0.5126   4.5393 
1891   0.5126   4.5393 
1892   0.5126   4.5393 
1893   0.5126   4.5393 
1894   0.5126   4.5393 
1895   0.5126   4.5393 
1896   0.5126   4.5393 
1897   0.5126   4.5393 
1898   0.5126   4.5393 
1899   0.5126   4.5393 
1900   0.5126   4.5393 
1901   0.5126   4.5393 
1902   0.5126   4.5393 
1903   0.5126   4.5393 
1904   0.5126   4.5393 
1905   0.5126   4.5393 
1906   0.5126   4.5393 
1907   0.5126   4.5393 
1908   0.5126   4.5393 
1909   0.5126   4.5393 
1910   0.5126   4.5393 
1911   0.5126   4.5393 
1912   0.5126   4.5393 
1913   0.5126   4.5393 
1914   0.5126   4.5393 
1915   0.5126   4.5393 
1916   0.5126   4.5393 
1917   0.5126   4.5393 
1918   0.5126   4.5393 
1919   0.5126   4.5393 
1920   0.5126   4.5393 
1921   0.5126   4.5393 
1922   0.5126   4.5393 
1923   0.5126   4.5393 
1924   0.5126   4.5393 
1925   0.5126   4.5393 
1926   0.5126   4.5393 
1927   0.5126   4.5393 
1928   0.5126   4.5393 
1929   0.5126   4.5393 
1930   0.5126   4.5393 
1931   0.5126   4.5393 
1932   0.5126   4.5393 
1933   0.5126   4.5393 
1934   0.5126   4.5393 
1935   0.5126   4.5393 
1936   0.5126   4.5393 
1937   0.5126   4.5393 
1938   0.5126   4.5393 
1939   0.5126   4.5393 
1940   0.5126   4.5393 
1941   0.5126   4.5393 
1942   0.5126   4.5393 
1943   0.5126   4.5393 
1944   0.5126   4.5393 
1945   0.5126   4.5393 
1946   0.5126   4.5393 
1947   0.5126   4.5393 
1948   0.5126   4.5393 
1949   0.5126   4.5393 
1950   0.5126   4.5393 
1951   0.5126   4.5393 
1952   0.5126   4.5393 
1953   0.5126   4.5393 
1954   0.5126   4.5393 
1955   0.5126   4.5393 
1956   0.5126   4.5393 
1957   0.5126   4.5393 
1958   0.5126   4.5393 
1959   0.5126   4.5393 
1960   0.5126   4.5393 
1961   0.5126   4.5393 
1962   0.5126   4.5393 
1963   0.5126   4.5393 
1964   0.5126   4.5393 
1965   0.5126   4.5393 
1966   0.5126   4.5393 
1967   0.5126   4.5393 
1968   0.5126   4.5393 
1969   0.5126   4.5393 
1970   0.5126   4.5393 
1971   0.5126   4.5393 
1972   0.5126   4.5393 
1973   0.5126   4.5393 
1974   0.5126   4.5393 
1975   0.5126   4.5393 
1976   0.5126   4.5393 
1977   0.5126   4.5393 
1978   0.5126   4.5393 
1979   0.5126   4.5393 
1980   0.5126   4.5393 
1981   0.5126   4.5393 
1982   0.5126   4.5393 
1983   0.5126   4.5393 
1984   0.5126   4.5393 
1985   0.5126   4.5393 
1986   0.5126   4.5393 
1987   0.5126   4.5393 
1988   0.5126   4.5393 
1989   0.5126   4.5393 
1990   0.5126   4.5393 
1991   0.5126   4.5393 
1992   0.5126   4.5393 
1993   0.5126   4.5393 
1994   0.5126   4.5393 
1995   0.5126   4.5393 
1996   0.5126   4.5393 
1997   0.5126   4.5393 
1998   0.5126   4.5393 
1999   0.5126   4.5393 
2000   0.5126   4.5393 
2001   0.5126   4.5393 
2002   0.5126   4.5393 
2003   0.5126   4.5393 
2004   0.5126   4.5393 
2005   0.5126   4.5393 
2006   0.5126   4.5393 
2007   0.5126   4.5393 
2008   0.5126   4.5393 
2009   0.5126   4.5393 
2010   0.5126   4.5393 
2011   0.5126   4.5393 
2012   0.5126   4.5393 
2013   0.5126   4.5393 
2014   0.5126   4.5393 
2015   0.5126   4.5393 
2016   0.5126   4.5393 
2017   0.5126   4.5393 
2018   0.5126   4.5393 
2019   0.5126   4.5393 
2020   0.5126   4.5393 
2021   0.5126   4.5393 
2022   0.5126   4.5393 
2023   0.5126   4.5393 
2024   0.5126   4.5393 
2025   0.5126   4.5393 
2026   0.5126   4.5393 
2027   0.5126   4.5393 
2028   0.5126   4.5393 
2029   0.5126   4.5393 
2030   0.5126   4.5393 
2031   0.5126   4.5393 
2032   0.5126   4.5393 
2033   0.5126   4.5393 
2034   0.5126   4.5393 
2035   0.5126   4.5393 
2036   0.5126   4.5393 
2037   0.5126   4.5393 
2038   0.5126   4.5393 
2039   0.5126   4.5393 
2040   0.5126   4.5393 
2041   0.5126   4.5393 
2042   0.5126   4.5393 
2043   0.5126   4.5393 
2044   0.5126   4.5393 
2045   0.5126   4.5393 
2046   0.5126   4.5393 
2047   0.5126   4.5393 
2048   0.5126   4.5393 
2049   0.5126   4.5393 
2050   0.5126   4.5393 
2051   0.5126   4.5393 
2052   0.5126   4.5393 
2053   0.5126   4.5393 
2054   0.5126   4.5393 
2055   0.5126   4.5393 
2056   0.5126   4.5393 
2057   0.5126   4.5393 
2058   0.5126   4.5393 
2059   0.5126   4.5393 
2060   0.5126   4.5393 
2061   0.5126   4.5393 
2062   0.5126   4.5393 
2063   0.5126   4.5393 
2064   0.5126   4.5393 
2065   0.5126   4.5393 
2066   0.5126   4.5393 
2067   0.5126   4.5393 
2068   0.5126   4.5393 
2069   0.5126   4.5393 
2070   0.5126   4.5393 
2071   0.5126   4.5393 
2072   0.5126   4.5393 
2073   0.5126   4.5393 
2074   0.5126   4.5393 
2075   0.5126   4.5393 
2076   0.5126   4.5393 
2077   0.5126   4.5393 
2078   0.5126   4.5393 
2079   0.5126   4.5393 
2080   0.5126   4.5393 
2081   0.5126   4.5393 
2082   0.5126   4.5393 
2083   0.5126   4.5393 
2084   0.5126   4.5393 
2085   0.5126   4.5393 
2086   0.5126   4.5393 
2087   0.5126   4.5393 
2088   0.5126   4.5393 
2089   0.5126   4.5393 
2090   0.5126   4.5393 
2091   0.5126   4.5393 
2092   0.5126   4.5393 
2093   0.5126   4.5393 
2094   0.5126   4.5393 
2095   0.5126   4.5393 
2096   0.5126   4.5393 
2097   0.5126   4.5393 
2098   0.5126   4.5393 
2099   0.5126   4.5393 
2100   0.5126   4.5393 
2101   0.5126   4.5393 
2102   0.5126   4.5393 
2103   0.5126   4.5393 
2104   0.5126   4.5393 
2105   0.5126   4.5393 
2106   0.5126   4.5393 
2107   0.5126   4.5393 
2108   0.5126   4.5393 
2109   0.5126   4.5393 
2110   0.5126   4.5393 
2111   0.5126   4.5393 
2112   0.5126   4.5393 
2113   0.5126   4.5393 
2114   0.5126   4.5393 
2115   0.5126   4.5393 
2116   0.5126   4.5393 
2117   0.5126   4.5393 
2118   0.5126   4.5393 
2119   0.5126   4.5393 
2120   0.5126   4.5393 
2121   0.5126   4.5393 
2122   0.5126   4.5393 
2123   0.5126   4.5393 
2124   0.5126   4.5393 
2125   0.5126   4.5393 
2126   0.5126   4.5393 
2127   0.5126   4.5393 
2128   0.5126   4.5393 
2129   0.5126   4.5393 
2130   0.5126   4.5393 
2131   0.5126   4.5393 
2132   0.5126   4.5393 
2133   0.5126   4.5393 
2134   0.5126   4.5393 
2135   0.5126   4.5393 
2136   0.5126   4.5393 
2137   0.5126   4.5393 
2138   0.5126   4.5393 
2139   0.5126   4.5393 
2140   0.5126   4.5393 
2141   0.5126   4.5393 
2142   0.5126   4.5393 
2143   0.5126   4.5393 
2144   0.5126   4.5393 
2145   0.5126   4.5393 
2146   0.5126   4.5393 
2147   0.5126   4.5393 
2148   0.5126   4.5393 
2149   0.5126   4.5393 
2150   0.5126   4.5393 
2151   0.5126   4.5393 
2152   0.5126   4.5393 
2153   0.5126   4.5393 
2154   0.5126   4.5393 
2155   0.5126   4.5393 
2156   0.5126   4.5393 
2157   0.5126   4.5393 
2158   0.5126   4.5393 
2159   0.5126   4.5393 
2160   0.5126   4.5393 
2161   0.5126   4.5393 
2162   0.5126   4.5393 
2163   0.5126   4.5393 
2164   0.5126   4.5393 
2165   0.5126   4.5393 
2166   0.5126   4.5393 
2167   0.5126   4.5393 
2168   0.5126   4.5393 
2169   0.5126   4.5393 
2170   0.5126   4.5393 
2171   0.5126   4.5393 
2172   0.5126   4.5393 
2173   0.5126   4.5393 
2174   0.5126   4.5393 
2175   0.5126   4.5393 
2176   0.5126   4.5393 
2177   0.5126   4.5393 
2178   0.5126   4.5393 
2179   0.5126   4.5393 
2180   0.5126   4.5393 
2181   0.5126   4.5393 
2182   0.5126   4.5393 
2183   0.5126   4.5393 
2184   0.5126   4.5393 
2185   0.5126   4.5393 
2186   0.5126   4.5393 
2187   0.5126   4.5393 
2188   0.5126   4.5393 
2189   0.5126   4.5393 
2190   0.5126   4.5393 
2191   0.5126   4.5393 
2192   0.5126   4.5393 
2193   0.5126   4.5393 
2194   0.5126   4.5393 
2195   0.5126   4.5393 
2196   0.5126   4.5393 
2197   0.5126   4.5393 
2198   0.5126   4.5393 
2199   0.5126   4.5393 
2200   0.5126   4.5393 
2201   0.5126   4.5393 
2202   0.5126   4.5393 
2203   0.5126   4.5393 
2204   0.5126   4.5393 
2205   0.5126   4.5393 
2206   0.5126   4.5393 
2207   0.5126   4.5393 
2208   0.5126   4.5393 
2209   0.5126   4.5393 
2210   0.5126   4.5393 
2211   0.5126   4.5393 
2212   0.5126   4.5393 
2213   0.5126   4.5393 
2214   0.5126   4.5393 
2215   0.5126   4.5393 
2216   0.5126   4.5393 
2217   0.5126   4.5393 
2218   0.5126   4.5393 
2219   0.5126   4.5393 
2220   0.5126   4.5393 
2221   0.5126   4.5393 
2222   0.5126   4.5393 
2223   0.5126   4.5393 
2224   0.5126   4.5393 
2225   0.5126   4.5393 
2226   0.5126   4.5393 
2227   0.5126   4.5393 
2228   0.5126   4.5393 
2229   0.5126   4.5393 
2230   0.5126   4.5393 
2231   0.5126   4.5393 
2232   0.5126   4.5393 
2233   0.5126   4.5393 
2234   0.5126   4.5393 
2235   0.5126   4.5393 
2236   0.5126   4.5393 
2237   0.5126   4.5393 
2238   0.5126   4.5393 
2239   0.5126   4.5393 
2240   0.5126   4.5393 
2241   0.5126   4.5393 
2242   0.5126   4.5393 
2243   0.5126   4.5393 
2244   0.5126   4.5393 
2245   0.5126   4.5393 
2246   0.5126   4.5393 
2247   0.5126   4.5393 
2248   0.5126   4.5393 
2249   0.5126   4.5393 
2250   0.5126   4.5393 
2251   0.5126   4.5393 
2252   0.5126   4.5393 
2253   0.5126   4.5393 
2254   0.5126   4.5393 
2255   0.5126   4.5393 
2256   0.5126   4.5393 
2257   0.5126   4.5393 
2258   0.5126   4.5393 
2259   0.5126   4.5393 
2260   0.5126   4.5393 
2261   0.5126   4.5393 
2262   0.5126   4.5393 
2263   0.5126   4.5393 
2264   0.5126   4.5393 
2265   0.5126   4.5393 
2266   0.5126   4.5393 
2267   0.5126   4.5393 
2268   0.5126   4.5393 
2269   0.5126   4.5393 
2270   0.5126   4.5393 
2271   0.5126   4.5393 
2272   0.5126   4.5393 
2273   0.5126   4.5393 
2274   0.5126   4.5393 
2275   0.5126   4.5393 
2276   0.5126   4.5393 
2277   0.5126   4.5393 
2278   0.5126   4.5393 
2279   0.5126   4.5393 
2280   0.5126   4.5393 
2281   0.5126   4.5393 
2282   0.5126   4.5393 
2283   0.5126   4.5393 
2284   0.5126   4.5393 
2285   0.5126   4.5393 
2286   0.5126   4.5393 
2287   0.5126   4.5393 
2288   0.5126   4.5393 
2289   0.5126   4.5393 
2290   0.5126   4.5393 
2291   0.5126   4.5393 
2292   0.5126   4.5393 
2293   0.5126   4.5393 
2294   0.5126   4.5393 
2295   0.5126   4.5393 
2296   0.5126   4.5393 
2297   0.5126   4.5393 
2298   0.5126   4.5393 
2299   0.5126   4.5393 
2300   0.5126   4.5393 
2301   0.5126   4.5393 
2302   0.5126   4.5393 
2303   0.5126   4.5393 
2304   0.5126   3.1455 
2305   0.5126   3.1455 
2306   0.5126   3.1455 
2307   0.5126   3.1455 
2308   0.5126   3.1455 
2309   0.5126   3.1455 
2310   0.5126   3.1455 
2311   0.5126   3.1455 
2312   0.5126   3.1455 
2313   0.5126   3.1455 
2314   0.5126   3.1455 
2315   0.5126   3.1455 
2316   0.5126   3.1455 
2317   0.5126   3.1455 
2318   0.5126   3.1455 
2319   0.5126   3.1455 
2320   0.5126   3.1455 
2321   0.5126   3.1455 
2322   0.5126   3.1455 
2323   0.5126   3.1455 
2324   0.5126   3.1455 
2325   0.5126   3.1455 
2326   0.5126   3.1455 
2327   0.5126   3.1455 
2328   0.5126   3.1455 
2329   0.5126   3.1455 
2330   0.5126   3.1455 
2331   0.5126   3.1455 
2332   0.5126   3.1455 
2333   0.5126   3.1455 
2334   0.5126   3.1455 
2335   0.5126   3.1455 
2336   0.5126   3.1455 
2337   0.5126   3.1455 
2338   0.5126   3.1455 
2339   0.5126   3.1455 
2340   0.5126   3.1455 
2341   0.5126   3.1455 
2342   0.5126   3.1455 
2343   0.5126   3.1455 
2344   0.5126   3.1455 
2345   0.5126   3.1455 
2346   0.5126   3.1455 
2347   0.5126   3.1455 
2348   0.5126   3.1455 
2349   0.5126   3.1455 
2350   0.5126   3.1455 
2351   0.5126   3.1455 
2352   0.5126   3.1455 
2353   0.5126   3.1455 
2354   0.5126   3.1455 
2355   0.5126   3.1455 
2356   0.5126   3.1455 
2357   0.5126   3.1455 
2358   0.5126   3.1455 
2359   0.5126   3.1455 
2360   0.5126   3.1455 
2361   0.5126   3.1455 
2362   0.5126   3.1455 
2363   0.5126   3.1455 
2364   0.5126   3.1455 
2365   0.5126   3.1455 
2366   0.5126   3.1455 
2367   0.5126   3.1455 
2368   0.5126   3.1455 
2369   0.5126   3.1455 
2370   0.5126   3.1455 
2371   0.5126   3.1455 
2372   0.5126   3.1455 
2373   0.5126   3.1455 
2374   0.5126   3.1455 
2375   0.5126   3.1455 
2376   0.5126   3.1455 
2377   0.5126   3.1455 
2378   0.5126   3.1455 
2379   0.5126   3.1455 
2380   0.5126   3.1455 
2381   0.5126   3.1455 
2382   0.5126   3.1455 
2383   0.5126   3.1455 
2384   0.5126   3.1455 
2385   0.5126   3.1455 
2386   0.5126   3.1455 
2387   0.5126   3.1455 
2388   0.5126   3.1455 
2389   0.5126   3.1455 
2390   0.5126   3.1455 
2391   0.5126   3.1455 
2392   0.5126   3.1455 
2393   0.5126   3.1455 
2394   0.5126   3.1455 
2395   0.5126   3.1455 
2396   0.5126   3.1455 
2397   0.5126   3.1455 
2398   0.5126   3.1455 
2399   0.5126   3.1455 
2400   0.5126   3.1455 
2401   0.5126   3.1455 
2402   0.5126   3.1455 
2403   0.5126   3.1455 
2404   0.5126   3.1455 
2405   0.5126   3.1455 
2406   0.5126   3.1455 
2407   0.5126   3.1455 
2408   0.5126   3.1455 
2409   0.5126   3.1455 
2410   0.5126   3.1455 
2411   0.5126   3.1455 
2412   0.5126   3.1455 
2413   0.5126   3.1455 
2414   0.5126   2.8547 
2415   0.5126   2.8547 
2416   0.5126   2.8547 
2417   0.5126   2.8547 
2418   0.5126   2.8547 
2419   0.5126   2.8547 
2420   0.5126   2.8547 
2421   0.5126   2.8547 
2422   0.5126   2.8547 
2423   0.5126   2.8547 
2424   0.5126   2.8547 
2425   0.5126   2.8547 
2426   0.5126   2.8547 
2427   0.5126   2.8547 
2428   0.5126   2.8547 
2429   0.5126   2.8547 
2430   0.5126   2.8547 
2431   0.5126   2.8547 
2432   0.5126   2.8547 
2433   0.5126   2.8547 
2434   0.5126   2.8547 
2435   0.5126   2.8547 
2436   0.5126   2.8547 
2437   0.5126   2.8547 
2438   0.5126   2.8547 
2439   0.5126   2.8547 
2440   0.5126   2.8547 
2441   0.5126   2.8547 
2442   0.5126   2.8547 
2443   0.5126   2.8547 
2444   0.5126   2.8547 
2445   0.5126   2.8547 
2446   0.5126   2.8547 
2447   0.5126   2.8547 
2448   0.5126   2.8547 
2449   0.5126   2.8547 
2450   0.5126   2.8547 
2451   0.5126   2.8547 
2452   0.5126   2.8547 
2453   0.5126   2.8547 
2454   0.5126   2.8547 
2455   0.5126   2.8547 
2456   0.5126   2.8547 
2457   0.5126   2.8547 
2458   0.5126   2.8547 
2459   0.5126   2.8547 
2460   0.5126   2.8547 
2461   0.5126   2.8547 
2462   0.5126   2.8547 
2463   0.5126   2.8547 
2464   0.5126   2.8547 
2465   0.5126   2.8547 
2466   0.5126   2.8547 
2467   0.5126   2.8547 
2468   0.5126   2.8547 
2469   0.5126   2.8547 
2470   0.5126   2.8547 
2471   0.5126   2.8547 
2472   0.5126   2.8547 
2473   0.5126   2.8547 
2474   0.5126   2.8547 
2475   0.5126   2.8547 
2476   0.5126   2.8547 
2477   0.5126   2.8547 
2478   0.5126   2.8547 
2479   0.5126   2.8547 
2480   0.5126   2.8547 
2481   0.5126   2.8547 
2482   0.5126   2.8547 
2483   0.5126   2.8547 
2484   0.5126   2.8547 
2485   0.5126   2.8547 
2486   0.5126   2.8547 
2487   0.5126   2.8547 
2488   0.5126   2.8547 
2489   0.5126   2.8547 
2490   0.5126   2.8547 
2491   0.5126   2.8547 
2492   0.5126   2.8547 
2493   0.5126   2.8547 
2494   0.5126   2.8547 
2495   0.5126   2.8547 
2496   0.5126   2.8547 
2497   0.5126   2.8547 
2498   0.5126   2.8547 
2499   0.5126   2.8547 
2500   0.5126   2.8547 
2501   0.5126   2.8547 
2502   0.5126   2.8547 
2503   0.5126   2.8547 
2504   0.5126   2.8547 
2505   0.5126   2.8547 
2506   0.5126   2.8547 
2507   0.5126   2.8547 
2508   0.5126   2.8547 
2509   0.5126   2.8547 
2510   0.5126   2.8547 
2511   0.5126   2.8547 
2512   0.5126   2.8547 
2513   0.5126   2.8547 
2514   0.5126   2.8547 
2515   0.5126   2.8547 
2516   0.5126   2.8547 
2517   0.5126   2.8547 
2518   0.5126   2.8547 
2519   0.5126   2.8547 
2520   0.5126   2.8547 
2521   0.5126   2.8547 
2522   0.5126   2.8547 
2523   0.5126   2.8547 
2524   0.5126   2.8547 
2525   0.5126   2.8547 
2526   0.5126   2.8547 
2527   0.5126   2.8547 
2528   0.5126   2.8547 
2529   0.5126   2.8547 
2530   0.5126   2.8547 
2531   0.5126   2.8547 
2532   0.5126   2.8547 
2533   0.5126   2.8547 
2534   0.5126   2.8547 
2535   0.5126   2.8547 
2536   0.5126   2.8547 
2537   0.5126   2.8547 
2538   0.5126   2.8547 
2539   0.5126   2.8547 
2540   0.5126   2.8547 
2541   0.5126   2.8547 
2542   0.5126   2.8547 
2543   0.5126   2.8547 
2544   0.5126   2.8547 
2545   0.5126   2.8547 
2546   0.5126   2.8547 
2547   0.5126   2.8547 
2548   0.5126   2.8547 
2549   0.5126   2.8547 
2550   0.5126   2.9786 
2551   0.5126   2.9786 
2552   0.5126   2.9786 
2553   0.5126   2.9786 
2554   0.5126   2.9786 
2555   0.5126   2.9786 
2556   0.5126   2.9786 
2557   0.5126   2.9786 
2558   0.5126   2.9786 
2559   0.5126   2.9786 
2560   0.5126   2.9786 
2561   0.5126   2.9786 
2562   0.5126   2.9786 
2563   0.5126   2.9786 
2564   0.5126   2.9786 
2565   0.5126   2.9786 
2566   0.5126   2.9786 
2567   0.5126   2.9786 
2568   0.5126   2.9786 
2569   0.5126   2.9786 
2570   0.5126   2.9786 
2571   0.5126   2.9786 
2572   0.5126   2.9786 
2573   0.5126   2.9786 
2574   0.5126   2.9786 
2575   0.5126   2.9786 
2576   0.5126   2.9786 
2577   0.5126   2.9786 
2578   0.5126   2.9786 
2579   0.5126   2.9786 
2580   0.5126   2.9786 
2581   0.5126   2.9786 
2582   0.5126   2.9786 
2583   0.5126   2.9786 
2584   0.5126   2.9786 
2585   0.5126   2.9786 
2586   0.5126   2.9786 
2587   0.5126   2.9786 
2588   0.5126   2.9786 
2589   0.5126   2.9786 
2590   0.5126   2.9786 
2591   0.5126   2.9786 
2592   0.5126   2.9786 
2593   0.5126   2.9786 
2594   0.5126   2.9786 
2595   0.5126   2.9786 
2596   0.5126   2.9786 
2597   0.5126   2.9786 
2598   0.5126   2.9786 
2599   0.5126   2.9786 
2600   0.5126   2.9786 
2601   0.5126   2.9786 
2602   0.5126   2.9786 
2603   0.5126   2.9786 
2604   0.5126   2.9786 
2605   0.5126   2.9786 
2606   0.5126   2.9786 
2607   0.5126   2.9786 
2608   0.5126   2.9786 
2609   0.5126   2.9786 
2610   0.5126   2.9786 
2611   0.5126   2.9786 
2612   0.5126   2.9786 
2613   0.5126   2.9786 
2614   0.5126   2.9786 
2615   0.5126   2.9786 
2616   0.5126   2.9786 
2617   0.5126   2.9786 
2618   0.5126   2.9786 
2619   0.5126   2.9786 
2620   0.5126   2.9786 
2621   0.5126   2.9786 
2622   0.5126   2.9786 
2623   0.5126   2.9786 
2624   0.5126   2.9786 
2625   0.5126   2.9786 
2626   0.5126   2.9786 
2627   0.5126   2.9786 
2628   0.5126   2.9786 
2629   0.5126   2.9786 
2630   0.5126   2.9786 
2631   0.5126   2.9786 
2632   0.5126   2.9786 
2633   0.5126   2.9786 
2634   0.5126   2.9786 
2635   0.5126   2.9786 
2636   0.5126   2.9786 
2637   0.5126   2.9786 
2638   0.5126   2.9786 
2639   0.5126   2.9786 
2640   0.5126   2.9786 
2641   0.5126   2.9786 
2642   0.5126   2.9786 
2643   0.5126   2.9786 
2644   0.5126   2.9786 
2645   0.5126   2.9786 
2646   0.5126   2.9786 
2647   0.5126   2.9786 
2648   0.5126   2.9786 
2649   0.5126   2.9786 
2650   0.5126   2.9786 
2651   0.5126   2.9786 
2652   0.5126   2.9786 
2653   0.5126   2.9786 
2654   0.5126   2.9786 
2655   0.5126   2.9786 
2656   0.5126   2.9786 
2657   0.5126   2.9786 
2658   0.5126   2.9786 
2659   0.5126   2.9786 
2660   0.5126   2.9786 
2661   0.5126   2.9786 
2662   0.5126   2.9786 
2663   0.5126   2.9786 
2664   0.5126   2.9786 
2665   0.5126   2.9786 
2666   0.5126   2.9786 
2667   0.5126   2.9786 
2668   0.5126   2.9786 
2669   0.5126   2.9786 
2670   0.5126   2.9786 
2671   0.5126   2.9786 
2672   0.5126   2.9786 
2673   0.5126   2.9786 
2674   0.5126   2.9786 
2675   0.5126   2.9786 
2676   0.5126   2.9786 
2677   0.5126   2.9786 
2678   0.5126   2.9786 
2679   0.5126   2.9786 
2680   0.5126   2.9786 
2681   0.5126   2.9786 
2682   0.5126   2.9786 
2683   0.5126   2.9786 
2684   0.5126   2.9786 
2685   0.5126   2.9786 
2686   0.5126   2.9786 
2687   0.5126   2.9786 
2688   0.5126   2.9786 
2689   0.5126   2.9786 
2690   0.5126   2.9786 
2691   0.5126   2.9786 
2692   0.5126   2.9786 
2693   0.5126   2.9786 
2694   0.5126   2.9786 
2695   0.5126   2.9786 
2696   0.5126   2.9786 
2697   0.5126   2.9786 
2698   0.5126   2.9786 
2699   0.5126   2.9786 
2700   0.5126   2.9786 
2701   0.5126   2.9786 
2702   0.5126   2.9786 
2703   0.5126   2.9786 
2704   0.5126   2.9786 
2705   0.5126   2.9786 
2706   0.5126   2.9786 
2707   0.5126   2.9786 
2708   0.5126   2.9786 
2709   0.5126   2.9786 
2710   0.5126   2.9786 
2711   0.5126   2.9786 
2712   0.5126   2.9786 
2713   0.5126   2.9786 
2714   0.5126   2.9786 
2715   0.5126   2.9786 
2716   0.5126   2.9786 
2717   0.5126   2.9786 
2718   0.5126   2.9786 
2719   0.5126   2.9786 
2720   0.5126   2.9786 
2721   0.5126   2.9786 
2722   0.5126   2.9786 
2723   0.5126   2.9786 
2724   0.5126   2.9786 
2725   0.5126   2.9786 
2726   0.5126   2.9786 
2727   0.5126   2.9786 
2728   0.5126   2.9786 
2729   0.5126   2.9786 
2730   0.5126   2.9786 
2731   0.5126   2.9786 
2732   0.5126   2.9786 
2733   0.5126   2.9786 
2734   0.5126   2.9786 
2735   0.5126   2.9786 
2736   0.5126   2.9786 
2737   0.5126   2.9786 
2738   0.5126   2.9786 
2739   0.5126   2.9786 
2740   0.5126   2.9786 
2741   0.5126   2.9786 
2742   0.5126   2.9786 
2743   0.5126   2.9786 
2744   0.5126   2.9786 
2745   0.5126   2.9786 
2746   0.5126   2.9786 
2747   0.5126   2.9786 
2748   0.5126   2.9786 
2749   0.5126   2.9786 
2750   0.5126   2.9786 
2751   0.5126   2.9786 
2752   0.5126   2.9786 
2753   0.5126   2.9786 
2754   0.5126   2.9786 
2755   0.5126   2.9786 
2756   0.5126   2.9786 
2757   0.5126   2.9786 
2758   0.5126   2.9786 
2759   0.5126   2.9786 
2760   0.5126   2.9786 
2761   0.5126   2.9786 
2762   0.5126   2.9786 
2763   0.5126   2.9786 
2764   0.5126   2.9786 
2765   0.5126   2.9786 
2766   0.5126   2.9786 
2767   0.5126   2.9786 
2768   0.5126   2.9786 
2769   0.5126   2.9786 
2770   0.5126   2.9786 
2771   0.5126   2.9786 
2772   0.5126   2.9786 
2773   0.5126   2.9786 
2774   0.5126   2.9786 
2775   0.5126   2.9786 
2776   0.5126   2.9786 
2777   0.5126   2.9786 
2778   0.5126   2.9786 
2779   0.5126   2.9786 
2780   0.5126   2.9786 
2781   0.5126   2.9786 
2782   0.5126   2.9786 
2783   0.5126   2.9786 
2784   0.5126   2.9786 
2785   0.5126   2.9786 
2786   0.5126   2.9786 
2787   0.5126   2.9786 
2788   0.5126   2.9786 
2789   0.5126   2.9786 
2790   0.5126   2.9786 
2791   0.5126   2.9786 
2792   0.5126   2.9786 
2793   0.5126   2.9786 
2794   0.5126   2.9786 
2795   0.5126   2.9786 
2796   0.5126   2.9786 
2797   0.5126   2.9786 
2798   0.5126   2.9786 
2799   0.5126   2.9786 
2800   0.5126   2.9786 
2801   0.5126   2.9786 
2802   0.5126   2.9786 
2803   0.5126   2.9786 
2804   0.5126   2.9786 
2805   0.5126   2.9786 
2806   0.5126   2.9786 
2807   0.5126   2.9786 
2808   0.5126   2.9786 
2809   0.5126   2.9786 
2810   0.5126   2.9786 
2811   0.5126   2.9786 
2812   0.5126   2.9786 
2813   0.5126   2.9786 
2814   0.5126   2.9786 
2815   0.5126   2.9786 
2816   0.5126   2.9786 
2817   0.5126   2.9786 
2818   0.5126   2.9786 
2819   0.5126   2.9786 
2820   0.5126   2.9786 
2821   0.5126   2.9786 
2822   0.5126   2.9786 
2823   0.5126   2.9786 
2824   0.5126   2.9786 
2825   0.5126   2.9786 
2826   0.5126   2.9786 
2827   0.5126   2.9786 
2828   0.5126   2.9786 
2829   0.5126   2.9786 
2830   0.5126   2.9786 
2831   0.5126   2.9786 
2832   0.5126   2.9786 
2833   0.5126   2.9786 
2834   0.5126   2.9786 
2835   0.5126   2.9786 
2836   0.5126   2.9786 
2837   0.5126   2.9786 
2838   0.5126   2.9786 
2839   0.5126   2.9786 
2840   0.5126   2.9786 
2841   0.5126   2.9786 
2842   0.5126   2.9786 
2843   0.5126   2.9786 
2844   0.5126   2.9786 
2845   0.5126   2.9786 
2846   0.5126   2.9786 
2847   0.5126   2.9786 
2848   0.5126   2.9786 
2849   0.5126   2.9786 
2850   0.5126   2.9786 
2851   0.5126   2.9786 
2852   0.5126   2.9786 
2853   0.5126   2.9786 
2854   0.5126   2.9786 
2855   0.5126   2.9786 
2856   0.5126   2.9786 
2857   0.5126   2.9786 
2858   0.5126   2.9786 
2859   0.5126   2.9786 
2860   0.5126   2.9786 
2861   0.5126   2.9786 
2862   0.5126   2.9786 
2863   0.5126   2.9786 
2864   0.5126   2.9786 
2865   0.5126   2.9786 
2866   0.5126   2.9786 
2867   0.5126   2.9786 
2868   0.5126   2.9786 
2869   0.5126   2.9786 
2870   0.5126   2.9786 
2871   0.5126   2.9786 
2872   0.5126   2.9786 
2873   0.5126   2.9786 
2874   0.5126   2.9786 
2875   0.5126   2.9786 
2876   0.5126   2.9786 
2877   0.5126   2.9786 
2878   0.5126   2.9786 
2879   0.5126   2.9786 
2880   0.5126   2.9786 
2881   0.5126   2.9786 
2882   0.5126   2.9786 
2883   0.5126   2.9786 
2884   0.5126   2.9786 
2885   0.5126   2.9786 
2886   0.5126   2.9786 
2887   0.5126   2.9786 
2888   0.5126   2.9786 
2889   0.5126   2.9786 
2890   0.5126   2.9786 
2891   0.5126   2.9786 
2892   0.5126   2.9786 
2893   0.5126   2.9786 
2894   0.5126   2.9786 
2895   0.5126   2.9786 
2896   0.5126   2.9786 
2897   0.5126   2.9786 
2898   0.5126   2.9786 
2899   0.5126   2.9786 
2900   0.5126   2.9786 
2901   0.5126   2.9786 
2902   0.5126   2.9786 
2903   0.5126   2.9786 
2904   0.5126   2.9786 
2905   0.5126   2.9786 
2906   0.5126   2.9786 
2907   0.5126   2.9786 
2908   0.5126   2.9786 
2909   0.5126   2.9786 
2910   0.5126   2.9786 
2911   0.5126   2.9786 
2912   0.5126   2.9786 
2913   0.5126   2.9786 
2914   0.5126   2.9786 
2915   0.5126   2.9786 
2916   0.5126   2.9786 
2917   0.5126   2.9786 
2918   0.5126   2.9786 
2919   0.5126   2.9786 
2920   0.5126   2.9786 
2921   0.5126   2.9786 
2922   0.5126   2.9786 
2923   0.5126   2.9786 
2924   0.5126   2.9786 
2925   0.5126   2.9786 
2926   0.5126   2.9786 
2927   0.5126   2.9786 
2928   0.5126   2.9786 
2929   0.5126   2.9786 
2930   0.5126   2.9786 
2931   0.5126   2.9786 
2932   0.5126   2.9786 
2933   0.5126   2.9786 
2934   0.5126   2.9786 
2935   0.5126   2.9786 
2936   0.5126   2.9786 
2937   0.5126   2.9786 
2938   0.5126   2.9786 
2939   0.5126   2.9786 
2940   0.5126   2.9786 
2941   0.5126   2.9786 
2942   0.5126   2.9786 
2943   0.5126   2.9786 
2944   0.5126   2.9786 
2945   0.5126   2.9786 
2946   0.5126   2.9786 
2947   0.5126   2.9786 
2948   0.5126   2.9786 
2949   0.5126   2.9786 
2950   0.5126   2.9786 
2951   0.5126   2.9786 
2952   0.5126   2.9786 
2953   0.5126   2.9786 
2954   0.5126   2.9786 
2955   0.5126   2.9786 
2956   0.5126   2.9786 
2957   0.5126   2.9786 
2958   0.5126   2.9786 
2959   0.5126   2.9786 
2960   0.5126   2.9786 
2961   0.5126   2.9786 
2962   0.5126   2.9786 
2963   0.5126   2.9786 
2964   0.5126   2.9786 
2965   0.5126   2.9786 
2966   0.5126   2.9786 
2967   0.5126   2.9786 
2968   0.5126   2.9786 
2969   0.5126   2.9786 
2970   0.5126   2.9786 
2971   0.5126   2.9786 
2972   0.5126   2.9786 
2973   0.5126   2.9786 
2974   0.5126   2.9786 
2975   0.5126   2.9786 
2976   0.5126   2.9786 
2977   0.5126   2.9786 
2978   0.5126   2.9786 
2979   0.5126   2.9786 
2980   0.5126   2.9786 
2981   0.5126   2.9786 
2982   0.5126   2.9786 
2983   0.5126   2.9786 
2984   0.5126   2.9786 
2985   0.5126   2.9786 
2986   0.5126   2.9786 
2987   0.5126   2.9786 
2988   0.5126   2.9786 
2989   0.5126   2.9786 
2990   0.5126   2.9786 
2991   0.5126   2.9786 
2992   0.5126   2.9786 
2993   0.5126   2.9786 
2994   0.5126   2.9786 
2995   0.5126   2.9786 
2996   0.5126   2.9786 
2997   0.5126   2.9786 
2998   0.5126   2.9786 
2999   0.5126   2.9786 
3000   0.5126   2.9786 
- cos .* cos - sin (0.01.*x+-3.8933) (0.01.*x+-7.4524) (0.01.*x+6.6742) x (0.01.*x+-2.008) (0.01.*x+-0.95607) (0.01.*x+12.8321)   (0.01.*x+-0.49133) 1.*x+0.27672) 