1   1.2816
2   1.2475
3   1.2475
4   1.1425
5   1.1425
6   0.8483
7   0.8483
8   0.8483
9   0.8483
10   0.8471
11   0.8471
12   0.8471
13   0.8471
14   0.8471
15   0.8471
16   0.8471
17   0.8471
18   0.8471
19   0.8471
20   0.8471
21   0.8471
22   0.8471
23   0.8008
24   0.8008
25   0.8008
26   0.8008
27   0.8008
28   0.8008
29   0.8008
30   0.8008
31   0.8008
32   0.8008
33   0.8008
34   0.8008
35   0.8008
36   0.8008
37   0.7824
38   0.7824
39   0.7824
40   0.7721
41   0.7721
42   0.7721
43   0.7721
44   0.7721
45   0.7721
46   0.7370
47   0.7370
48   0.7370
49   0.7370
50   0.7336
51   0.7336
52   0.7336
53   0.7336
54   0.7336
55   0.7336
56   0.7336
57   0.7336
58   0.7336
59   0.7336
60   0.7336
61   0.7336
62   0.7336
63   0.7336
64   0.7336
65   0.7336
66   0.7336
67   0.7336
68   0.7336
69   0.7336
70   0.7150
71   0.7150
72   0.7150
73   0.7150
74   0.7150
75   0.7150
76   0.7079
77   0.7079
78   0.7079
79   0.7079
80   0.7079
81   0.7079
82   0.7079
83   0.7079
84   0.7055
85   0.7055
86   0.6831
87   0.6831
88   0.6831
89   0.6831
90   0.6831
91   0.6831
92   0.6831
93   0.6831
94   0.6831
95   0.6831
96   0.6831
97   0.6831
98   0.6831
99   0.6831
100   0.6831
101   0.6831
102   0.6831
103   0.6831
104   0.6831
105   0.6831
106   0.6831
107   0.6831
108   0.6831
109   0.6831
110   0.6831
111   0.6831
112   0.6831
113   0.6831
114   0.6725
115   0.6725
116   0.6725
117   0.6725
118   0.6725
119   0.6725
120   0.6725
121   0.6725
122   0.6725
123   0.6725
124   0.6725
125   0.6725
126   0.6725
127   0.6725
128   0.6725
129   0.6725
130   0.6725
131   0.6725
132   0.6725
133   0.6725
134   0.6725
135   0.6725
136   0.6725
137   0.6725
138   0.6599
139   0.6599
140   0.6599
141   0.6599
142   0.6599
143   0.6599
144   0.6599
145   0.6599
146   0.6599
147   0.6599
148   0.6599
149   0.6599
150   0.6599
151   0.6599
152   0.6599
153   0.6599
154   0.6599
155   0.6599
156   0.6599
157   0.6599
158   0.6599
159   0.6599
160   0.6599
161   0.6599
162   0.6599
163   0.6599
164   0.6599
165   0.6599
166   0.6599
167   0.6599
168   0.6599
169   0.6599
170   0.6599
171   0.6599
172   0.6599
173   0.6599
174   0.6599
175   0.6599
176   0.6599
177   0.6599
178   0.6599
179   0.5937
180   0.5937
181   0.5937
182   0.5937
183   0.5937
184   0.5937
185   0.5937
186   0.5937
187   0.5937
188   0.5937
189   0.5937
190   0.5937
191   0.5937
192   0.5937
193   0.5937
194   0.5937
195   0.5937
196   0.5937
197   0.5937
198   0.5937
199   0.5937
200   0.5937
201   0.5810
202   0.5574
203   0.5574
204   0.5574
205   0.5574
206   0.5574
207   0.5574
208   0.5574
209   0.5574
210   0.5574
211   0.5574
212   0.5574
213   0.5574
214   0.5574
215   0.5574
216   0.5397
217   0.5397
218   0.5397
219   0.5397
220   0.5397
221   0.5397
222   0.5397
223   0.5397
224   0.5397
225   0.5397
226   0.5146
227   0.5077
228   0.5077
229   0.5077
230   0.5077
231   0.5077
232   0.5077
233   0.5077
234   0.5077
235   0.5077
236   0.5077
237   0.5077
238   0.5077
239   0.5077
240   0.5077
241   0.5077
242   0.5077
243   0.5077
244   0.5077
245   0.5077
246   0.5077
247   0.5077
248   0.5077
249   0.5077
250   0.5077
251   0.5077
252   0.5077
253   0.5077
254   0.5077
255   0.5077
256   0.5077
257   0.5077
258   0.5077
259   0.5077
260   0.5077
261   0.5077
262   0.5077
263   0.5077
264   0.5077
265   0.5077
266   0.5077
267   0.5077
268   0.5077
269   0.5077
270   0.5077
271   0.5077
272   0.5077
273   0.5077
274   0.5077
275   0.5077
276   0.5077
277   0.5077
278   0.5077
279   0.5077
280   0.5077
281   0.5077
282   0.5077
283   0.5077
284   0.5077
285   0.5077
286   0.5077
287   0.5077
288   0.5077
289   0.5077
290   0.5075
291   0.5075
292   0.5075
293   0.5075
294   0.5075
295   0.5075
296   0.5075
297   0.5075
298   0.5075
299   0.5075
300   0.5075
301   0.5075
302   0.5075
303   0.5075
304   0.5075
305   0.5075
306   0.5075
307   0.5075
308   0.5075
309   0.5075
310   0.5000
311   0.5000
312   0.5000
313   0.5000
314   0.5000
315   0.5000
316   0.5000
317   0.5000
318   0.5000
319   0.5000
320   0.5000
321   0.5000
322   0.5000
323   0.5000
324   0.5000
325   0.5000
326   0.5000
327   0.5000
328   0.5000
329   0.5000
330   0.5000
331   0.5000
332   0.5000
333   0.5000
334   0.5000
335   0.5000
336   0.5000
337   0.5000
338   0.5000
339   0.5000
340   0.5000
341   0.5000
342   0.5000
343   0.5000
344   0.5000
345   0.5000
346   0.5000
347   0.5000
348   0.5000
349   0.5000
350   0.5000
351   0.5000
352   0.5000
353   0.5000
354   0.5000
355   0.5000
356   0.5000
357   0.5000
358   0.5000
359   0.5000
360   0.5000
361   0.5000
362   0.5000
363   0.5000
364   0.4926
365   0.4926
366   0.4926
367   0.4926
368   0.4926
369   0.4926
370   0.4926
371   0.4926
372   0.4926
373   0.4926
374   0.4926
375   0.4926
376   0.4926
377   0.4926
378   0.4926
379   0.4926
380   0.4926
381   0.4926
382   0.4926
383   0.4926
384   0.4926
385   0.4926
386   0.4926
387   0.4926
388   0.4926
389   0.4926
390   0.4926
391   0.4926
392   0.4926
393   0.4926
394   0.4926
395   0.4926
396   0.4926
397   0.4926
398   0.4926
399   0.4926
400   0.4926
401   0.4926
402   0.4926
403   0.4926
404   0.4926
405   0.4926
406   0.4926
407   0.4926
408   0.4926
409   0.4926
410   0.4926
411   0.4926
412   0.4926
413   0.4926
414   0.4926
415   0.4926
416   0.4926
417   0.4926
418   0.4926
419   0.4926
420   0.4926
421   0.4926
422   0.4926
423   0.4926
424   0.4926
425   0.4926
426   0.4926
427   0.4926
428   0.4926
429   0.4926
430   0.4926
431   0.4926
432   0.4926
433   0.4926
434   0.4926
435   0.4926
436   0.4926
437   0.4926
438   0.4926
439   0.4926
440   0.4926
441   0.4926
442   0.4926
443   0.4926
444   0.4926
445   0.4926
446   0.4926
447   0.4926
448   0.4926
449   0.4926
450   0.4926
451   0.4926
452   0.4926
453   0.4926
454   0.4926
455   0.4926
456   0.4926
457   0.4926
458   0.4926
459   0.4926
460   0.4926
461   0.4926
462   0.4926
463   0.4926
464   0.4926
465   0.4926
466   0.4926
467   0.4926
468   0.4926
469   0.4926
470   0.4926
471   0.4926
472   0.4926
473   0.4926
474   0.4926
475   0.4926
476   0.4926
477   0.4926
478   0.4926
479   0.4926
480   0.4926
481   0.4926
482   0.4926
483   0.4926
484   0.4926
485   0.4926
486   0.4926
487   0.4926
488   0.4926
489   0.4926
490   0.4926
491   0.4926
492   0.4926
493   0.4926
494   0.4926
495   0.4926
496   0.4926
497   0.4926
498   0.4926
499   0.4926
500   0.4926
501   0.4926
502   0.4926
503   0.4926
504   0.4926
505   0.4926
506   0.4926
507   0.4926
508   0.4926
509   0.4926
510   0.4926
511   0.4926
512   0.4926
513   0.4926
514   0.4926
515   0.4926
516   0.4926
517   0.4926
518   0.4926
519   0.4926
520   0.4926
521   0.4926
522   0.4926
523   0.4926
524   0.4926
525   0.4926
526   0.4838
527   0.4838
528   0.4838
529   0.4838
530   0.4825
531   0.4825
532   0.4825
533   0.4825
534   0.4825
535   0.4825
536   0.4825
537   0.4825
538   0.4825
539   0.4825
540   0.4825
541   0.4825
542   0.4825
543   0.4825
544   0.4825
545   0.4825
546   0.4825
547   0.4825
548   0.4825
549   0.4825
550   0.4825
551   0.4825
552   0.4825
553   0.4825
554   0.4825
555   0.4825
556   0.4825
557   0.4825
558   0.4825
559   0.4825
560   0.4825
561   0.4825
562   0.4825
563   0.4825
564   0.4825
565   0.4825
566   0.4825
567   0.4825
568   0.4825
569   0.4825
570   0.4825
571   0.4825
572   0.4825
573   0.4825
574   0.4825
575   0.4825
576   0.4825
577   0.4825
578   0.4825
579   0.4825
580   0.4825
581   0.4825
582   0.4825
583   0.4825
584   0.4825
585   0.4825
586   0.4825
587   0.4825
588   0.4825
589   0.4825
590   0.4825
591   0.4825
592   0.4825
593   0.4825
594   0.4825
595   0.4825
596   0.4825
597   0.4825
598   0.4825
599   0.4825
600   0.4825
601   0.4825
602   0.4825
603   0.4825
604   0.4825
605   0.4825
606   0.4825
607   0.4825
608   0.4825
609   0.4781
610   0.4781
611   0.4757
612   0.4757
613   0.4757
614   0.4757
615   0.4757
616   0.4757
617   0.4757
618   0.4757
619   0.4757
620   0.4757
621   0.4757
622   0.4757
623   0.4757
624   0.4757
625   0.4757
626   0.4757
627   0.4757
628   0.4757
629   0.4757
630   0.4757
631   0.4757
632   0.4757
633   0.4757
634   0.4757
635   0.4757
636   0.4757
637   0.4757
638   0.4757
639   0.4757
640   0.4757
641   0.4757
642   0.4757
643   0.4757
644   0.4757
645   0.4757
646   0.4757
647   0.4757
648   0.4757
649   0.4757
650   0.4757
651   0.4757
652   0.4757
653   0.4757
654   0.4757
655   0.4757
656   0.4757
657   0.4757
658   0.4757
659   0.4757
660   0.4757
661   0.4757
662   0.4757
663   0.4757
664   0.4757
665   0.4757
666   0.4757
667   0.4757
668   0.4757
669   0.4655
670   0.4655
671   0.4655
672   0.4655
673   0.4655
674   0.4655
675   0.4655
676   0.4655
677   0.4655
678   0.4655
679   0.4655
680   0.4655
681   0.4655
682   0.4655
683   0.4655
684   0.4655
685   0.4655
686   0.4655
687   0.4655
688   0.4655
689   0.4655
690   0.4655
691   0.4655
692   0.4655
693   0.4655
694   0.4655
695   0.4655
696   0.4655
697   0.4655
698   0.4655
699   0.4655
700   0.4655
701   0.4655
702   0.4655
703   0.4655
704   0.4655
705   0.4655
706   0.4655
707   0.4655
708   0.4655
709   0.4655
710   0.4655
711   0.4655
712   0.4655
713   0.4655
714   0.4655
715   0.4655
716   0.4655
717   0.4655
718   0.4655
719   0.4655
720   0.4655
721   0.4655
722   0.4655
723   0.4655
724   0.4655
725   0.4655
726   0.4655
727   0.4655
728   0.4655
729   0.4655
730   0.4655
731   0.4655
732   0.4655
733   0.4655
734   0.4655
735   0.4655
736   0.4655
737   0.4655
738   0.4655
739   0.4648
740   0.4648
741   0.4648
742   0.4648
743   0.4648
744   0.4648
745   0.4648
746   0.4648
747   0.4648
748   0.4648
749   0.4648
750   0.4648
751   0.4648
752   0.4648
753   0.4648
754   0.4648
755   0.4648
756   0.4648
757   0.4648
758   0.4648
759   0.4648
760   0.4648
761   0.4648
762   0.4648
763   0.4648
764   0.4648
765   0.4648
766   0.4648
767   0.4648
768   0.4648
769   0.4648
770   0.4648
771   0.4648
772   0.4648
773   0.4648
774   0.4648
775   0.4648
776   0.4648
777   0.4648
778   0.4648
779   0.4648
780   0.4648
781   0.4648
782   0.4648
783   0.4648
784   0.4648
785   0.4648
786   0.4648
787   0.4648
788   0.4648
789   0.4648
790   0.4648
791   0.4648
792   0.4648
793   0.4648
794   0.4648
795   0.4648
796   0.4648
797   0.4648
798   0.4648
799   0.4648
800   0.4648
801   0.4648
802   0.4648
803   0.4648
804   0.4648
805   0.4648
806   0.4648
807   0.4648
808   0.4648
809   0.4648
810   0.4648
811   0.4648
812   0.4648
813   0.4648
814   0.4648
815   0.4648
816   0.4648
817   0.4648
818   0.4648
819   0.4648
820   0.4648
821   0.4648
822   0.4648
823   0.4648
824   0.4648
825   0.4648
826   0.4648
827   0.4648
828   0.4648
829   0.4648
830   0.4648
831   0.4648
832   0.4648
833   0.4648
834   0.4648
835   0.4648
836   0.4648
837   0.4648
838   0.4648
839   0.4648
840   0.4648
841   0.4648
842   0.4648
843   0.4648
844   0.4648
845   0.4648
846   0.4648
847   0.4648
848   0.4648
849   0.4648
850   0.4648
851   0.4648
852   0.4648
853   0.4648
854   0.4648
855   0.4648
856   0.4648
857   0.4648
858   0.4648
859   0.4648
860   0.4648
861   0.4648
862   0.4648
863   0.4648
864   0.4648
865   0.4648
866   0.4648
867   0.4648
868   0.4648
869   0.4648
870   0.4648
871   0.4648
872   0.4648
873   0.4648
874   0.4648
875   0.4648
876   0.4648
877   0.4633
878   0.4633
879   0.4633
880   0.4633
881   0.4633
882   0.4633
883   0.4633
884   0.4633
885   0.4633
886   0.4633
887   0.4633
888   0.4633
889   0.4633
890   0.4633
891   0.4633
892   0.4633
893   0.4633
894   0.4633
895   0.4633
896   0.4633
897   0.4633
898   0.4633
899   0.4633
900   0.4633
901   0.4633
902   0.4633
903   0.4633
904   0.4633
905   0.4633
906   0.4633
907   0.4633
908   0.4633
909   0.4633
910   0.4633
911   0.4633
912   0.4633
913   0.4633
914   0.4633
915   0.4633
916   0.4633
917   0.4633
918   0.4633
919   0.4633
920   0.4633
921   0.4633
922   0.4633
923   0.4633
924   0.4633
925   0.4633
926   0.4633
927   0.4633
928   0.4633
929   0.4633
930   0.4633
931   0.4633
932   0.4633
933   0.4633
934   0.4633
935   0.4633
936   0.4633
937   0.4633
938   0.4633
939   0.4633
940   0.4633
941   0.4633
942   0.4633
943   0.4633
944   0.4633
945   0.4633
946   0.4633
947   0.4633
948   0.4633
949   0.4633
950   0.4633
951   0.4633
952   0.4633
953   0.4633
954   0.4633
955   0.4633
956   0.4633
957   0.4633
958   0.4633
959   0.4633
960   0.4633
961   0.4633
962   0.4633
963   0.4633
964   0.4633
965   0.4633
966   0.4633
967   0.4633
968   0.4633
969   0.4633
970   0.4633
971   0.4633
972   0.4633
973   0.4633
974   0.4633
975   0.4633
976   0.4633
977   0.4633
978   0.4633
979   0.4633
980   0.4633
981   0.4633
982   0.4633
983   0.4633
984   0.4633
985   0.4633
986   0.4633
987   0.4633
988   0.4633
989   0.4633
990   0.4633
991   0.4633
992   0.4633
993   0.4633
994   0.4633
995   0.4633
996   0.4633
997   0.4633
998   0.4633
999   0.4633
1000   0.4633
1001   0.4633
1002   0.4633
1003   0.4633
1004   0.4633
1005   0.4633
1006   0.4633
1007   0.4633
1008   0.4633
1009   0.4633
1010   0.4633
1011   0.4633
1012   0.4633
1013   0.4633
1014   0.4633
1015   0.4633
1016   0.4633
1017   0.4633
1018   0.4633
1019   0.4633
1020   0.4633
1021   0.4633
1022   0.4633
1023   0.4633
1024   0.4633
1025   0.4633
1026   0.4633
1027   0.4633
1028   0.4633
1029   0.4633
1030   0.4633
1031   0.4633
1032   0.4633
1033   0.4633
1034   0.4633
1035   0.4633
1036   0.4633
1037   0.4633
1038   0.4633
1039   0.4633
1040   0.4633
1041   0.4633
1042   0.4633
1043   0.4633
1044   0.4633
1045   0.4633
1046   0.4633
1047   0.4633
1048   0.4633
1049   0.4633
1050   0.4633
1051   0.4633
1052   0.4633
1053   0.4633
1054   0.4633
1055   0.4633
1056   0.4633
1057   0.4633
1058   0.4633
1059   0.4633
1060   0.4633
1061   0.4633
1062   0.4633
1063   0.4633
1064   0.4633
1065   0.4633
1066   0.4633
1067   0.4633
1068   0.4633
1069   0.4633
1070   0.4633
1071   0.4633
1072   0.4633
1073   0.4633
1074   0.4633
1075   0.4633
1076   0.4633
1077   0.4633
1078   0.4633
1079   0.4633
1080   0.4633
1081   0.4633
1082   0.4633
1083   0.4633
1084   0.4633
1085   0.4633
1086   0.4633
1087   0.4633
1088   0.4633
1089   0.4633
1090   0.4633
1091   0.4633
1092   0.4633
1093   0.4633
1094   0.4633
1095   0.4633
1096   0.4633
1097   0.4633
1098   0.4633
1099   0.4633
1100   0.4633
1101   0.4633
1102   0.4633
1103   0.4633
1104   0.4633
1105   0.4633
1106   0.4633
1107   0.4633
1108   0.4633
1109   0.4633
1110   0.4633
1111   0.4633
1112   0.4633
1113   0.4633
1114   0.4633
1115   0.4633
1116   0.4633
1117   0.4633
1118   0.4633
1119   0.4633
1120   0.4633
1121   0.4633
1122   0.4633
1123   0.4633
1124   0.4633
1125   0.4633
1126   0.4633
1127   0.4633
1128   0.4633
1129   0.4633
1130   0.4633
1131   0.4633
1132   0.4633
1133   0.4633
1134   0.4633
1135   0.4633
1136   0.4633
1137   0.4633
1138   0.4633
1139   0.4633
1140   0.4633
1141   0.4633
1142   0.4633
1143   0.4633
1144   0.4633
1145   0.4633
1146   0.4633
1147   0.4633
1148   0.4633
1149   0.4633
1150   0.4633
1151   0.4633
1152   0.4633
1153   0.4633
1154   0.4633
1155   0.4633
1156   0.4633
1157   0.4633
1158   0.4633
1159   0.4633
1160   0.4633
1161   0.4633
1162   0.4633
1163   0.4633
1164   0.4633
1165   0.4633
1166   0.4633
1167   0.4633
1168   0.4633
1169   0.4633
1170   0.4633
1171   0.4633
1172   0.4633
1173   0.4633
1174   0.4633
1175   0.4633
1176   0.4633
1177   0.4633
1178   0.4633
1179   0.4633
1180   0.4633
1181   0.4633
1182   0.4633
1183   0.4633
1184   0.4633
1185   0.4633
1186   0.4633
1187   0.4633
1188   0.4633
1189   0.4633
1190   0.4633
1191   0.4633
1192   0.4633
1193   0.4633
1194   0.4633
1195   0.4633
1196   0.4633
1197   0.4633
1198   0.4633
1199   0.4633
1200   0.4633
1201   0.4633
1202   0.4633
1203   0.4633
1204   0.4633
1205   0.4633
1206   0.4633
1207   0.4633
1208   0.4633
1209   0.4633
1210   0.4633
1211   0.4633
1212   0.4633
1213   0.4633
1214   0.4633
1215   0.4633
1216   0.4633
1217   0.4633
1218   0.4633
1219   0.4633
1220   0.4633
1221   0.4633
1222   0.4633
1223   0.4633
1224   0.4633
1225   0.4633
1226   0.4633
1227   0.4633
1228   0.4633
1229   0.4633
1230   0.4633
1231   0.4633
1232   0.4633
1233   0.4633
1234   0.4633
1235   0.4633
1236   0.4633
1237   0.4633
1238   0.4633
1239   0.4633
1240   0.4633
1241   0.4633
1242   0.4633
1243   0.4633
1244   0.4633
1245   0.4633
1246   0.4633
1247   0.4633
1248   0.4633
1249   0.4633
1250   0.4633
1251   0.4633
1252   0.4633
1253   0.4633
1254   0.4633
1255   0.4633
1256   0.4633
1257   0.4633
1258   0.4633
1259   0.4633
1260   0.4633
1261   0.4633
1262   0.4633
1263   0.4633
1264   0.4633
1265   0.4633
1266   0.4633
1267   0.4633
1268   0.4633
1269   0.4633
1270   0.4633
1271   0.4633
1272   0.4633
1273   0.4633
1274   0.4633
1275   0.4633
1276   0.4633
1277   0.4633
1278   0.4633
1279   0.4633
1280   0.4633
1281   0.4633
1282   0.4633
1283   0.4633
1284   0.4633
1285   0.4633
1286   0.4633
1287   0.4633
1288   0.4633
1289   0.4633
1290   0.4633
1291   0.4633
1292   0.4633
1293   0.4633
1294   0.4633
1295   0.4633
1296   0.4633
1297   0.4633
1298   0.4633
1299   0.4633
1300   0.4633
1301   0.4633
1302   0.4633
1303   0.4633
1304   0.4633
1305   0.4633
1306   0.4633
1307   0.4633
1308   0.4633
1309   0.4633
1310   0.4633
1311   0.4633
1312   0.4633
1313   0.4633
1314   0.4633
1315   0.4633
1316   0.4633
1317   0.4633
1318   0.4633
1319   0.4633
1320   0.4633
1321   0.4633
1322   0.4633
1323   0.4633
1324   0.4633
1325   0.4633
1326   0.4633
1327   0.4633
1328   0.4633
1329   0.4633
1330   0.4633
1331   0.4633
1332   0.4633
1333   0.4633
1334   0.4633
1335   0.4633
1336   0.4633
1337   0.4633
1338   0.4633
1339   0.4633
1340   0.4633
1341   0.4633
1342   0.4633
1343   0.4633
1344   0.4633
1345   0.4633
1346   0.4633
1347   0.4633
1348   0.4633
1349   0.4633
1350   0.4633
1351   0.4633
1352   0.4633
1353   0.4633
1354   0.4633
1355   0.4633
1356   0.4633
1357   0.4633
1358   0.4633
1359   0.4633
1360   0.4633
1361   0.4633
1362   0.4633
1363   0.4633
1364   0.4633
1365   0.4633
1366   0.4633
1367   0.4633
1368   0.4633
1369   0.4633
1370   0.4633
1371   0.4633
1372   0.4633
1373   0.4633
1374   0.4633
1375   0.4633
1376   0.4633
1377   0.4633
1378   0.4633
1379   0.4633
1380   0.4633
1381   0.4633
1382   0.4633
1383   0.4633
1384   0.4633
1385   0.4633
1386   0.4633
1387   0.4633
1388   0.4633
1389   0.4633
1390   0.4633
1391   0.4633
1392   0.4633
1393   0.4633
1394   0.4633
1395   0.4633
1396   0.4633
1397   0.4633
1398   0.4633
1399   0.4617
1400   0.4617
1401   0.4617
1402   0.4617
1403   0.4617
1404   0.4617
1405   0.4617
1406   0.4617
1407   0.4617
1408   0.4617
1409   0.4617
1410   0.4617
1411   0.4617
1412   0.4617
1413   0.4617
1414   0.4617
1415   0.4617
1416   0.4617
1417   0.4617
1418   0.4617
1419   0.4617
1420   0.4617
1421   0.4617
1422   0.4617
1423   0.4617
1424   0.4617
1425   0.4617
1426   0.4617
1427   0.4617
1428   0.4617
1429   0.4617
1430   0.4617
1431   0.4617
1432   0.4617
1433   0.4617
1434   0.4617
1435   0.4617
1436   0.4617
1437   0.4617
1438   0.4617
1439   0.4617
1440   0.4617
1441   0.4617
1442   0.4617
1443   0.4617
1444   0.4617
1445   0.4617
1446   0.4617
1447   0.4617
1448   0.4617
1449   0.4617
1450   0.4617
1451   0.4617
1452   0.4617
1453   0.4617
1454   0.4617
1455   0.4617
1456   0.4617
1457   0.4617
1458   0.4617
1459   0.4617
1460   0.4617
1461   0.4617
1462   0.4617
1463   0.4617
1464   0.4617
1465   0.4617
1466   0.4617
1467   0.4617
1468   0.4617
1469   0.4617
1470   0.4617
1471   0.4617
1472   0.4617
1473   0.4617
1474   0.4617
1475   0.4617
1476   0.4617
1477   0.4617
1478   0.4617
1479   0.4617
1480   0.4617
1481   0.4617
1482   0.4617
1483   0.4617
1484   0.4617
1485   0.4617
1486   0.4617
1487   0.4617
1488   0.4617
1489   0.4617
1490   0.4617
1491   0.4617
1492   0.4617
1493   0.4617
1494   0.4617
1495   0.4617
1496   0.4617
1497   0.4617
1498   0.4617
1499   0.4617
1500   0.4617
1501   0.4617
1502   0.4617
1503   0.4617
1504   0.4617
1505   0.4617
1506   0.4617
1507   0.4617
1508   0.4617
1509   0.4617
1510   0.4617
1511   0.4617
1512   0.4617
1513   0.4617
1514   0.4617
1515   0.4617
1516   0.4617
1517   0.4617
1518   0.4617
1519   0.4617
1520   0.4617
1521   0.4617
1522   0.4617
1523   0.4617
1524   0.4617
1525   0.4617
1526   0.4617
1527   0.4617
1528   0.4617
1529   0.4617
1530   0.4617
1531   0.4617
1532   0.4617
1533   0.4617
1534   0.4617
1535   0.4617
1536   0.4617
1537   0.4617
1538   0.4617
1539   0.4617
1540   0.4617
1541   0.4617
1542   0.4617
1543   0.4617
1544   0.4617
1545   0.4617
1546   0.4617
1547   0.4617
1548   0.4617
1549   0.4617
1550   0.4617
1551   0.4617
1552   0.4617
1553   0.4617
1554   0.4617
1555   0.4617
1556   0.4617
1557   0.4617
1558   0.4617
1559   0.4617
1560   0.4617
1561   0.4617
1562   0.4617
1563   0.4617
1564   0.4617
1565   0.4617
1566   0.4617
1567   0.4617
1568   0.4617
1569   0.4617
1570   0.4617
1571   0.4617
1572   0.4617
1573   0.4617
1574   0.4617
1575   0.4617
1576   0.4617
1577   0.4617
1578   0.4617
1579   0.4617
1580   0.4617
1581   0.4617
1582   0.4617
1583   0.4617
1584   0.4617
1585   0.4617
1586   0.4617
1587   0.4617
1588   0.4617
1589   0.4617
1590   0.4617
1591   0.4617
1592   0.4617
1593   0.4617
1594   0.4617
1595   0.4617
1596   0.4617
1597   0.4617
1598   0.4617
1599   0.4617
1600   0.4617
1601   0.4617
1602   0.4617
1603   0.4617
1604   0.4617
1605   0.4617
1606   0.4617
1607   0.4617
1608   0.4617
1609   0.4617
1610   0.4617
1611   0.4617
1612   0.4617
1613   0.4617
1614   0.4617
1615   0.4617
1616   0.4617
1617   0.4617
1618   0.4617
1619   0.4617
1620   0.4617
1621   0.4617
1622   0.4617
1623   0.4617
1624   0.4617
1625   0.4617
1626   0.4617
1627   0.4617
1628   0.4617
1629   0.4617
1630   0.4617
1631   0.4617
1632   0.4617
1633   0.4617
1634   0.4617
1635   0.4617
1636   0.4617
1637   0.4617
1638   0.4617
1639   0.4617
1640   0.4617
1641   0.4617
1642   0.4617
1643   0.4617
1644   0.4617
1645   0.4617
1646   0.4617
1647   0.4617
1648   0.4617
1649   0.4617
1650   0.4617
1651   0.4617
1652   0.4617
1653   0.4617
1654   0.4617
1655   0.4617
1656   0.4617
1657   0.4617
1658   0.4617
1659   0.4617
1660   0.4617
1661   0.4617
1662   0.4617
1663   0.4617
1664   0.4617
1665   0.4617
1666   0.4617
1667   0.4617
1668   0.4617
1669   0.4617
1670   0.4617
1671   0.4617
1672   0.4617
1673   0.4617
1674   0.4617
1675   0.4617
1676   0.4617
1677   0.4617
1678   0.4617
1679   0.4617
1680   0.4617
1681   0.4617
1682   0.4617
1683   0.4617
1684   0.4617
1685   0.4617
1686   0.4617
1687   0.4617
1688   0.4617
1689   0.4617
1690   0.4617
1691   0.4617
1692   0.4617
1693   0.4617
1694   0.4617
1695   0.4617
1696   0.4617
1697   0.4617
1698   0.4617
1699   0.4617
1700   0.4617
1701   0.4617
1702   0.4617
1703   0.4617
1704   0.4617
1705   0.4617
1706   0.4617
1707   0.4617
1708   0.4617
1709   0.4617
1710   0.4617
1711   0.4617
1712   0.4617
1713   0.4617
1714   0.4617
1715   0.4617
1716   0.4617
1717   0.4617
1718   0.4617
1719   0.4617
1720   0.4617
1721   0.4617
1722   0.4617
1723   0.4617
1724   0.4617
1725   0.4617
1726   0.4617
1727   0.4611
1728   0.4611
1729   0.4611
1730   0.4611
1731   0.4611
1732   0.4611
1733   0.4611
1734   0.4611
1735   0.4611
1736   0.4611
1737   0.4611
1738   0.4611
1739   0.4611
1740   0.4611
1741   0.4611
1742   0.4611
1743   0.4611
1744   0.4611
1745   0.4611
1746   0.4611
1747   0.4611
1748   0.4611
1749   0.4611
1750   0.4611
1751   0.4611
1752   0.4611
1753   0.4611
1754   0.4611
1755   0.4611
1756   0.4611
1757   0.4611
1758   0.4611
1759   0.4611
1760   0.4611
1761   0.4611
1762   0.4611
1763   0.4611
1764   0.4611
1765   0.4611
1766   0.4611
1767   0.4611
1768   0.4611
1769   0.4611
1770   0.4611
1771   0.4611
1772   0.4611
1773   0.4611
1774   0.4611
1775   0.4611
1776   0.4611
1777   0.4611
1778   0.4611
1779   0.4611
1780   0.4611
1781   0.4611
1782   0.4611
1783   0.4611
1784   0.4611
1785   0.4611
1786   0.4611
1787   0.4611
1788   0.4611
1789   0.4611
1790   0.4611
1791   0.4611
1792   0.4611
1793   0.4611
1794   0.4611
1795   0.4611
1796   0.4611
1797   0.4611
1798   0.4611
1799   0.4611
1800   0.4611
1801   0.4611
1802   0.4611
1803   0.4611
1804   0.4611
1805   0.4611
1806   0.4611
1807   0.4611
1808   0.4611
1809   0.4611
1810   0.4611
1811   0.4611
1812   0.4611
1813   0.4611
1814   0.4611
1815   0.4611
1816   0.4611
1817   0.4611
1818   0.4611
1819   0.4611
1820   0.4611
1821   0.4611
1822   0.4611
1823   0.4611
1824   0.4611
1825   0.4611
1826   0.4611
1827   0.4611
1828   0.4611
1829   0.4611
1830   0.4611
1831   0.4611
1832   0.4611
1833   0.4611
1834   0.4611
1835   0.4611
1836   0.4611
1837   0.4611
1838   0.4611
1839   0.4611
1840   0.4611
1841   0.4611
1842   0.4611
1843   0.4611
1844   0.4611
1845   0.4611
1846   0.4611
1847   0.4611
1848   0.4611
1849   0.4611
1850   0.4611
1851   0.4611
1852   0.4611
1853   0.4611
1854   0.4611
1855   0.4611
1856   0.4611
1857   0.4611
1858   0.4611
1859   0.4611
1860   0.4611
1861   0.4611
1862   0.4611
1863   0.4611
1864   0.4611
1865   0.4611
1866   0.4611
1867   0.4611
1868   0.4611
1869   0.4611
1870   0.4611
1871   0.4611
1872   0.4611
1873   0.4611
1874   0.4611
1875   0.4611
1876   0.4611
1877   0.4611
1878   0.4611
1879   0.4611
1880   0.4611
1881   0.4611
1882   0.4611
1883   0.4611
1884   0.4611
1885   0.4611
1886   0.4611
1887   0.4611
1888   0.4611
1889   0.4611
1890   0.4611
1891   0.4611
1892   0.4611
1893   0.4611
1894   0.4611
1895   0.4611
1896   0.4611
1897   0.4611
1898   0.4611
1899   0.4611
1900   0.4611
1901   0.4611
1902   0.4611
1903   0.4611
1904   0.4611
1905   0.4611
1906   0.4611
1907   0.4611
1908   0.4611
1909   0.4611
1910   0.4611
1911   0.4611
1912   0.4611
1913   0.4611
1914   0.4611
1915   0.4611
1916   0.4611
1917   0.4611
1918   0.4611
1919   0.4611
1920   0.4611
1921   0.4611
1922   0.4611
1923   0.4611
1924   0.4611
1925   0.4611
1926   0.4611
1927   0.4611
1928   0.4611
1929   0.4611
1930   0.4611
1931   0.4611
1932   0.4611
1933   0.4611
1934   0.4611
1935   0.4611
1936   0.4611
1937   0.4611
1938   0.4611
1939   0.4611
1940   0.4611
1941   0.4611
1942   0.4611
1943   0.4611
1944   0.4611
1945   0.4611
1946   0.4611
1947   0.4611
1948   0.4611
1949   0.4611
1950   0.4611
1951   0.4611
1952   0.4611
1953   0.4611
1954   0.4611
1955   0.4611
1956   0.4611
1957   0.4611
1958   0.4611
1959   0.4611
1960   0.4611
1961   0.4611
1962   0.4611
1963   0.4611
1964   0.4611
1965   0.4611
1966   0.4611
1967   0.4611
1968   0.4611
1969   0.4611
1970   0.4611
1971   0.4611
1972   0.4611
1973   0.4611
1974   0.4611
1975   0.4611
1976   0.4611
1977   0.4611
1978   0.4611
1979   0.4611
1980   0.4611
1981   0.4611
1982   0.4611
1983   0.4611
1984   0.4611
1985   0.4611
1986   0.4611
1987   0.4611
1988   0.4611
1989   0.4611
1990   0.4611
1991   0.4611
1992   0.4611
1993   0.4611
1994   0.4611
1995   0.4611
1996   0.4611
1997   0.4611
1998   0.4611
1999   0.4611
2000   0.4611
2001   0.4611
2002   0.4611
2003   0.4611
2004   0.4611
2005   0.4611
2006   0.4611
2007   0.4611
2008   0.4611
2009   0.4611
2010   0.4611
2011   0.4611
2012   0.4611
2013   0.4611
2014   0.4611
2015   0.4611
2016   0.4611
2017   0.4611
2018   0.4611
2019   0.4611
2020   0.4611
2021   0.4611
2022   0.4611
2023   0.4611
2024   0.4611
2025   0.4611
2026   0.4611
2027   0.4611
2028   0.4611
2029   0.4611
2030   0.4611
2031   0.4611
2032   0.4611
2033   0.4611
2034   0.4611
2035   0.4611
2036   0.4611
2037   0.4611
2038   0.4611
2039   0.4611
2040   0.4611
2041   0.4611
2042   0.4611
2043   0.4611
2044   0.4611
2045   0.4611
2046   0.4611
2047   0.4611
2048   0.4611
2049   0.4611
2050   0.4611
2051   0.4611
2052   0.4611
2053   0.4611
2054   0.4611
2055   0.4611
2056   0.4611
2057   0.4611
2058   0.4611
2059   0.4611
2060   0.4611
2061   0.4611
2062   0.4611
2063   0.4611
2064   0.4611
2065   0.4611
2066   0.4611
2067   0.4611
2068   0.4611
2069   0.4611
2070   0.4611
2071   0.4611
2072   0.4611
2073   0.4611
2074   0.4611
2075   0.4611
2076   0.4611
2077   0.4611
2078   0.4611
2079   0.4611
2080   0.4611
2081   0.4611
2082   0.4611
2083   0.4611
2084   0.4611
2085   0.4611
2086   0.4611
2087   0.4611
2088   0.4611
2089   0.4611
2090   0.4611
2091   0.4611
2092   0.4611
2093   0.4611
2094   0.4611
2095   0.4611
2096   0.4611
2097   0.4611
2098   0.4611
2099   0.4611
2100   0.4611
2101   0.4611
2102   0.4611
2103   0.4611
2104   0.4611
2105   0.4611
2106   0.4611
2107   0.4611
2108   0.4611
2109   0.4611
2110   0.4611
2111   0.4611
2112   0.4611
2113   0.4611
2114   0.4611
2115   0.4611
2116   0.4611
2117   0.4611
2118   0.4611
2119   0.4611
2120   0.4611
2121   0.4611
2122   0.4611
2123   0.4611
2124   0.4611
2125   0.4611
2126   0.4611
2127   0.4611
2128   0.4611
2129   0.4611
2130   0.4611
2131   0.4611
2132   0.4611
2133   0.4611
2134   0.4611
2135   0.4611
2136   0.4611
2137   0.4611
2138   0.4611
2139   0.4611
2140   0.4611
2141   0.4611
2142   0.4611
2143   0.4611
2144   0.4611
2145   0.4611
2146   0.4611
2147   0.4611
2148   0.4611
2149   0.4611
2150   0.4611
2151   0.4611
2152   0.4611
2153   0.4611
2154   0.4611
2155   0.4611
2156   0.4611
2157   0.4611
2158   0.4611
2159   0.4611
2160   0.4611
2161   0.4611
2162   0.4611
2163   0.4611
2164   0.4611
2165   0.4611
2166   0.4611
2167   0.4611
2168   0.4611
2169   0.4611
2170   0.4611
2171   0.4611
2172   0.4611
2173   0.4611
2174   0.4611
2175   0.4611
2176   0.4611
2177   0.4611
2178   0.4611
2179   0.4611
2180   0.4611
2181   0.4611
2182   0.4611
2183   0.4611
2184   0.4611
2185   0.4611
2186   0.4611
2187   0.4611
2188   0.4611
2189   0.4611
2190   0.4611
2191   0.4611
2192   0.4611
2193   0.4611
2194   0.4611
2195   0.4611
2196   0.4611
2197   0.4611
2198   0.4611
2199   0.4611
2200   0.4611
2201   0.4611
2202   0.4611
2203   0.4611
2204   0.4611
2205   0.4611
2206   0.4611
2207   0.4611
2208   0.4611
2209   0.4611
2210   0.4611
2211   0.4611
2212   0.4611
2213   0.4611
2214   0.4611
2215   0.4611
2216   0.4611
2217   0.4611
2218   0.4611
2219   0.4611
2220   0.4611
2221   0.4611
2222   0.4611
2223   0.4611
2224   0.4611
2225   0.4611
2226   0.4611
2227   0.4611
2228   0.4611
2229   0.4611
2230   0.4611
2231   0.4611
2232   0.4611
2233   0.4611
2234   0.4611
2235   0.4611
2236   0.4611
2237   0.4611
2238   0.4611
2239   0.4611
2240   0.4611
2241   0.4611
2242   0.4611
2243   0.4611
2244   0.4611
2245   0.4611
2246   0.4611
2247   0.4611
2248   0.4611
2249   0.4611
2250   0.4611
2251   0.4611
2252   0.4611
2253   0.4611
2254   0.4611
2255   0.4611
2256   0.4611
2257   0.4611
2258   0.4611
2259   0.4611
2260   0.4611
2261   0.4611
2262   0.4611
2263   0.4611
2264   0.4611
2265   0.4611
2266   0.4611
2267   0.4611
2268   0.4611
2269   0.4611
2270   0.4611
2271   0.4611
2272   0.4611
2273   0.4611
2274   0.4611
2275   0.4611
2276   0.4611
2277   0.4611
2278   0.4611
2279   0.4611
2280   0.4611
2281   0.4611
2282   0.4611
2283   0.4611
2284   0.4611
2285   0.4611
2286   0.4611
2287   0.4611
2288   0.4611
2289   0.4611
2290   0.4611
2291   0.4611
2292   0.4611
2293   0.4611
2294   0.4611
2295   0.4611
2296   0.4611
2297   0.4611
2298   0.4611
2299   0.4611
2300   0.4611
2301   0.4611
2302   0.4611
2303   0.4611
2304   0.4611
2305   0.4611
2306   0.4611
2307   0.4611
2308   0.4611
2309   0.4611
2310   0.4611
2311   0.4611
2312   0.4611
2313   0.4611
2314   0.4611
2315   0.4611
2316   0.4611
2317   0.4611
2318   0.4611
2319   0.4611
2320   0.4611
2321   0.4611
2322   0.4611
2323   0.4611
2324   0.4611
2325   0.4611
2326   0.4611
2327   0.4611
2328   0.4611
2329   0.4611
2330   0.4611
2331   0.4611
2332   0.4611
2333   0.4611
2334   0.4611
2335   0.4611
2336   0.4611
2337   0.4611
2338   0.4611
2339   0.4611
2340   0.4611
2341   0.4611
2342   0.4611
2343   0.4611
2344   0.4611
2345   0.4611
2346   0.4611
2347   0.4611
2348   0.4611
2349   0.4611
2350   0.4611
2351   0.4611
2352   0.4611
2353   0.4611
2354   0.4611
2355   0.4611
2356   0.4611
2357   0.4611
2358   0.4611
2359   0.4611
2360   0.4611
2361   0.4611
2362   0.4611
2363   0.4611
2364   0.4611
2365   0.4611
2366   0.4611
2367   0.4611
2368   0.4611
2369   0.4611
2370   0.4611
2371   0.4611
2372   0.4611
2373   0.4611
2374   0.4611
2375   0.4611
2376   0.4611
2377   0.4611
2378   0.4611
2379   0.4611
2380   0.4611
2381   0.4611
2382   0.4611
2383   0.4611
2384   0.4611
2385   0.4611
2386   0.4611
2387   0.4611
2388   0.4611
2389   0.4611
2390   0.4611
2391   0.4611
2392   0.4611
2393   0.4611
2394   0.4611
2395   0.4611
2396   0.4611
2397   0.4611
2398   0.4611
2399   0.4611
2400   0.4611
2401   0.4611
2402   0.4611
2403   0.4611
2404   0.4611
2405   0.4611
2406   0.4611
2407   0.4611
2408   0.4611
2409   0.4611
2410   0.4611
2411   0.4611
2412   0.4611
2413   0.4611
2414   0.4611
2415   0.4611
2416   0.4611
2417   0.4611
2418   0.4611
2419   0.4611
2420   0.4611
2421   0.4611
2422   0.4611
2423   0.4611
2424   0.4611
2425   0.4611
2426   0.4611
2427   0.4611
2428   0.4611
2429   0.4611
2430   0.4611
2431   0.4611
2432   0.4611
2433   0.4611
2434   0.4611
2435   0.4611
2436   0.4611
2437   0.4610
2438   0.4610
2439   0.4610
2440   0.4610
2441   0.4610
2442   0.4610
2443   0.4610
2444   0.4610
2445   0.4610
2446   0.4610
2447   0.4610
2448   0.4610
2449   0.4610
2450   0.4610
2451   0.4610
2452   0.4610
2453   0.4610
2454   0.4610
2455   0.4610
2456   0.4610
2457   0.4610
2458   0.4610
2459   0.4610
2460   0.4610
2461   0.4610
2462   0.4610
2463   0.4610
2464   0.4610
2465   0.4610
2466   0.4610
2467   0.4610
2468   0.4610
2469   0.4610
2470   0.4610
2471   0.4610
2472   0.4610
2473   0.4610
2474   0.4610
2475   0.4610
2476   0.4610
2477   0.4610
2478   0.4610
2479   0.4610
2480   0.4610
2481   0.4610
2482   0.4610
2483   0.4610
2484   0.4610
2485   0.4610
2486   0.4610
2487   0.4610
2488   0.4610
2489   0.4610
2490   0.4610
2491   0.4610
2492   0.4610
2493   0.4610
2494   0.4610
2495   0.4610
2496   0.4610
2497   0.4610
2498   0.4610
2499   0.4610
2500   0.4610
2501   0.4610
2502   0.4610
2503   0.4610
2504   0.4610
2505   0.4610
2506   0.4610
2507   0.4610
2508   0.4610
2509   0.4610
2510   0.4610
2511   0.4610
2512   0.4610
2513   0.4610
2514   0.4610
2515   0.4610
2516   0.4610
2517   0.4610
2518   0.4610
2519   0.4610
2520   0.4610
2521   0.4610
2522   0.4610
2523   0.4610
2524   0.4610
2525   0.4610
2526   0.4610
2527   0.4610
2528   0.4610
2529   0.4610
2530   0.4610
2531   0.4610
2532   0.4610
2533   0.4610
2534   0.4610
2535   0.4610
2536   0.4610
2537   0.4610
2538   0.4610
2539   0.4610
2540   0.4610
2541   0.4610
2542   0.4610
2543   0.4610
2544   0.4610
2545   0.4610
2546   0.4610
2547   0.4610
2548   0.4610
2549   0.4610
2550   0.4610
2551   0.4610
2552   0.4610
2553   0.4610
2554   0.4610
2555   0.4610
2556   0.4610
2557   0.4610
2558   0.4610
2559   0.4610
2560   0.4610
2561   0.4610
2562   0.4610
2563   0.4610
2564   0.4610
2565   0.4610
2566   0.4610
2567   0.4610
2568   0.4610
2569   0.4610
2570   0.4610
2571   0.4610
2572   0.4610
2573   0.4610
2574   0.4610
2575   0.4610
2576   0.4610
2577   0.4610
2578   0.4610
2579   0.4610
2580   0.4610
2581   0.4610
2582   0.4610
2583   0.4610
2584   0.4610
2585   0.4610
2586   0.4610
2587   0.4610
2588   0.4610
2589   0.4610
2590   0.4610
2591   0.4610
2592   0.4610
2593   0.4610
2594   0.4610
2595   0.4610
2596   0.4610
2597   0.4610
2598   0.4610
2599   0.4610
2600   0.4610
2601   0.4610
2602   0.4610
2603   0.4610
2604   0.4610
2605   0.4610
2606   0.4610
2607   0.4610
2608   0.4610
2609   0.4610
2610   0.4610
2611   0.4610
2612   0.4610
2613   0.4610
2614   0.4610
2615   0.4610
2616   0.4610
2617   0.4610
2618   0.4610
2619   0.4610
2620   0.4610
2621   0.4610
2622   0.4610
2623   0.4610
2624   0.4610
2625   0.4610
2626   0.4610
2627   0.4610
2628   0.4610
2629   0.4610
2630   0.4610
2631   0.4610
2632   0.4610
2633   0.4610
2634   0.4610
2635   0.4610
2636   0.4610
2637   0.4610
2638   0.4610
2639   0.4610
2640   0.4610
2641   0.4610
2642   0.4610
2643   0.4610
2644   0.4610
2645   0.4610
2646   0.4610
2647   0.4610
2648   0.4606
2649   0.4606
2650   0.4606
2651   0.4606
2652   0.4606
2653   0.4606
2654   0.4606
2655   0.4606
2656   0.4606
2657   0.4606
2658   0.4606
2659   0.4606
2660   0.4606
2661   0.4606
2662   0.4606
2663   0.4606
2664   0.4606
2665   0.4606
2666   0.4606
2667   0.4606
2668   0.4606
2669   0.4606
2670   0.4606
2671   0.4606
2672   0.4606
2673   0.4606
2674   0.4606
2675   0.4606
2676   0.4606
2677   0.4606
2678   0.4606
2679   0.4606
2680   0.4606
2681   0.4606
2682   0.4606
2683   0.4606
2684   0.4606
2685   0.4606
2686   0.4606
2687   0.4606
2688   0.4606
2689   0.4606
2690   0.4606
2691   0.4606
2692   0.4606
2693   0.4606
2694   0.4606
2695   0.4606
2696   0.4606
2697   0.4606
2698   0.4606
2699   0.4606
2700   0.4606
2701   0.4606
2702   0.4606
2703   0.4606
2704   0.4606
2705   0.4606
2706   0.4606
2707   0.4606
2708   0.4606
2709   0.4606
2710   0.4606
2711   0.4606
2712   0.4606
2713   0.4606
2714   0.4606
2715   0.4606
2716   0.4606
2717   0.4606
2718   0.4606
2719   0.4606
2720   0.4606
2721   0.4606
2722   0.4606
2723   0.4606
2724   0.4606
2725   0.4606
2726   0.4606
2727   0.4606
2728   0.4606
2729   0.4606
2730   0.4606
2731   0.4606
2732   0.4606
2733   0.4606
2734   0.4606
2735   0.4606
2736   0.4606
2737   0.4606
2738   0.4606
2739   0.4606
2740   0.4606
2741   0.4606
2742   0.4606
2743   0.4606
2744   0.4606
2745   0.4606
2746   0.4606
2747   0.4606
2748   0.4606
2749   0.4606
2750   0.4606
2751   0.4606
2752   0.4606
2753   0.4606
2754   0.4606
2755   0.4606
2756   0.4606
2757   0.4606
2758   0.4606
2759   0.4606
2760   0.4606
2761   0.4606
2762   0.4606
2763   0.4606
2764   0.4606
2765   0.4606
2766   0.4606
2767   0.4606
2768   0.4606
2769   0.4606
2770   0.4606
2771   0.4606
2772   0.4606
2773   0.4606
2774   0.4606
2775   0.4606
2776   0.4606
2777   0.4606
2778   0.4606
2779   0.4606
2780   0.4606
2781   0.4606
2782   0.4606
2783   0.4606
2784   0.4606
2785   0.4606
2786   0.4606
2787   0.4606
2788   0.4606
2789   0.4606
2790   0.4606
2791   0.4606
2792   0.4606
2793   0.4606
2794   0.4606
2795   0.4606
2796   0.4606
2797   0.4606
2798   0.4606
2799   0.4606
2800   0.4606
2801   0.4606
2802   0.4606
2803   0.4606
2804   0.4606
2805   0.4606
2806   0.4606
2807   0.4606
2808   0.4606
2809   0.4606
2810   0.4606
2811   0.4606
2812   0.4606
2813   0.4606
2814   0.4606
2815   0.4606
2816   0.4606
2817   0.4606
2818   0.4606
2819   0.4606
2820   0.4606
2821   0.4606
2822   0.4606
2823   0.4606
2824   0.4606
2825   0.4606
2826   0.4606
2827   0.4606
2828   0.4606
2829   0.4606
2830   0.4606
2831   0.4606
2832   0.4606
2833   0.4606
2834   0.4606
2835   0.4606
2836   0.4606
2837   0.4606
2838   0.4606
2839   0.4606
2840   0.4606
2841   0.4606
2842   0.4606
2843   0.4606
2844   0.4606
2845   0.4606
2846   0.4606
2847   0.4606
2848   0.4606
2849   0.4606
2850   0.4606
2851   0.4606
2852   0.4606
2853   0.4606
2854   0.4606
2855   0.4606
2856   0.4606
2857   0.4606
2858   0.4606
2859   0.4606
2860   0.4606
2861   0.4606
2862   0.4606
2863   0.4606
2864   0.4606
2865   0.4606
2866   0.4606
2867   0.4606
2868   0.4606
2869   0.4606
2870   0.4606
2871   0.4606
2872   0.4606
2873   0.4606
2874   0.4606
2875   0.4606
2876   0.4606
2877   0.4606
2878   0.4606
2879   0.4606
2880   0.4606
2881   0.4606
2882   0.4606
2883   0.4606
2884   0.4606
2885   0.4606
2886   0.4606
2887   0.4606
2888   0.4606
2889   0.4606
2890   0.4606
2891   0.4606
2892   0.4606
2893   0.4606
2894   0.4606
2895   0.4606
2896   0.4606
2897   0.4606
2898   0.4606
2899   0.4606
2900   0.4606
2901   0.4606
2902   0.4606
2903   0.4606
2904   0.4606
2905   0.4606
2906   0.4606
2907   0.4606
2908   0.4606
2909   0.4606
2910   0.4606
2911   0.4606
2912   0.4606
2913   0.4606
2914   0.4606
2915   0.4606
2916   0.4606
2917   0.4606
2918   0.4606
2919   0.4606
2920   0.4606
2921   0.4606
2922   0.4606
2923   0.4606
2924   0.4606
2925   0.4606
2926   0.4606
2927   0.4606
2928   0.4606
2929   0.4606
2930   0.4606
2931   0.4606
2932   0.4606
2933   0.4606
2934   0.4606
2935   0.4606
2936   0.4606
2937   0.4606
2938   0.4606
2939   0.4606
2940   0.4606
2941   0.4606
2942   0.4606
2943   0.4606
2944   0.4606
2945   0.4606
2946   0.4606
2947   0.4606
2948   0.4606
2949   0.4606
2950   0.4606
2951   0.4606
2952   0.4606
2953   0.4606
2954   0.4606
2955   0.4606
2956   0.4606
2957   0.4606
2958   0.4606
2959   0.4606
2960   0.4606
2961   0.4606
2962   0.4606
2963   0.4606
2964   0.4606
2965   0.4606
2966   0.4606
2967   0.4606
2968   0.4606
2969   0.4606
2970   0.4606
2971   0.4606
2972   0.4606
2973   0.4606
2974   0.4606
2975   0.4606
2976   0.4606
2977   0.4606
2978   0.4606
2979   0.4606
2980   0.4606
2981   0.4606
2982   0.4606
2983   0.4606
2984   0.4606
2985   0.4606
2986   0.4606
2987   0.4606
2988   0.4606
2989   0.4606
2990   0.4606
2991   0.4606
2992   0.4606
2993   0.4606
2994   0.4606
2995   0.4606
2996   0.4606
2997   0.4606
2998   0.4606
2999   0.4606
3000   0.4606
