1   1.6009
2   1.2624
3   1.1014
4   1.1014
5   1.0306
6   1.0306
7   1.0306
8   1.0306
9   1.0306
10   1.0306
11   1.0306
12   1.0306
13   1.0306
14   1.0306
15   1.0306
16   1.0306
17   1.0306
18   1.0306
19   1.0306
20   1.0306
21   1.0306
22   1.0306
23   1.0306
24   1.0306
25   1.0306
26   1.0273
27   1.0273
28   1.0273
29   1.0072
30   1.0072
31   1.0072
32   1.0072
33   1.0072
34   1.0072
35   1.0072
36   1.0072
37   1.0072
38   1.0072
39   1.0072
40   1.0072
41   1.0072
42   1.0072
43   1.0072
44   1.0072
45   1.0072
46   1.0072
47   1.0072
48   1.0072
49   1.0072
50   1.0072
51   1.0072
52   1.0072
53   1.0072
54   1.0072
55   1.0072
56   1.0072
57   1.0072
58   1.0072
59   1.0072
60   1.0072
61   1.0072
62   1.0072
63   1.0072
64   1.0072
65   1.0072
66   1.0072
67   1.0072
68   1.0072
69   1.0072
70   1.0072
71   1.0072
72   1.0072
73   1.0072
74   1.0072
75   1.0072
76   1.0072
77   1.0072
78   1.0072
79   1.0072
80   1.0072
81   1.0072
82   1.0072
83   1.0072
84   1.0072
85   1.0072
86   1.0072
87   1.0072
88   1.0072
89   1.0072
90   1.0072
91   1.0072
92   1.0072
93   1.0072
94   1.0072
95   1.0072
96   1.0072
97   1.0072
98   1.0072
99   1.0072
100   1.0072
101   1.0072
102   1.0072
103   1.0072
104   1.0072
105   1.0072
106   1.0072
107   1.0072
108   1.0072
109   1.0072
110   1.0072
111   1.0072
112   1.0072
113   1.0072
114   1.0072
115   1.0072
116   1.0072
117   1.0072
118   1.0072
119   1.0072
120   1.0072
121   1.0072
122   1.0072
123   1.0072
124   1.0072
125   1.0072
126   1.0072
127   1.0072
128   1.0072
129   1.0072
130   1.0072
131   1.0072
132   1.0072
133   1.0072
134   1.0072
135   1.0072
136   1.0072
137   1.0072
138   1.0072
139   1.0072
140   1.0072
141   1.0072
142   1.0072
143   1.0072
144   1.0072
145   1.0072
146   1.0072
147   1.0072
148   1.0072
149   1.0072
150   1.0072
151   1.0072
152   1.0072
153   1.0072
154   1.0072
155   1.0072
156   1.0072
157   1.0072
158   1.0072
159   1.0072
160   1.0072
161   1.0072
162   1.0072
163   1.0072
164   1.0072
165   1.0072
166   1.0072
167   1.0072
168   1.0072
169   1.0072
170   1.0072
171   1.0072
172   1.0072
173   1.0072
174   1.0072
175   1.0072
176   1.0072
177   1.0072
178   1.0072
179   1.0072
180   1.0072
181   1.0072
182   1.0072
183   1.0072
184   1.0072
185   1.0072
186   1.0072
187   1.0072
188   1.0072
189   1.0072
190   1.0072
191   1.0072
192   1.0072
193   1.0072
194   1.0072
195   1.0072
196   1.0072
197   1.0072
198   1.0072
199   1.0072
200   1.0072
201   1.0072
202   1.0072
203   1.0072
204   1.0072
205   1.0072
206   1.0072
207   1.0072
208   1.0072
209   1.0072
210   1.0072
211   1.0072
212   1.0072
213   1.0072
214   1.0072
215   1.0072
216   1.0072
217   1.0072
218   1.0072
219   1.0072
220   1.0072
221   1.0072
222   1.0072
223   1.0072
224   1.0072
225   1.0072
226   1.0072
227   1.0072
228   1.0072
229   1.0072
230   1.0072
231   1.0072
232   1.0072
233   1.0072
234   1.0070
235   1.0070
236   1.0069
237   1.0069
238   1.0069
239   1.0069
240   1.0069
241   1.0069
242   1.0069
243   1.0069
244   1.0069
245   1.0069
246   1.0069
247   1.0069
248   1.0069
249   1.0069
250   1.0069
251   1.0069
252   1.0069
253   1.0069
254   1.0069
255   1.0069
256   1.0069
257   0.9900
258   0.9900
259   0.9900
260   0.9900
261   0.9900
262   0.9900
263   0.9900
264   0.9900
265   0.9900
266   0.9900
267   0.9900
268   0.9900
269   0.9900
270   0.9900
271   0.9900
272   0.9900
273   0.9900
274   0.9900
275   0.9900
276   0.9900
277   0.9900
278   0.9900
279   0.9900
280   0.9900
281   0.9900
282   0.9900
283   0.9900
284   0.9900
285   0.9900
286   0.9900
287   0.9900
288   0.9900
289   0.9900
290   0.9900
291   0.9900
292   0.9900
293   0.9900
294   0.9900
295   0.9900
296   0.9900
297   0.9900
298   0.9900
299   0.9900
300   0.9900
301   0.9900
302   0.9900
303   0.9900
304   0.9900
305   0.9900
306   0.9900
307   0.9900
308   0.9900
309   0.9900
310   0.9900
311   0.9900
312   0.9900
313   0.9900
314   0.9900
315   0.9900
316   0.9900
317   0.9900
318   0.9900
319   0.9900
320   0.9900
321   0.9900
322   0.9900
323   0.9900
324   0.9887
325   0.9887
326   0.9415
327   0.9415
328   0.9415
329   0.9415
330   0.9415
331   0.9415
332   0.9415
333   0.9415
334   0.9415
335   0.9415
336   0.9415
337   0.9415
338   0.9415
339   0.9415
340   0.9415
341   0.9415
342   0.9415
343   0.9415
344   0.9415
345   0.9415
346   0.9415
347   0.9415
348   0.9415
349   0.9415
350   0.9415
351   0.9415
352   0.9415
353   0.9415
354   0.9415
355   0.9415
356   0.8814
357   0.8814
358   0.8814
359   0.8814
360   0.8814
361   0.8659
362   0.8636
363   0.8636
364   0.8636
365   0.8636
366   0.8298
367   0.8287
368   0.8287
369   0.8287
370   0.8287
371   0.8287
372   0.8287
373   0.8287
374   0.8287
375   0.8124
376   0.8124
377   0.8124
378   0.8124
379   0.8124
380   0.8124
381   0.8124
382   0.8076
383   0.8076
384   0.8076
385   0.8076
386   0.8076
387   0.8076
388   0.8076
389   0.8076
390   0.8076
391   0.8076
392   0.8076
393   0.8076
394   0.8076
395   0.8076
396   0.8076
397   0.8076
398   0.8076
399   0.8076
400   0.8076
401   0.8076
402   0.8076
403   0.8076
404   0.8076
405   0.8076
406   0.8076
407   0.8076
408   0.8076
409   0.8076
410   0.8076
411   0.8076
412   0.8076
413   0.8076
414   0.8076
415   0.8076
416   0.8076
417   0.8076
418   0.7915
419   0.7915
420   0.7915
421   0.7915
422   0.7915
423   0.7915
424   0.7915
425   0.7915
426   0.7915
427   0.7915
428   0.7915
429   0.7915
430   0.7915
431   0.7915
432   0.7915
433   0.7915
434   0.7915
435   0.7915
436   0.7915
437   0.7915
438   0.7915
439   0.7915
440   0.7915
441   0.7915
442   0.7915
443   0.7915
444   0.7915
445   0.7915
446   0.7915
447   0.7915
448   0.7915
449   0.7915
450   0.7915
451   0.7915
452   0.7915
453   0.7915
454   0.7915
455   0.7915
456   0.7915
457   0.7915
458   0.7915
459   0.7915
460   0.7915
461   0.7915
462   0.7915
463   0.7915
464   0.7915
465   0.7915
466   0.7915
467   0.7915
468   0.7915
469   0.7915
470   0.7915
471   0.7915
472   0.7915
473   0.7915
474   0.7915
475   0.7915
476   0.7915
477   0.7915
478   0.7915
479   0.7915
480   0.7915
481   0.7905
482   0.7831
483   0.7831
484   0.7831
485   0.7831
486   0.7831
487   0.7831
488   0.7831
489   0.7831
490   0.7831
491   0.7831
492   0.7831
493   0.7831
494   0.7771
495   0.7771
496   0.7771
497   0.7771
498   0.7771
499   0.7771
500   0.7771
501   0.7771
502   0.7771
503   0.7771
504   0.7771
505   0.7771
506   0.7771
507   0.7771
508   0.7771
509   0.7771
510   0.7771
511   0.7771
512   0.7771
513   0.7771
514   0.7771
515   0.7647
516   0.7647
517   0.7647
518   0.7647
519   0.7647
520   0.7647
521   0.7638
522   0.7638
523   0.7615
524   0.7615
525   0.7615
526   0.7615
527   0.7615
528   0.7615
529   0.7615
530   0.7615
531   0.7615
532   0.7615
533   0.7615
534   0.7615
535   0.7615
536   0.7615
537   0.7615
538   0.7615
539   0.7615
540   0.7615
541   0.7615
542   0.7615
543   0.7615
544   0.7615
545   0.7615
546   0.7615
547   0.7615
548   0.7615
549   0.7615
550   0.7615
551   0.7615
552   0.7615
553   0.7615
554   0.7615
555   0.7615
556   0.7615
557   0.7615
558   0.7615
559   0.7615
560   0.7615
561   0.7615
562   0.7615
563   0.7615
564   0.7615
565   0.7615
566   0.7615
567   0.7615
568   0.7615
569   0.7615
570   0.7615
571   0.7615
572   0.7615
573   0.7615
574   0.7615
575   0.7615
576   0.7615
577   0.7615
578   0.7615
579   0.7615
580   0.7615
581   0.7615
582   0.7615
583   0.7615
584   0.7615
585   0.7615
586   0.7615
587   0.7615
588   0.7615
589   0.7615
590   0.7615
591   0.7615
592   0.7615
593   0.7615
594   0.7615
595   0.7615
596   0.7615
597   0.7615
598   0.7615
599   0.7615
600   0.7615
601   0.7615
602   0.7615
603   0.7615
604   0.7615
605   0.7615
606   0.7615
607   0.7615
608   0.7615
609   0.7615
610   0.7615
611   0.7615
612   0.7615
613   0.7615
614   0.7615
615   0.7615
616   0.7615
617   0.7615
618   0.7615
619   0.7615
620   0.7615
621   0.7615
622   0.7615
623   0.7615
624   0.7615
625   0.7615
626   0.7615
627   0.7615
628   0.7615
629   0.7615
630   0.7615
631   0.7615
632   0.7615
633   0.7615
634   0.7615
635   0.7615
636   0.7615
637   0.7615
638   0.7615
639   0.7615
640   0.7611
641   0.7611
642   0.7611
643   0.7611
644   0.7611
645   0.7611
646   0.7611
647   0.7611
648   0.7611
649   0.7611
650   0.7611
651   0.7611
652   0.7611
653   0.7611
654   0.7611
655   0.7611
656   0.7611
657   0.7611
658   0.7611
659   0.7611
660   0.7611
661   0.7611
662   0.7611
663   0.7611
664   0.7611
665   0.7611
666   0.7611
667   0.7611
668   0.7611
669   0.7611
670   0.7611
671   0.7611
672   0.7611
673   0.7611
674   0.7611
675   0.7611
676   0.7611
677   0.7611
678   0.7611
679   0.7611
680   0.7611
681   0.7611
682   0.7611
683   0.7611
684   0.7611
685   0.7611
686   0.7611
687   0.7611
688   0.7611
689   0.7611
690   0.7611
691   0.7611
692   0.7611
693   0.7611
694   0.7611
695   0.7611
696   0.7611
697   0.7611
698   0.7611
699   0.7611
700   0.7611
701   0.7611
702   0.7611
703   0.7611
704   0.7611
705   0.7611
706   0.7611
707   0.7611
708   0.7611
709   0.7611
710   0.7611
711   0.7611
712   0.7611
713   0.7611
714   0.7611
715   0.7611
716   0.7611
717   0.7611
718   0.7611
719   0.7611
720   0.7611
721   0.7611
722   0.7611
723   0.7611
724   0.7611
725   0.7611
726   0.7611
727   0.7611
728   0.7611
729   0.7611
730   0.7611
731   0.7611
732   0.7611
733   0.7611
734   0.7611
735   0.7611
736   0.7611
737   0.7611
738   0.7611
739   0.7611
740   0.7611
741   0.7611
742   0.7611
743   0.7611
744   0.7611
745   0.7611
746   0.7611
747   0.7611
748   0.7611
749   0.7611
750   0.7611
751   0.7611
752   0.7611
753   0.7611
754   0.7611
755   0.7611
756   0.7611
757   0.7611
758   0.7611
759   0.7611
760   0.7611
761   0.7611
762   0.7611
763   0.7611
764   0.7611
765   0.7611
766   0.7611
767   0.7611
768   0.7611
769   0.7611
770   0.7611
771   0.7611
772   0.7611
773   0.7611
774   0.7611
775   0.7611
776   0.7611
777   0.7611
778   0.7611
779   0.7611
780   0.7611
781   0.7611
782   0.7611
783   0.7611
784   0.7611
785   0.7611
786   0.7611
787   0.7611
788   0.7611
789   0.7611
790   0.7611
791   0.7611
792   0.7611
793   0.7611
794   0.7611
795   0.7611
796   0.7611
797   0.7611
798   0.7611
799   0.7611
800   0.7611
801   0.7611
802   0.7611
803   0.7611
804   0.7611
805   0.7611
806   0.7611
807   0.7611
808   0.7611
809   0.7611
810   0.7611
811   0.7611
812   0.7611
813   0.7611
814   0.7611
815   0.7611
816   0.7611
817   0.7611
818   0.7611
819   0.7611
820   0.7611
821   0.7611
822   0.7611
823   0.7611
824   0.7611
825   0.7611
826   0.7611
827   0.7611
828   0.7611
829   0.7611
830   0.7611
831   0.7611
832   0.7611
833   0.7611
834   0.7611
835   0.7611
836   0.7611
837   0.7611
838   0.7611
839   0.7611
840   0.7611
841   0.7611
842   0.7611
843   0.7611
844   0.7611
845   0.7611
846   0.7611
847   0.7611
848   0.7611
849   0.7611
850   0.7611
851   0.7611
852   0.7611
853   0.7611
854   0.7611
855   0.7611
856   0.7611
857   0.7611
858   0.7611
859   0.7611
860   0.7611
861   0.7611
862   0.7611
863   0.7611
864   0.7611
865   0.7611
866   0.7611
867   0.7611
868   0.7611
869   0.7611
870   0.7611
871   0.7611
872   0.7611
873   0.7611
874   0.7611
875   0.7611
876   0.7611
877   0.7611
878   0.7611
879   0.7611
880   0.7611
881   0.7611
882   0.7611
883   0.7611
884   0.7611
885   0.7611
886   0.7611
887   0.7611
888   0.7611
889   0.7611
890   0.7611
891   0.7611
892   0.7611
893   0.7611
894   0.7611
895   0.7611
896   0.7611
897   0.7611
898   0.7611
899   0.7611
900   0.7611
901   0.7611
902   0.7611
903   0.7611
904   0.7611
905   0.7611
906   0.7611
907   0.7611
908   0.7611
909   0.7611
910   0.7611
911   0.7611
912   0.7611
913   0.7611
914   0.7611
915   0.7611
916   0.7611
917   0.7611
918   0.7611
919   0.7611
920   0.7611
921   0.7611
922   0.7611
923   0.7611
924   0.7611
925   0.7611
926   0.7611
927   0.7611
928   0.7611
929   0.7611
930   0.7611
931   0.7611
932   0.7611
933   0.7611
934   0.7611
935   0.7611
936   0.7611
937   0.7611
938   0.7611
939   0.7611
940   0.7611
941   0.7611
942   0.7611
943   0.7611
944   0.7611
945   0.7611
946   0.7611
947   0.7611
948   0.7611
949   0.7611
950   0.7611
951   0.7611
952   0.7611
953   0.7611
954   0.7611
955   0.7611
956   0.7611
957   0.7611
958   0.7611
959   0.7611
960   0.7611
961   0.7611
962   0.7611
963   0.7611
964   0.7611
965   0.7611
966   0.7611
967   0.7611
968   0.7611
969   0.7611
970   0.7611
971   0.7611
972   0.7611
973   0.7611
974   0.7611
975   0.7611
976   0.7611
977   0.7611
978   0.7611
979   0.7611
980   0.7611
981   0.7611
982   0.7611
983   0.7611
984   0.7611
985   0.7611
986   0.7611
987   0.7611
988   0.7611
989   0.7611
990   0.7611
991   0.7611
992   0.7611
993   0.7611
994   0.7611
995   0.7611
996   0.7611
997   0.7611
998   0.7611
999   0.7611
1000   0.7611
1001   0.7611
1002   0.7611
1003   0.7611
1004   0.7611
1005   0.7611
1006   0.7611
1007   0.7611
1008   0.7611
1009   0.7611
1010   0.7611
1011   0.7611
1012   0.7611
1013   0.7611
1014   0.7611
1015   0.7611
1016   0.7611
1017   0.7611
1018   0.7611
1019   0.7611
1020   0.7611
1021   0.7611
1022   0.7611
1023   0.7611
1024   0.7611
1025   0.7611
1026   0.7611
1027   0.7611
1028   0.7611
1029   0.7611
1030   0.7611
1031   0.7611
1032   0.7611
1033   0.7611
1034   0.7611
1035   0.7611
1036   0.7611
1037   0.7611
1038   0.7611
1039   0.7611
1040   0.7611
1041   0.7611
1042   0.7611
1043   0.7611
1044   0.7611
1045   0.7611
1046   0.7611
1047   0.7611
1048   0.7611
1049   0.7611
1050   0.7611
1051   0.7611
1052   0.7611
1053   0.7611
1054   0.7611
1055   0.7611
1056   0.7611
1057   0.7611
1058   0.7611
1059   0.7611
1060   0.7611
1061   0.7611
1062   0.7611
1063   0.7611
1064   0.7611
1065   0.7611
1066   0.7611
1067   0.7611
1068   0.7610
1069   0.7610
1070   0.7610
1071   0.7610
1072   0.7610
1073   0.7610
1074   0.7610
1075   0.7610
1076   0.7610
1077   0.7610
1078   0.7610
1079   0.7610
1080   0.7610
1081   0.7610
1082   0.7610
1083   0.7610
1084   0.7610
1085   0.7610
1086   0.7610
1087   0.7610
1088   0.7610
1089   0.7610
1090   0.7610
1091   0.7610
1092   0.7610
1093   0.7610
1094   0.7610
1095   0.7610
1096   0.7610
1097   0.7610
1098   0.7610
1099   0.7610
1100   0.7610
1101   0.7610
1102   0.7610
1103   0.7610
1104   0.7610
1105   0.7610
1106   0.7610
1107   0.7610
1108   0.7610
1109   0.7610
1110   0.7610
1111   0.7610
1112   0.7610
1113   0.7610
1114   0.7610
1115   0.7610
1116   0.7610
1117   0.7610
1118   0.7610
1119   0.7610
1120   0.7610
1121   0.7610
1122   0.7610
1123   0.7610
1124   0.7610
1125   0.7610
1126   0.7610
1127   0.7610
1128   0.7610
1129   0.7610
1130   0.7610
1131   0.7610
1132   0.7610
1133   0.7610
1134   0.7610
1135   0.7610
1136   0.7610
1137   0.7610
1138   0.7610
1139   0.7610
1140   0.7610
1141   0.7610
1142   0.7610
1143   0.7610
1144   0.7610
1145   0.7610
1146   0.7610
1147   0.7610
1148   0.7610
1149   0.7610
1150   0.7610
1151   0.7610
1152   0.7610
1153   0.7610
1154   0.7610
1155   0.7610
1156   0.7610
1157   0.7610
1158   0.7610
1159   0.7610
1160   0.7610
1161   0.7610
1162   0.7610
1163   0.7610
1164   0.7610
1165   0.7610
1166   0.7610
1167   0.7610
1168   0.7610
1169   0.7610
1170   0.7610
1171   0.7610
1172   0.7610
1173   0.7610
1174   0.7610
1175   0.7610
1176   0.7610
1177   0.7610
1178   0.7610
1179   0.7610
1180   0.7610
1181   0.7610
1182   0.7610
1183   0.7610
1184   0.7610
1185   0.7610
1186   0.7610
1187   0.7610
1188   0.7610
1189   0.7610
1190   0.7610
1191   0.7610
1192   0.7610
1193   0.7610
1194   0.7610
1195   0.7610
1196   0.7610
1197   0.7610
1198   0.7610
1199   0.7610
1200   0.7610
1201   0.7610
1202   0.7610
1203   0.7610
1204   0.7610
1205   0.7610
1206   0.7610
1207   0.7610
1208   0.7610
1209   0.7610
1210   0.7610
1211   0.7610
1212   0.7610
1213   0.7610
1214   0.7610
1215   0.7610
1216   0.7610
1217   0.7610
1218   0.7610
1219   0.7610
1220   0.7610
1221   0.7610
1222   0.7610
1223   0.7610
1224   0.7610
1225   0.7610
1226   0.7610
1227   0.7610
1228   0.7610
1229   0.7610
1230   0.7610
1231   0.7610
1232   0.7610
1233   0.7610
1234   0.7610
1235   0.7610
1236   0.7610
1237   0.7610
1238   0.7610
1239   0.7610
1240   0.7610
1241   0.7610
1242   0.7610
1243   0.7610
1244   0.7610
1245   0.7610
1246   0.7610
1247   0.7610
1248   0.7610
1249   0.7610
1250   0.7610
1251   0.7610
1252   0.7610
1253   0.7610
1254   0.7610
1255   0.7610
1256   0.7610
1257   0.7610
1258   0.7610
1259   0.7610
1260   0.7610
1261   0.7610
1262   0.7610
1263   0.7610
1264   0.7610
1265   0.7610
1266   0.7610
1267   0.7610
1268   0.7610
1269   0.7610
1270   0.7610
1271   0.7610
1272   0.7610
1273   0.7610
1274   0.7610
1275   0.7610
1276   0.7610
1277   0.7610
1278   0.7610
1279   0.7610
1280   0.7610
1281   0.7610
1282   0.7610
1283   0.7610
1284   0.7610
1285   0.7610
1286   0.7610
1287   0.7610
1288   0.7610
1289   0.7610
1290   0.7610
1291   0.7610
1292   0.7610
1293   0.7610
1294   0.7610
1295   0.7610
1296   0.7610
1297   0.7610
1298   0.7610
1299   0.7610
1300   0.7610
1301   0.7610
1302   0.7610
1303   0.7610
1304   0.7610
1305   0.7610
1306   0.7610
1307   0.7610
1308   0.7610
1309   0.7610
1310   0.7610
1311   0.7610
1312   0.7610
1313   0.7610
1314   0.7610
1315   0.7610
1316   0.7610
1317   0.7610
1318   0.7610
1319   0.7610
1320   0.7610
1321   0.7610
1322   0.7610
1323   0.7610
1324   0.7610
1325   0.7610
1326   0.7610
1327   0.7610
1328   0.7610
1329   0.7610
1330   0.7610
1331   0.7610
1332   0.7610
1333   0.7610
1334   0.7610
1335   0.7610
1336   0.7610
1337   0.7610
1338   0.7610
1339   0.7610
1340   0.7610
1341   0.7610
1342   0.7610
1343   0.7610
1344   0.7610
1345   0.7610
1346   0.7610
1347   0.7610
1348   0.7610
1349   0.7610
1350   0.7610
1351   0.7610
1352   0.7610
1353   0.7610
1354   0.7610
1355   0.7610
1356   0.7610
1357   0.7610
1358   0.7610
1359   0.7610
1360   0.7610
1361   0.7610
1362   0.7610
1363   0.7610
1364   0.7610
1365   0.7610
1366   0.7610
1367   0.7610
1368   0.7610
1369   0.7610
1370   0.7610
1371   0.7610
1372   0.7610
1373   0.7610
1374   0.7610
1375   0.7610
1376   0.7610
1377   0.7610
1378   0.7610
1379   0.7610
1380   0.7610
1381   0.7610
1382   0.7610
1383   0.7610
1384   0.7610
1385   0.7610
1386   0.7610
1387   0.7610
1388   0.7610
1389   0.7610
1390   0.7610
1391   0.7610
1392   0.7610
1393   0.7610
1394   0.7610
1395   0.7610
1396   0.7610
1397   0.7610
1398   0.7610
1399   0.7610
1400   0.7610
1401   0.7610
1402   0.7610
1403   0.7610
1404   0.7610
1405   0.7610
1406   0.7610
1407   0.7610
1408   0.7610
1409   0.7610
1410   0.7610
1411   0.7610
1412   0.7610
1413   0.7610
1414   0.7610
1415   0.7610
1416   0.7610
1417   0.7610
1418   0.7610
1419   0.7610
1420   0.7610
1421   0.7610
1422   0.7610
1423   0.7610
1424   0.7610
1425   0.7610
1426   0.7610
1427   0.7610
1428   0.7610
1429   0.7610
1430   0.7610
1431   0.7610
1432   0.7610
1433   0.7610
1434   0.7610
1435   0.7610
1436   0.7610
1437   0.7610
1438   0.7610
1439   0.7610
1440   0.7610
1441   0.7610
1442   0.7610
1443   0.7610
1444   0.7610
1445   0.7610
1446   0.7610
1447   0.7610
1448   0.7610
1449   0.7610
1450   0.7610
1451   0.7610
1452   0.7610
1453   0.7610
1454   0.7610
1455   0.7610
1456   0.7610
1457   0.7610
1458   0.7610
1459   0.7610
1460   0.7610
1461   0.7610
1462   0.7610
1463   0.7610
1464   0.7610
1465   0.7610
1466   0.7610
1467   0.7610
1468   0.7610
1469   0.7610
1470   0.7610
1471   0.7610
1472   0.7610
1473   0.7610
1474   0.7610
1475   0.7610
1476   0.7610
1477   0.7610
1478   0.7610
1479   0.7610
1480   0.7610
1481   0.7610
1482   0.7610
1483   0.7610
1484   0.7610
1485   0.7610
1486   0.7610
1487   0.7610
1488   0.7610
1489   0.7610
1490   0.7610
1491   0.7610
1492   0.7610
1493   0.7610
1494   0.7610
1495   0.7610
1496   0.7610
1497   0.7610
1498   0.7610
1499   0.7610
1500   0.7610
1501   0.7610
1502   0.7610
1503   0.7610
1504   0.7610
1505   0.7610
1506   0.7610
1507   0.7610
1508   0.7610
1509   0.7610
1510   0.7610
1511   0.7610
1512   0.7610
1513   0.7610
1514   0.7610
1515   0.7610
1516   0.7610
1517   0.7610
1518   0.7610
1519   0.7610
1520   0.7610
1521   0.7610
1522   0.7610
1523   0.7610
1524   0.7610
1525   0.7610
1526   0.7610
1527   0.7610
1528   0.7610
1529   0.7610
1530   0.7610
1531   0.7610
1532   0.7610
1533   0.7610
1534   0.7610
1535   0.7610
1536   0.7610
1537   0.7610
1538   0.7610
1539   0.7610
1540   0.7610
1541   0.7610
1542   0.7610
1543   0.7610
1544   0.7610
1545   0.7610
1546   0.7610
1547   0.7610
1548   0.7610
1549   0.7610
1550   0.7610
1551   0.7610
1552   0.7610
1553   0.7610
1554   0.7610
1555   0.7610
1556   0.7610
1557   0.7610
1558   0.7610
1559   0.7610
1560   0.7610
1561   0.7610
1562   0.7610
1563   0.7610
1564   0.7610
1565   0.7610
1566   0.7610
1567   0.7610
1568   0.7610
1569   0.7610
1570   0.7610
1571   0.7610
1572   0.7610
1573   0.7610
1574   0.7610
1575   0.7610
1576   0.7610
1577   0.7610
1578   0.7610
1579   0.7610
1580   0.7610
1581   0.7610
1582   0.7610
1583   0.7610
1584   0.7610
1585   0.7610
1586   0.7610
1587   0.7610
1588   0.7610
1589   0.7610
1590   0.7610
1591   0.7610
1592   0.7610
1593   0.7610
1594   0.7610
1595   0.7610
1596   0.7610
1597   0.7610
1598   0.7610
1599   0.7610
1600   0.7610
1601   0.7610
1602   0.7610
1603   0.7610
1604   0.7610
1605   0.7610
1606   0.7610
1607   0.7610
1608   0.7610
1609   0.7610
1610   0.7610
1611   0.7610
1612   0.7610
1613   0.7610
1614   0.7610
1615   0.7610
1616   0.7610
1617   0.7610
1618   0.7610
1619   0.7610
1620   0.7610
1621   0.7610
1622   0.7610
1623   0.7610
1624   0.7610
1625   0.7610
1626   0.7610
1627   0.7610
1628   0.7610
1629   0.7610
1630   0.7610
1631   0.7610
1632   0.7610
1633   0.7610
1634   0.7610
1635   0.7610
1636   0.7610
1637   0.7610
1638   0.7610
1639   0.7610
1640   0.7610
1641   0.7610
1642   0.7610
1643   0.7610
1644   0.7610
1645   0.7610
1646   0.7610
1647   0.7610
1648   0.7610
1649   0.7610
1650   0.7610
1651   0.7610
1652   0.7610
1653   0.7610
1654   0.7610
1655   0.7610
1656   0.7610
1657   0.7610
1658   0.7610
1659   0.7610
1660   0.7610
1661   0.7610
1662   0.7610
1663   0.7610
1664   0.7610
1665   0.7610
1666   0.7610
1667   0.7610
1668   0.7610
1669   0.7610
1670   0.7610
1671   0.7610
1672   0.7610
1673   0.7610
1674   0.7610
1675   0.7610
1676   0.7610
1677   0.7610
1678   0.7610
1679   0.7610
1680   0.7610
1681   0.7610
1682   0.7610
1683   0.7610
1684   0.7610
1685   0.7610
1686   0.7610
1687   0.7610
1688   0.7610
1689   0.7610
1690   0.7610
1691   0.7610
1692   0.7610
1693   0.7610
1694   0.7610
1695   0.7610
1696   0.7610
1697   0.7610
1698   0.7610
1699   0.7610
1700   0.7610
1701   0.7610
1702   0.7610
1703   0.7610
1704   0.7610
1705   0.7610
1706   0.7610
1707   0.7610
1708   0.7610
1709   0.7610
1710   0.7610
1711   0.7610
1712   0.7610
1713   0.7610
1714   0.7610
1715   0.7610
1716   0.7610
1717   0.7610
1718   0.7610
1719   0.7610
1720   0.7610
1721   0.7610
1722   0.7610
1723   0.7610
1724   0.7610
1725   0.7610
1726   0.7610
1727   0.7610
1728   0.7610
1729   0.7610
1730   0.7610
1731   0.7610
1732   0.7610
1733   0.7610
1734   0.7610
1735   0.7610
1736   0.7610
1737   0.7610
1738   0.7610
1739   0.7610
1740   0.7610
1741   0.7610
1742   0.7610
1743   0.7610
1744   0.7610
1745   0.7610
1746   0.7610
1747   0.7610
1748   0.7610
1749   0.7610
1750   0.7610
1751   0.7610
1752   0.7610
1753   0.7610
1754   0.7610
1755   0.7610
1756   0.7610
1757   0.7610
1758   0.7610
1759   0.7610
1760   0.7610
1761   0.7610
1762   0.7610
1763   0.7610
1764   0.7610
1765   0.7610
1766   0.7610
1767   0.7610
1768   0.7610
1769   0.7610
1770   0.7610
1771   0.7610
1772   0.7610
1773   0.7610
1774   0.7610
1775   0.7610
1776   0.7610
1777   0.7610
1778   0.7610
1779   0.7610
1780   0.7610
1781   0.7610
1782   0.7610
1783   0.7610
1784   0.7610
1785   0.7610
1786   0.7610
1787   0.7610
1788   0.7610
1789   0.7610
1790   0.7610
1791   0.7610
1792   0.7610
1793   0.7610
1794   0.7610
1795   0.7610
1796   0.7610
1797   0.7610
1798   0.7610
1799   0.7610
1800   0.7610
1801   0.7610
1802   0.7610
1803   0.7610
1804   0.7610
1805   0.7610
1806   0.7610
1807   0.7610
1808   0.7610
1809   0.7610
1810   0.7610
1811   0.7610
1812   0.7610
1813   0.7610
1814   0.7610
1815   0.7610
1816   0.7610
1817   0.7610
1818   0.7610
1819   0.7610
1820   0.7610
1821   0.7610
1822   0.7610
1823   0.7610
1824   0.7610
1825   0.7610
1826   0.7610
1827   0.7610
1828   0.7610
1829   0.7610
1830   0.7610
1831   0.7610
1832   0.7610
1833   0.7610
1834   0.7610
1835   0.7610
1836   0.7610
1837   0.7610
1838   0.7610
1839   0.7610
1840   0.7610
1841   0.7610
1842   0.7610
1843   0.7610
1844   0.7610
1845   0.7610
1846   0.7610
1847   0.7610
1848   0.7610
1849   0.7610
1850   0.7610
1851   0.7610
1852   0.7610
1853   0.7610
1854   0.7610
1855   0.7610
1856   0.7610
1857   0.7610
1858   0.7610
1859   0.7610
1860   0.7610
1861   0.7610
1862   0.7610
1863   0.7610
1864   0.7610
1865   0.7610
1866   0.7610
1867   0.7610
1868   0.7610
1869   0.7610
1870   0.7610
1871   0.7610
1872   0.7610
1873   0.7610
1874   0.7610
1875   0.7610
1876   0.7610
1877   0.7610
1878   0.7610
1879   0.7610
1880   0.7610
1881   0.7610
1882   0.7610
1883   0.7610
1884   0.7610
1885   0.7610
1886   0.7610
1887   0.7610
1888   0.7610
1889   0.7610
1890   0.7610
1891   0.7610
1892   0.7610
1893   0.7610
1894   0.7610
1895   0.7610
1896   0.7610
1897   0.7610
1898   0.7610
1899   0.7610
1900   0.7610
1901   0.7610
1902   0.7610
1903   0.7610
1904   0.7610
1905   0.7610
1906   0.7610
1907   0.7610
1908   0.7610
1909   0.7610
1910   0.7610
1911   0.7610
1912   0.7610
1913   0.7610
1914   0.7610
1915   0.7610
1916   0.7610
1917   0.7610
1918   0.7610
1919   0.7610
1920   0.7610
1921   0.7610
1922   0.7610
1923   0.7610
1924   0.7610
1925   0.7610
1926   0.7610
1927   0.7610
1928   0.7610
1929   0.7610
1930   0.7610
1931   0.7610
1932   0.7610
1933   0.7610
1934   0.7610
1935   0.7610
1936   0.7610
1937   0.7610
1938   0.7610
1939   0.7610
1940   0.7610
1941   0.7610
1942   0.7610
1943   0.7610
1944   0.7610
1945   0.7610
1946   0.7610
1947   0.7610
1948   0.7610
1949   0.7610
1950   0.7610
1951   0.7610
1952   0.7610
1953   0.7610
1954   0.7610
1955   0.7610
1956   0.7610
1957   0.7610
1958   0.7610
1959   0.7610
1960   0.7610
1961   0.7610
1962   0.7610
1963   0.7610
1964   0.7610
1965   0.7610
1966   0.7610
1967   0.7610
1968   0.7610
1969   0.7610
1970   0.7610
1971   0.7610
1972   0.7610
1973   0.7610
1974   0.7610
1975   0.7610
1976   0.7610
1977   0.7610
1978   0.7610
1979   0.7610
1980   0.7610
1981   0.7610
1982   0.7610
1983   0.7610
1984   0.7610
1985   0.7610
1986   0.7610
1987   0.7610
1988   0.7610
1989   0.7610
1990   0.7610
1991   0.7610
1992   0.7610
1993   0.7610
1994   0.7610
1995   0.7610
1996   0.7610
1997   0.7610
1998   0.7610
1999   0.7610
2000   0.7610
2001   0.7610
2002   0.7610
2003   0.7610
2004   0.7610
2005   0.7610
2006   0.7610
2007   0.7610
2008   0.7610
2009   0.7610
2010   0.7610
2011   0.7610
2012   0.7610
2013   0.7610
2014   0.7610
2015   0.7610
2016   0.7610
2017   0.7610
2018   0.7610
2019   0.7610
2020   0.7610
2021   0.7610
2022   0.7610
2023   0.7610
2024   0.7610
2025   0.7610
2026   0.7610
2027   0.7610
2028   0.7610
2029   0.7610
2030   0.7610
2031   0.7610
2032   0.7610
2033   0.7610
2034   0.7610
2035   0.7610
2036   0.7610
2037   0.7610
2038   0.7610
2039   0.7610
2040   0.7610
2041   0.7610
2042   0.7610
2043   0.7610
2044   0.7610
2045   0.7610
2046   0.7610
2047   0.7610
2048   0.7610
2049   0.7610
2050   0.7610
2051   0.7610
2052   0.7610
2053   0.7610
2054   0.7610
2055   0.7610
2056   0.7610
2057   0.7610
2058   0.7610
2059   0.7610
2060   0.7610
2061   0.7610
2062   0.7610
2063   0.7610
2064   0.7610
2065   0.7610
2066   0.7610
2067   0.7610
2068   0.7610
2069   0.7610
2070   0.7610
2071   0.7610
2072   0.7610
2073   0.7610
2074   0.7610
2075   0.7610
2076   0.7610
2077   0.7610
2078   0.7610
2079   0.7610
2080   0.7610
2081   0.7610
2082   0.7610
2083   0.7610
2084   0.7610
2085   0.7610
2086   0.7610
2087   0.7610
2088   0.7610
2089   0.7610
2090   0.7610
2091   0.7610
2092   0.7610
2093   0.7610
2094   0.7610
2095   0.7610
2096   0.7610
2097   0.7610
2098   0.7610
2099   0.7610
2100   0.7610
2101   0.7610
2102   0.7610
2103   0.7610
2104   0.7610
2105   0.7610
2106   0.7610
2107   0.7610
2108   0.7610
2109   0.7610
2110   0.7610
2111   0.7610
2112   0.7610
2113   0.7610
2114   0.7610
2115   0.7610
2116   0.7610
2117   0.7610
2118   0.7610
2119   0.7610
2120   0.7610
2121   0.7610
2122   0.7610
2123   0.7610
2124   0.7610
2125   0.7610
2126   0.7610
2127   0.7610
2128   0.7610
2129   0.7610
2130   0.7610
2131   0.7610
2132   0.7610
2133   0.7610
2134   0.7610
2135   0.7610
2136   0.7610
2137   0.7610
2138   0.7610
2139   0.7610
2140   0.7610
2141   0.7610
2142   0.7610
2143   0.7610
2144   0.7610
2145   0.7610
2146   0.7610
2147   0.7610
2148   0.7610
2149   0.7610
2150   0.7610
2151   0.7610
2152   0.7610
2153   0.7610
2154   0.7610
2155   0.7610
2156   0.7610
2157   0.7610
2158   0.7610
2159   0.7610
2160   0.7610
2161   0.7610
2162   0.7610
2163   0.7610
2164   0.7610
2165   0.7610
2166   0.7610
2167   0.7610
2168   0.7610
2169   0.7610
2170   0.7610
2171   0.7610
2172   0.7610
2173   0.7610
2174   0.7610
2175   0.7610
2176   0.7610
2177   0.7610
2178   0.7610
2179   0.7610
2180   0.7610
2181   0.7610
2182   0.7610
2183   0.7610
2184   0.7610
2185   0.7610
2186   0.7610
2187   0.7610
2188   0.7610
2189   0.7610
2190   0.7610
2191   0.7610
2192   0.7610
2193   0.7610
2194   0.7610
2195   0.7610
2196   0.7610
2197   0.7610
2198   0.7610
2199   0.7610
2200   0.7610
2201   0.7610
2202   0.7610
2203   0.7610
2204   0.7610
2205   0.7610
2206   0.7610
2207   0.7610
2208   0.7610
2209   0.7610
2210   0.7610
2211   0.7610
2212   0.7610
2213   0.7610
2214   0.7610
2215   0.7610
2216   0.7610
2217   0.7610
2218   0.7610
2219   0.7610
2220   0.7610
2221   0.7610
2222   0.7610
2223   0.7610
2224   0.7610
2225   0.7610
2226   0.7610
2227   0.7610
2228   0.7610
2229   0.7610
2230   0.7610
2231   0.7610
2232   0.7610
2233   0.7610
2234   0.7610
2235   0.7610
2236   0.7610
2237   0.7610
2238   0.7610
2239   0.7610
2240   0.7610
2241   0.7610
2242   0.7610
2243   0.7610
2244   0.7610
2245   0.7610
2246   0.7610
2247   0.7610
2248   0.7610
2249   0.7610
2250   0.7610
2251   0.7610
2252   0.7610
2253   0.7610
2254   0.7610
2255   0.7610
2256   0.7610
2257   0.7610
2258   0.7610
2259   0.7610
2260   0.7610
2261   0.7610
2262   0.7610
2263   0.7610
2264   0.7610
2265   0.7610
2266   0.7610
2267   0.7610
2268   0.7610
2269   0.7610
2270   0.7610
2271   0.7610
2272   0.7610
2273   0.7610
2274   0.7610
2275   0.7610
2276   0.7610
2277   0.7610
2278   0.7610
2279   0.7610
2280   0.7610
2281   0.7610
2282   0.7610
2283   0.7610
2284   0.7610
2285   0.7610
2286   0.7610
2287   0.7610
2288   0.7610
2289   0.7610
2290   0.7610
2291   0.7610
2292   0.7610
2293   0.7610
2294   0.7610
2295   0.7610
2296   0.7610
2297   0.7610
2298   0.7610
2299   0.7610
2300   0.7610
2301   0.7610
2302   0.7610
2303   0.7610
2304   0.7610
2305   0.7610
2306   0.7610
2307   0.7610
2308   0.7610
2309   0.7610
2310   0.7610
2311   0.7610
2312   0.7610
2313   0.7610
2314   0.7610
2315   0.7610
2316   0.7610
2317   0.7610
2318   0.7610
2319   0.7610
2320   0.7610
2321   0.7610
2322   0.7610
2323   0.7610
2324   0.7610
2325   0.7610
2326   0.7610
2327   0.7610
2328   0.7610
2329   0.7610
2330   0.7610
2331   0.7610
2332   0.7610
2333   0.7610
2334   0.7610
2335   0.7610
2336   0.7610
2337   0.7610
2338   0.7610
2339   0.7610
2340   0.7610
2341   0.7610
2342   0.7610
2343   0.7610
2344   0.7610
2345   0.7610
2346   0.7610
2347   0.7610
2348   0.7610
2349   0.7610
2350   0.7610
2351   0.7610
2352   0.7610
2353   0.7610
2354   0.7610
2355   0.7610
2356   0.7610
2357   0.7610
2358   0.7610
2359   0.7610
2360   0.7610
2361   0.7610
2362   0.7610
2363   0.7610
2364   0.7610
2365   0.7610
2366   0.7610
2367   0.7610
2368   0.7610
2369   0.7610
2370   0.7610
2371   0.7610
2372   0.7610
2373   0.7610
2374   0.7610
2375   0.7610
2376   0.7610
2377   0.7610
2378   0.7610
2379   0.7610
2380   0.7610
2381   0.7610
2382   0.7610
2383   0.7610
2384   0.7610
2385   0.7610
2386   0.7610
2387   0.7610
2388   0.7610
2389   0.7610
2390   0.7610
2391   0.7610
2392   0.7610
2393   0.7610
2394   0.7610
2395   0.7610
2396   0.7610
2397   0.7610
2398   0.7610
2399   0.7610
2400   0.7610
2401   0.7610
2402   0.7610
2403   0.7610
2404   0.7610
2405   0.7610
2406   0.7610
2407   0.7610
2408   0.7610
2409   0.7610
2410   0.7610
2411   0.7610
2412   0.7610
2413   0.7610
2414   0.7610
2415   0.7610
2416   0.7610
2417   0.7610
2418   0.7610
2419   0.7610
2420   0.7610
2421   0.7610
2422   0.7610
2423   0.7610
2424   0.7610
2425   0.7610
2426   0.7610
2427   0.7610
2428   0.7610
2429   0.7610
2430   0.7610
2431   0.7610
2432   0.7610
2433   0.7610
2434   0.7610
2435   0.7610
2436   0.7610
2437   0.7610
2438   0.7610
2439   0.7610
2440   0.7610
2441   0.7610
2442   0.7610
2443   0.7610
2444   0.7610
2445   0.7610
2446   0.7610
2447   0.7610
2448   0.7610
2449   0.7610
2450   0.7610
2451   0.7610
2452   0.7610
2453   0.7610
2454   0.7610
2455   0.7610
2456   0.7610
2457   0.7610
2458   0.7610
2459   0.7610
2460   0.7610
2461   0.7610
2462   0.7610
2463   0.7610
2464   0.7610
2465   0.7610
2466   0.7610
2467   0.7610
2468   0.7610
2469   0.7610
2470   0.7610
2471   0.7610
2472   0.7610
2473   0.7610
2474   0.7610
2475   0.7610
2476   0.7610
2477   0.7610
2478   0.7610
2479   0.7610
2480   0.7610
2481   0.7610
2482   0.7610
2483   0.7610
2484   0.7610
2485   0.7610
2486   0.7610
2487   0.7610
2488   0.7610
2489   0.7610
2490   0.7610
2491   0.7610
2492   0.7610
2493   0.7610
2494   0.7610
2495   0.7610
2496   0.7610
2497   0.7610
2498   0.7610
2499   0.7610
2500   0.7610
2501   0.7610
2502   0.7610
2503   0.7610
2504   0.7610
2505   0.7610
2506   0.7610
2507   0.7610
2508   0.7610
2509   0.7610
2510   0.7610
2511   0.7610
2512   0.7610
2513   0.7610
2514   0.7610
2515   0.7610
2516   0.7610
2517   0.7610
2518   0.7610
2519   0.7610
2520   0.7610
2521   0.7610
2522   0.7610
2523   0.7610
2524   0.7610
2525   0.7610
2526   0.7610
2527   0.7610
2528   0.7610
2529   0.7610
2530   0.7610
2531   0.7610
2532   0.7610
2533   0.7610
2534   0.7610
2535   0.7610
2536   0.7610
2537   0.7610
2538   0.7610
2539   0.7610
2540   0.7610
2541   0.7610
2542   0.7610
2543   0.7610
2544   0.7610
2545   0.7610
2546   0.7610
2547   0.7610
2548   0.7610
2549   0.7610
2550   0.7610
2551   0.7610
2552   0.7610
2553   0.7610
2554   0.7610
2555   0.7610
2556   0.7610
2557   0.7610
2558   0.7610
2559   0.7610
2560   0.7610
2561   0.7610
2562   0.7610
2563   0.7610
2564   0.7610
2565   0.7610
2566   0.7610
2567   0.7610
2568   0.7610
2569   0.7610
2570   0.7610
2571   0.7610
2572   0.7610
2573   0.7610
2574   0.7610
2575   0.7610
2576   0.7610
2577   0.7610
2578   0.7610
2579   0.7610
2580   0.7610
2581   0.7610
2582   0.7610
2583   0.7610
2584   0.7610
2585   0.7610
2586   0.7610
2587   0.7610
2588   0.7610
2589   0.7610
2590   0.7610
2591   0.7610
2592   0.7610
2593   0.7610
2594   0.7610
2595   0.7610
2596   0.7610
2597   0.7610
2598   0.7610
2599   0.7610
2600   0.7610
2601   0.7610
2602   0.7610
2603   0.7610
2604   0.7610
2605   0.7610
2606   0.7610
2607   0.7610
2608   0.7610
2609   0.7610
2610   0.7610
2611   0.7610
2612   0.7610
2613   0.7610
2614   0.7610
2615   0.7610
2616   0.7610
2617   0.7610
2618   0.7610
2619   0.7610
2620   0.7610
2621   0.7610
2622   0.7610
2623   0.7610
2624   0.7610
2625   0.7610
2626   0.7610
2627   0.7610
2628   0.7610
2629   0.7610
2630   0.7610
2631   0.7610
2632   0.7610
2633   0.7610
2634   0.7610
2635   0.7610
2636   0.7610
2637   0.7610
2638   0.7610
2639   0.7610
2640   0.7610
2641   0.7610
2642   0.7610
2643   0.7610
2644   0.7610
2645   0.7610
2646   0.7610
2647   0.7610
2648   0.7610
2649   0.7610
2650   0.7610
2651   0.7610
2652   0.7610
2653   0.7610
2654   0.7610
2655   0.7610
2656   0.7610
2657   0.7610
2658   0.7610
2659   0.7610
2660   0.7610
2661   0.7610
2662   0.7610
2663   0.7610
2664   0.7610
2665   0.7610
2666   0.7610
2667   0.7610
2668   0.7610
2669   0.7610
2670   0.7610
2671   0.7610
2672   0.7610
2673   0.7610
2674   0.7610
2675   0.7610
2676   0.7610
2677   0.7610
2678   0.7610
2679   0.7610
2680   0.7610
2681   0.7610
2682   0.7610
2683   0.7610
2684   0.7610
2685   0.7610
2686   0.7610
2687   0.7610
2688   0.7610
2689   0.7610
2690   0.7610
2691   0.7610
2692   0.7610
2693   0.7610
2694   0.7610
2695   0.7610
2696   0.7610
2697   0.7610
2698   0.7610
2699   0.7610
2700   0.7610
2701   0.7610
2702   0.7610
2703   0.7610
2704   0.7610
2705   0.7610
2706   0.7610
2707   0.7610
2708   0.7610
2709   0.7610
2710   0.7610
2711   0.7610
2712   0.7610
2713   0.7610
2714   0.7610
2715   0.7610
2716   0.7610
2717   0.7610
2718   0.7610
2719   0.7610
2720   0.7610
2721   0.7610
2722   0.7610
2723   0.7610
2724   0.7610
2725   0.7610
2726   0.7610
2727   0.7610
2728   0.7610
2729   0.7610
2730   0.7610
2731   0.7610
2732   0.7610
2733   0.7610
2734   0.7610
2735   0.7610
2736   0.7610
2737   0.7610
2738   0.7610
2739   0.7610
2740   0.7610
2741   0.7610
2742   0.7610
2743   0.7610
2744   0.7610
2745   0.7610
2746   0.7610
2747   0.7610
2748   0.7610
2749   0.7610
2750   0.7610
2751   0.7610
2752   0.7610
2753   0.7610
2754   0.7610
2755   0.7610
2756   0.7610
2757   0.7610
2758   0.7610
2759   0.7610
2760   0.7610
2761   0.7610
2762   0.7610
2763   0.7610
2764   0.7610
2765   0.7610
2766   0.7610
2767   0.7610
2768   0.7610
2769   0.7610
2770   0.7610
2771   0.7610
2772   0.7610
2773   0.7610
2774   0.7610
2775   0.7610
2776   0.7610
2777   0.7610
2778   0.7610
2779   0.7610
2780   0.7610
2781   0.7610
2782   0.7610
2783   0.7610
2784   0.7610
2785   0.7610
2786   0.7610
2787   0.7610
2788   0.7610
2789   0.7610
2790   0.7610
2791   0.7610
2792   0.7610
2793   0.7610
2794   0.7610
2795   0.7610
2796   0.7610
2797   0.7610
2798   0.7610
2799   0.7610
2800   0.7610
2801   0.7610
2802   0.7610
2803   0.7610
2804   0.7610
2805   0.7610
2806   0.7610
2807   0.7610
2808   0.7610
2809   0.7610
2810   0.7610
2811   0.7610
2812   0.7610
2813   0.7610
2814   0.7610
2815   0.7610
2816   0.7610
2817   0.7610
2818   0.7610
2819   0.7610
2820   0.7610
2821   0.7610
2822   0.7610
2823   0.7610
2824   0.7610
2825   0.7610
2826   0.7610
2827   0.7610
2828   0.7610
2829   0.7610
2830   0.7610
2831   0.7610
2832   0.7610
2833   0.7610
2834   0.7610
2835   0.7610
2836   0.7610
2837   0.7610
2838   0.7610
2839   0.7610
2840   0.7610
2841   0.7610
2842   0.7610
2843   0.7610
2844   0.7610
2845   0.7610
2846   0.7610
2847   0.7610
2848   0.7610
2849   0.7610
2850   0.7610
2851   0.7610
2852   0.7610
2853   0.7610
2854   0.7610
2855   0.7610
2856   0.7610
2857   0.7610
2858   0.7610
2859   0.7610
2860   0.7610
2861   0.7610
2862   0.7610
2863   0.7610
2864   0.7610
2865   0.7610
2866   0.7610
2867   0.7610
2868   0.7610
2869   0.7610
2870   0.7610
2871   0.7610
2872   0.7610
2873   0.7610
2874   0.7610
2875   0.7610
2876   0.7610
2877   0.7610
2878   0.7610
2879   0.7610
2880   0.7610
2881   0.7610
2882   0.7610
2883   0.7610
2884   0.7610
2885   0.7610
2886   0.7610
2887   0.7610
2888   0.7610
2889   0.7610
2890   0.7610
2891   0.7610
2892   0.7610
2893   0.7610
2894   0.7610
2895   0.7610
2896   0.7610
2897   0.7610
2898   0.7610
2899   0.7610
2900   0.7607
2901   0.7607
2902   0.7607
2903   0.7607
2904   0.7607
2905   0.7607
2906   0.7607
2907   0.7607
2908   0.7607
2909   0.7607
2910   0.7607
2911   0.7607
2912   0.7607
2913   0.7607
2914   0.7607
2915   0.7607
2916   0.7607
2917   0.7607
2918   0.7607
2919   0.7607
2920   0.7607
2921   0.7607
2922   0.7607
2923   0.7607
2924   0.7607
2925   0.7607
2926   0.7607
2927   0.7607
2928   0.7607
2929   0.7607
2930   0.7607
2931   0.7607
2932   0.7607
2933   0.7607
2934   0.7607
2935   0.7607
2936   0.7607
2937   0.7607
2938   0.7607
2939   0.7607
2940   0.7607
2941   0.7607
2942   0.7607
2943   0.7607
2944   0.7607
2945   0.7607
2946   0.7607
2947   0.7607
2948   0.7607
2949   0.7607
2950   0.7607
2951   0.7607
2952   0.7607
2953   0.7607
2954   0.7607
2955   0.7607
2956   0.7607
2957   0.7607
2958   0.7607
2959   0.7607
2960   0.7607
2961   0.7607
2962   0.7607
2963   0.7607
2964   0.7607
2965   0.7607
2966   0.7607
2967   0.7607
2968   0.7607
2969   0.7607
2970   0.7607
2971   0.7607
2972   0.7607
2973   0.7607
2974   0.7607
2975   0.7607
2976   0.7607
2977   0.7607
2978   0.7607
2979   0.7607
2980   0.7607
2981   0.7607
2982   0.7607
2983   0.7607
2984   0.7607
2985   0.7607
2986   0.7607
2987   0.7607
2988   0.7607
2989   0.7607
2990   0.7607
2991   0.7607
2992   0.7607
2993   0.7607
2994   0.7607
2995   0.7607
2996   0.7607
2997   0.7607
2998   0.7607
2999   0.7607
3000   0.7607
