1   1.3367
2   1.3367
3   1.3367
4   1.2820
5   1.1263
6   1.1263
7   1.1263
8   1.1263
9   1.1263
10   1.1263
11   1.1263
12   1.0518
13   1.0518
14   1.0518
15   1.0518
16   1.0518
17   1.0518
18   1.0518
19   1.0518
20   1.0518
21   1.0518
22   1.0518
23   1.0518
24   1.0427
25   1.0427
26   1.0427
27   1.0427
28   0.9973
29   0.9973
30   0.9943
31   0.9943
32   0.9943
33   0.9943
34   0.9943
35   0.9943
36   0.9943
37   0.9943
38   0.9943
39   0.9943
40   0.9943
41   0.9943
42   0.9943
43   0.9943
44   0.9943
45   0.9943
46   0.9943
47   0.9943
48   0.9943
49   0.9943
50   0.9943
51   0.9943
52   0.9943
53   0.9943
54   0.9943
55   0.9943
56   0.9943
57   0.9943
58   0.9943
59   0.9943
60   0.9943
61   0.9930
62   0.9930
63   0.9930
64   0.9930
65   0.9930
66   0.9930
67   0.9930
68   0.9930
69   0.9930
70   0.9930
71   0.9930
72   0.9930
73   0.9930
74   0.9930
75   0.9930
76   0.9930
77   0.9930
78   0.9930
79   0.9930
80   0.9930
81   0.9930
82   0.9930
83   0.9930
84   0.8671
85   0.8671
86   0.8671
87   0.8671
88   0.8671
89   0.8671
90   0.8671
91   0.8671
92   0.8671
93   0.8645
94   0.8435
95   0.8435
96   0.8424
97   0.8424
98   0.8424
99   0.8424
100   0.8424
101   0.8424
102   0.8424
103   0.8343
104   0.8343
105   0.8343
106   0.8343
107   0.8343
108   0.8343
109   0.8343
110   0.8343
111   0.8343
112   0.8343
113   0.8343
114   0.8343
115   0.8343
116   0.8343
117   0.8343
118   0.8305
119   0.8305
120   0.8305
121   0.8287
122   0.8287
123   0.8274
124   0.8274
125   0.8274
126   0.8274
127   0.8274
128   0.8274
129   0.8274
130   0.8274
131   0.8274
132   0.8274
133   0.8274
134   0.8274
135   0.8274
136   0.8274
137   0.8274
138   0.8274
139   0.8274
140   0.8274
141   0.8274
142   0.8274
143   0.8044
144   0.8044
145   0.8044
146   0.8044
147   0.8044
148   0.8044
149   0.8044
150   0.8044
151   0.8044
152   0.8044
153   0.8044
154   0.8044
155   0.7933
156   0.7933
157   0.7933
158   0.7933
159   0.7933
160   0.7933
161   0.7933
162   0.7933
163   0.7933
164   0.7933
165   0.7933
166   0.7933
167   0.7933
168   0.7933
169   0.7933
170   0.7933
171   0.7933
172   0.7933
173   0.7933
174   0.7933
175   0.7933
176   0.7933
177   0.7933
178   0.7933
179   0.7933
180   0.7933
181   0.7933
182   0.7933
183   0.7933
184   0.7933
185   0.7933
186   0.7933
187   0.7933
188   0.7933
189   0.7933
190   0.7933
191   0.7933
192   0.7933
193   0.7933
194   0.7933
195   0.7933
196   0.7933
197   0.7917
198   0.7917
199   0.7917
200   0.7917
201   0.7917
202   0.7917
203   0.7917
204   0.7917
205   0.7917
206   0.7917
207   0.7917
208   0.7917
209   0.7917
210   0.7892
211   0.7892
212   0.7892
213   0.7892
214   0.7892
215   0.7892
216   0.7892
217   0.7892
218   0.7892
219   0.7892
220   0.7892
221   0.7892
222   0.7892
223   0.7892
224   0.7892
225   0.7892
226   0.7892
227   0.7892
228   0.7892
229   0.7892
230   0.7892
231   0.7892
232   0.7892
233   0.7892
234   0.7892
235   0.7892
236   0.7892
237   0.7892
238   0.7892
239   0.7892
240   0.7892
241   0.7892
242   0.7892
243   0.7892
244   0.7892
245   0.7892
246   0.7892
247   0.7892
248   0.7892
249   0.7892
250   0.7892
251   0.7892
252   0.7892
253   0.7892
254   0.7892
255   0.7835
256   0.7835
257   0.7835
258   0.7835
259   0.7835
260   0.7835
261   0.7835
262   0.7835
263   0.7835
264   0.7835
265   0.7835
266   0.7835
267   0.7835
268   0.7835
269   0.7835
270   0.7835
271   0.7835
272   0.7835
273   0.7835
274   0.7835
275   0.7835
276   0.7835
277   0.7835
278   0.7835
279   0.7835
280   0.7835
281   0.7835
282   0.7835
283   0.7835
284   0.7835
285   0.7835
286   0.7835
287   0.7835
288   0.7835
289   0.7835
290   0.7835
291   0.7835
292   0.7835
293   0.7835
294   0.7835
295   0.7835
296   0.7835
297   0.7835
298   0.7835
299   0.7835
300   0.7835
301   0.7835
302   0.7835
303   0.7835
304   0.7835
305   0.7835
306   0.7835
307   0.7835
308   0.7835
309   0.7835
310   0.7835
311   0.7835
312   0.7835
313   0.7835
314   0.7835
315   0.7835
316   0.7835
317   0.7835
318   0.7835
319   0.7835
320   0.7835
321   0.7835
322   0.7835
323   0.7835
324   0.7835
325   0.7835
326   0.7835
327   0.7835
328   0.7835
329   0.7835
330   0.7835
331   0.7835
332   0.7835
333   0.7835
334   0.7835
335   0.7835
336   0.7835
337   0.7835
338   0.7835
339   0.7835
340   0.7835
341   0.7835
342   0.7835
343   0.7835
344   0.7835
345   0.7835
346   0.7835
347   0.7835
348   0.7835
349   0.7835
350   0.7835
351   0.7835
352   0.7835
353   0.7835
354   0.7835
355   0.7835
356   0.7835
357   0.7835
358   0.7835
359   0.7835
360   0.7835
361   0.7835
362   0.7835
363   0.7835
364   0.7835
365   0.7835
366   0.7835
367   0.7835
368   0.7835
369   0.7835
370   0.7835
371   0.7835
372   0.7835
373   0.7835
374   0.7835
375   0.7835
376   0.7835
377   0.7835
378   0.7835
379   0.7835
380   0.7835
381   0.7835
382   0.7835
383   0.7835
384   0.7835
385   0.7835
386   0.7835
387   0.7835
388   0.7835
389   0.7835
390   0.7835
391   0.7835
392   0.7835
393   0.7835
394   0.7835
395   0.7835
396   0.7835
397   0.7835
398   0.7835
399   0.7835
400   0.7835
401   0.7835
402   0.7835
403   0.7835
404   0.7835
405   0.7835
406   0.7835
407   0.7835
408   0.7835
409   0.7835
410   0.7835
411   0.7835
412   0.7835
413   0.7835
414   0.7835
415   0.7835
416   0.7835
417   0.7835
418   0.7835
419   0.7835
420   0.7835
421   0.7835
422   0.7835
423   0.7835
424   0.7835
425   0.7835
426   0.7835
427   0.7835
428   0.7835
429   0.7835
430   0.7835
431   0.7835
432   0.7835
433   0.7835
434   0.7835
435   0.7835
436   0.7835
437   0.7835
438   0.7811
439   0.7798
440   0.7798
441   0.7798
442   0.7798
443   0.7798
444   0.7798
445   0.7798
446   0.7798
447   0.7798
448   0.7798
449   0.7798
450   0.7798
451   0.7798
452   0.7798
453   0.7798
454   0.7798
455   0.7798
456   0.7798
457   0.7798
458   0.7798
459   0.7798
460   0.7798
461   0.7798
462   0.7798
463   0.7798
464   0.7798
465   0.7798
466   0.7798
467   0.7798
468   0.7798
469   0.7798
470   0.7798
471   0.7798
472   0.7798
473   0.7798
474   0.7798
475   0.7798
476   0.7798
477   0.7798
478   0.7798
479   0.7798
480   0.7798
481   0.7798
482   0.7798
483   0.7798
484   0.7798
485   0.7798
486   0.7798
487   0.7798
488   0.7798
489   0.7798
490   0.7798
491   0.7798
492   0.7798
493   0.7798
494   0.7798
495   0.7785
496   0.7785
497   0.7785
498   0.7785
499   0.7785
500   0.7785
501   0.7785
502   0.7785
503   0.7785
504   0.7785
505   0.7785
506   0.7785
507   0.7785
508   0.7785
509   0.7785
510   0.7785
511   0.7785
512   0.7785
513   0.7785
514   0.7785
515   0.7785
516   0.7785
517   0.7785
518   0.7785
519   0.7785
520   0.7785
521   0.7785
522   0.7785
523   0.7785
524   0.7785
525   0.7785
526   0.7785
527   0.7785
528   0.7785
529   0.7785
530   0.7785
531   0.7785
532   0.7785
533   0.7785
534   0.7785
535   0.7785
536   0.7785
537   0.7785
538   0.7785
539   0.7785
540   0.7785
541   0.7785
542   0.7785
543   0.7785
544   0.7785
545   0.7781
546   0.7781
547   0.7781
548   0.7781
549   0.7781
550   0.7781
551   0.7781
552   0.7779
553   0.7779
554   0.7779
555   0.7779
556   0.7779
557   0.7779
558   0.7779
559   0.7779
560   0.7779
561   0.7779
562   0.7779
563   0.7779
564   0.7779
565   0.7779
566   0.7779
567   0.7779
568   0.7779
569   0.7779
570   0.7779
571   0.7779
572   0.7779
573   0.7779
574   0.7779
575   0.7779
576   0.7779
577   0.7779
578   0.7779
579   0.7779
580   0.7779
581   0.7779
582   0.7779
583   0.7779
584   0.7779
585   0.7779
586   0.7779
587   0.7779
588   0.7779
589   0.7779
590   0.7779
591   0.7779
592   0.7779
593   0.7779
594   0.7779
595   0.7779
596   0.7779
597   0.7779
598   0.7779
599   0.7779
600   0.7779
601   0.7779
602   0.7779
603   0.7779
604   0.7779
605   0.7779
606   0.7779
607   0.7779
608   0.7779
609   0.7779
610   0.7779
611   0.7779
612   0.7779
613   0.7779
614   0.7779
615   0.7779
616   0.7779
617   0.7779
618   0.7779
619   0.7779
620   0.7779
621   0.7779
622   0.7779
623   0.7779
624   0.7779
625   0.7779
626   0.7779
627   0.7779
628   0.7779
629   0.7779
630   0.7779
631   0.7779
632   0.7779
633   0.7779
634   0.7779
635   0.7779
636   0.7779
637   0.7779
638   0.7779
639   0.7779
640   0.7779
641   0.7779
642   0.7779
643   0.7779
644   0.7779
645   0.7779
646   0.7779
647   0.7779
648   0.7779
649   0.7779
650   0.7779
651   0.7779
652   0.7779
653   0.7779
654   0.7779
655   0.7779
656   0.7779
657   0.7779
658   0.7779
659   0.7779
660   0.7779
661   0.7779
662   0.7779
663   0.7779
664   0.7779
665   0.7779
666   0.7779
667   0.7779
668   0.7779
669   0.7779
670   0.7779
671   0.7779
672   0.7779
673   0.7779
674   0.7779
675   0.7779
676   0.7779
677   0.7779
678   0.7779
679   0.7779
680   0.7779
681   0.7779
682   0.7779
683   0.7779
684   0.7779
685   0.7779
686   0.7779
687   0.7779
688   0.7779
689   0.7779
690   0.7779
691   0.7779
692   0.7779
693   0.7779
694   0.7779
695   0.7779
696   0.7779
697   0.7779
698   0.7779
699   0.7779
700   0.7779
701   0.7779
702   0.7779
703   0.7779
704   0.7779
705   0.7779
706   0.7779
707   0.7779
708   0.7779
709   0.7779
710   0.7779
711   0.7779
712   0.7779
713   0.7779
714   0.7779
715   0.7779
716   0.7779
717   0.7779
718   0.7779
719   0.7779
720   0.7779
721   0.7779
722   0.7779
723   0.7779
724   0.7779
725   0.7779
726   0.7779
727   0.7779
728   0.7772
729   0.7772
730   0.7772
731   0.7772
732   0.7772
733   0.7772
734   0.7772
735   0.7772
736   0.7772
737   0.7772
738   0.7772
739   0.7772
740   0.7772
741   0.7772
742   0.7772
743   0.7772
744   0.7772
745   0.7772
746   0.7772
747   0.7772
748   0.7772
749   0.7772
750   0.7772
751   0.7772
752   0.7772
753   0.7772
754   0.7772
755   0.7772
756   0.7772
757   0.7772
758   0.7772
759   0.7772
760   0.7772
761   0.7772
762   0.7772
763   0.7772
764   0.7772
765   0.7772
766   0.7772
767   0.7772
768   0.7772
769   0.7772
770   0.7772
771   0.7772
772   0.7772
773   0.7772
774   0.7772
775   0.7772
776   0.7772
777   0.7772
778   0.7772
779   0.7772
780   0.7772
781   0.7772
782   0.7772
783   0.7772
784   0.7772
785   0.7772
786   0.7772
787   0.7772
788   0.7772
789   0.7772
790   0.7772
791   0.7772
792   0.7772
793   0.7772
794   0.7772
795   0.7772
796   0.7772
797   0.7772
798   0.7772
799   0.7772
800   0.7772
801   0.7772
802   0.7772
803   0.7772
804   0.7772
805   0.7772
806   0.7772
807   0.7772
808   0.7772
809   0.7772
810   0.7772
811   0.7772
812   0.7772
813   0.7772
814   0.7772
815   0.7772
816   0.7772
817   0.7772
818   0.7772
819   0.7772
820   0.7772
821   0.7772
822   0.7772
823   0.7772
824   0.7772
825   0.7772
826   0.7772
827   0.7772
828   0.7772
829   0.7772
830   0.7772
831   0.7772
832   0.7772
833   0.7772
834   0.7772
835   0.7772
836   0.7772
837   0.7772
838   0.7772
839   0.7772
840   0.7772
841   0.7772
842   0.7772
843   0.7772
844   0.7772
845   0.7772
846   0.7772
847   0.7772
848   0.7772
849   0.7772
850   0.7772
851   0.7772
852   0.7772
853   0.7772
854   0.7772
855   0.7772
856   0.7772
857   0.7772
858   0.7772
859   0.7772
860   0.7772
861   0.7772
862   0.7772
863   0.7772
864   0.7772
865   0.7772
866   0.7772
867   0.7772
868   0.7772
869   0.7772
870   0.7772
871   0.7772
872   0.7772
873   0.7772
874   0.7772
875   0.7765
876   0.7765
877   0.7765
878   0.7765
879   0.7765
880   0.7765
881   0.7765
882   0.7765
883   0.7765
884   0.7765
885   0.7765
886   0.7765
887   0.7765
888   0.7765
889   0.7765
890   0.7765
891   0.7765
892   0.7765
893   0.7765
894   0.7765
895   0.7765
896   0.7765
897   0.7765
898   0.7765
899   0.7765
900   0.7765
901   0.7765
902   0.7765
903   0.7765
904   0.7765
905   0.7765
906   0.7765
907   0.7765
908   0.7765
909   0.7765
910   0.7765
911   0.7765
912   0.7765
913   0.7765
914   0.7765
915   0.7765
916   0.7765
917   0.7765
918   0.7765
919   0.7765
920   0.7765
921   0.7765
922   0.7765
923   0.7765
924   0.7765
925   0.7765
926   0.7765
927   0.7765
928   0.7765
929   0.7765
930   0.7765
931   0.7765
932   0.7765
933   0.7765
934   0.7765
935   0.7765
936   0.7765
937   0.7765
938   0.7765
939   0.7765
940   0.7765
941   0.7765
942   0.7765
943   0.7765
944   0.7765
945   0.7765
946   0.7765
947   0.7765
948   0.7765
949   0.7765
950   0.7765
951   0.7765
952   0.7765
953   0.7765
954   0.7765
955   0.7765
956   0.7765
957   0.7765
958   0.7765
959   0.7765
960   0.7765
961   0.7765
962   0.7765
963   0.7765
964   0.7765
965   0.7765
966   0.7765
967   0.7765
968   0.7765
969   0.7765
970   0.7765
971   0.7765
972   0.7765
973   0.7765
974   0.7765
975   0.7765
976   0.7765
977   0.7765
978   0.7765
979   0.7765
980   0.7765
981   0.7765
982   0.7765
983   0.7765
984   0.7765
985   0.7765
986   0.7765
987   0.7765
988   0.7765
989   0.7765
990   0.7765
991   0.7765
992   0.7765
993   0.7765
994   0.7765
995   0.7765
996   0.7765
997   0.7765
998   0.7765
999   0.7765
1000   0.7765
1001   0.7765
1002   0.7765
1003   0.7765
1004   0.7765
1005   0.7765
1006   0.7765
1007   0.7765
1008   0.7765
1009   0.7765
1010   0.7765
1011   0.7765
1012   0.7765
1013   0.7765
1014   0.7765
1015   0.7765
1016   0.7765
1017   0.7765
1018   0.7765
1019   0.7765
1020   0.7765
1021   0.7765
1022   0.7765
1023   0.7765
1024   0.7765
1025   0.7765
1026   0.7765
1027   0.7765
1028   0.7765
1029   0.7765
1030   0.7765
1031   0.7765
1032   0.7765
1033   0.7765
1034   0.7765
1035   0.7765
1036   0.7765
1037   0.7765
1038   0.7765
1039   0.7765
1040   0.7765
1041   0.7765
1042   0.7765
1043   0.7765
1044   0.7765
1045   0.7765
1046   0.7765
1047   0.7765
1048   0.7765
1049   0.7765
1050   0.7765
1051   0.7765
1052   0.7765
1053   0.7765
1054   0.7765
1055   0.7765
1056   0.7765
1057   0.7765
1058   0.7765
1059   0.7765
1060   0.7765
1061   0.7765
1062   0.7765
1063   0.7765
1064   0.7765
1065   0.7765
1066   0.7765
1067   0.7765
1068   0.7765
1069   0.7765
1070   0.7765
1071   0.7765
1072   0.7765
1073   0.7765
1074   0.7765
1075   0.7765
1076   0.7765
1077   0.7765
1078   0.7765
1079   0.7765
1080   0.7765
1081   0.7765
1082   0.7765
1083   0.7765
1084   0.7765
1085   0.7765
1086   0.7765
1087   0.7765
1088   0.7765
1089   0.7765
1090   0.7765
1091   0.7765
1092   0.7765
1093   0.7765
1094   0.7765
1095   0.7765
1096   0.7765
1097   0.7765
1098   0.7765
1099   0.7765
1100   0.7765
1101   0.7765
1102   0.7765
1103   0.7765
1104   0.7765
1105   0.7765
1106   0.7765
1107   0.7765
1108   0.7765
1109   0.7765
1110   0.7765
1111   0.7765
1112   0.7765
1113   0.7765
1114   0.7765
1115   0.7765
1116   0.7765
1117   0.7765
1118   0.7765
1119   0.7765
1120   0.7765
1121   0.7765
1122   0.7765
1123   0.7765
1124   0.7765
1125   0.7765
1126   0.7765
1127   0.7765
1128   0.7765
1129   0.7765
1130   0.7765
1131   0.7765
1132   0.7765
1133   0.7765
1134   0.7765
1135   0.7765
1136   0.7765
1137   0.7765
1138   0.7765
1139   0.7765
1140   0.7765
1141   0.7765
1142   0.7765
1143   0.7765
1144   0.7765
1145   0.7765
1146   0.7765
1147   0.7765
1148   0.7765
1149   0.7765
1150   0.7765
1151   0.7765
1152   0.7765
1153   0.7765
1154   0.7765
1155   0.7765
1156   0.7765
1157   0.7765
1158   0.7765
1159   0.7765
1160   0.7765
1161   0.7765
1162   0.7765
1163   0.7765
1164   0.7765
1165   0.7765
1166   0.7765
1167   0.7765
1168   0.7765
1169   0.7765
1170   0.7765
1171   0.7765
1172   0.7765
1173   0.7765
1174   0.7765
1175   0.7765
1176   0.7765
1177   0.7765
1178   0.7765
1179   0.7765
1180   0.7765
1181   0.7765
1182   0.7765
1183   0.7765
1184   0.7765
1185   0.7765
1186   0.7765
1187   0.7765
1188   0.7765
1189   0.7765
1190   0.7765
1191   0.7748
1192   0.7748
1193   0.7731
1194   0.7731
1195   0.7731
1196   0.7731
1197   0.7731
1198   0.7731
1199   0.7731
1200   0.7731
1201   0.7731
1202   0.7724
1203   0.7724
1204   0.7724
1205   0.7724
1206   0.7724
1207   0.7724
1208   0.7724
1209   0.7724
1210   0.7724
1211   0.7724
1212   0.7724
1213   0.7724
1214   0.7724
1215   0.7724
1216   0.7724
1217   0.7724
1218   0.7724
1219   0.7724
1220   0.7724
1221   0.7724
1222   0.7724
1223   0.7724
1224   0.7724
1225   0.7724
1226   0.7724
1227   0.7724
1228   0.7724
1229   0.7724
1230   0.7724
1231   0.7724
1232   0.7724
1233   0.7686
1234   0.7686
1235   0.7686
1236   0.7638
1237   0.7638
1238   0.7638
1239   0.7638
1240   0.7638
1241   0.7638
1242   0.7638
1243   0.7638
1244   0.7638
1245   0.7638
1246   0.7638
1247   0.7638
1248   0.7638
1249   0.7638
1250   0.7638
1251   0.7638
1252   0.7638
1253   0.7638
1254   0.7638
1255   0.7638
1256   0.7638
1257   0.7638
1258   0.7638
1259   0.7638
1260   0.7638
1261   0.7638
1262   0.7638
1263   0.7638
1264   0.7638
1265   0.7638
1266   0.7638
1267   0.7638
1268   0.7638
1269   0.7638
1270   0.7638
1271   0.7638
1272   0.7638
1273   0.7638
1274   0.7638
1275   0.7638
1276   0.7638
1277   0.7638
1278   0.7638
1279   0.7638
1280   0.7638
1281   0.7638
1282   0.7638
1283   0.7638
1284   0.7638
1285   0.7638
1286   0.7638
1287   0.7638
1288   0.7638
1289   0.7638
1290   0.7638
1291   0.7638
1292   0.7638
1293   0.7638
1294   0.7638
1295   0.7638
1296   0.7638
1297   0.7638
1298   0.7638
1299   0.7638
1300   0.7638
1301   0.7638
1302   0.7638
1303   0.7638
1304   0.7638
1305   0.7638
1306   0.7638
1307   0.7638
1308   0.7638
1309   0.7638
1310   0.7638
1311   0.7638
1312   0.7638
1313   0.7638
1314   0.7638
1315   0.7638
1316   0.7638
1317   0.7638
1318   0.7638
1319   0.7638
1320   0.7638
1321   0.7638
1322   0.7638
1323   0.7638
1324   0.7638
1325   0.7638
1326   0.7638
1327   0.7638
1328   0.7638
1329   0.7638
1330   0.7638
1331   0.7638
1332   0.7638
1333   0.7638
1334   0.7638
1335   0.7638
1336   0.7638
1337   0.7638
1338   0.7638
1339   0.7638
1340   0.7638
1341   0.7638
1342   0.7638
1343   0.7638
1344   0.7638
1345   0.7638
1346   0.7638
1347   0.7638
1348   0.7638
1349   0.7638
1350   0.7638
1351   0.7638
1352   0.7638
1353   0.7638
1354   0.7638
1355   0.7638
1356   0.7638
1357   0.7638
1358   0.7638
1359   0.7638
1360   0.7638
1361   0.7638
1362   0.7638
1363   0.7638
1364   0.7638
1365   0.7638
1366   0.7638
1367   0.7638
1368   0.7638
1369   0.7638
1370   0.7638
1371   0.7638
1372   0.7638
1373   0.7638
1374   0.7638
1375   0.7638
1376   0.7638
1377   0.7638
1378   0.7638
1379   0.7638
1380   0.7638
1381   0.7638
1382   0.7638
1383   0.7638
1384   0.7638
1385   0.7638
1386   0.7638
1387   0.7638
1388   0.7638
1389   0.7638
1390   0.7638
1391   0.7638
1392   0.7638
1393   0.7582
1394   0.7582
1395   0.7582
1396   0.7582
1397   0.7582
1398   0.7582
1399   0.7582
1400   0.7582
1401   0.7582
1402   0.7582
1403   0.7582
1404   0.7582
1405   0.7582
1406   0.7582
1407   0.7582
1408   0.7582
1409   0.7582
1410   0.7582
1411   0.7582
1412   0.7582
1413   0.7582
1414   0.7582
1415   0.7582
1416   0.7582
1417   0.7582
1418   0.7582
1419   0.7582
1420   0.7582
1421   0.7582
1422   0.7582
1423   0.7582
1424   0.7582
1425   0.7582
1426   0.7582
1427   0.7582
1428   0.7582
1429   0.7582
1430   0.7582
1431   0.7582
1432   0.7582
1433   0.7582
1434   0.7582
1435   0.7582
1436   0.7582
1437   0.7582
1438   0.7582
1439   0.7582
1440   0.7582
1441   0.7582
1442   0.7582
1443   0.7582
1444   0.7582
1445   0.7582
1446   0.7582
1447   0.7582
1448   0.7582
1449   0.7582
1450   0.7582
1451   0.7578
1452   0.7578
1453   0.7578
1454   0.7578
1455   0.7578
1456   0.7578
1457   0.7578
1458   0.7578
1459   0.7578
1460   0.7578
1461   0.7578
1462   0.7578
1463   0.7578
1464   0.7578
1465   0.7578
1466   0.7578
1467   0.7578
1468   0.7578
1469   0.7578
1470   0.7578
1471   0.7578
1472   0.7578
1473   0.7578
1474   0.7578
1475   0.7578
1476   0.7578
1477   0.7578
1478   0.7578
1479   0.7578
1480   0.7578
1481   0.7578
1482   0.7578
1483   0.7578
1484   0.7578
1485   0.7578
1486   0.7578
1487   0.7578
1488   0.7578
1489   0.7578
1490   0.7578
1491   0.7578
1492   0.7578
1493   0.7578
1494   0.7578
1495   0.7578
1496   0.7578
1497   0.7578
1498   0.7578
1499   0.7578
1500   0.7578
1501   0.7578
1502   0.7578
1503   0.7578
1504   0.7578
1505   0.7578
1506   0.7578
1507   0.7578
1508   0.7578
1509   0.7578
1510   0.7578
1511   0.7578
1512   0.7578
1513   0.7578
1514   0.7578
1515   0.7578
1516   0.7578
1517   0.7578
1518   0.7578
1519   0.7578
1520   0.7578
1521   0.7578
1522   0.7578
1523   0.7578
1524   0.7578
1525   0.7578
1526   0.7578
1527   0.7578
1528   0.7578
1529   0.7578
1530   0.7578
1531   0.7578
1532   0.7578
1533   0.7578
1534   0.7578
1535   0.7578
1536   0.7578
1537   0.7578
1538   0.7578
1539   0.7578
1540   0.7578
1541   0.7578
1542   0.7578
1543   0.7578
1544   0.7578
1545   0.7578
1546   0.7578
1547   0.7578
1548   0.7578
1549   0.7578
1550   0.7578
1551   0.7578
1552   0.7578
1553   0.7578
1554   0.7578
1555   0.7578
1556   0.7578
1557   0.7578
1558   0.7578
1559   0.7578
1560   0.7578
1561   0.7578
1562   0.7578
1563   0.7578
1564   0.7578
1565   0.7578
1566   0.7578
1567   0.7578
1568   0.7578
1569   0.7578
1570   0.7578
1571   0.7578
1572   0.7578
1573   0.7578
1574   0.7578
1575   0.7578
1576   0.7578
1577   0.7578
1578   0.7578
1579   0.7578
1580   0.7578
1581   0.7578
1582   0.7578
1583   0.7578
1584   0.7578
1585   0.7578
1586   0.7578
1587   0.7578
1588   0.7578
1589   0.7578
1590   0.7578
1591   0.7578
1592   0.7578
1593   0.7578
1594   0.7578
1595   0.7578
1596   0.7578
1597   0.7578
1598   0.7578
1599   0.7578
1600   0.7578
1601   0.7578
1602   0.7578
1603   0.7578
1604   0.7578
1605   0.7578
1606   0.7578
1607   0.7578
1608   0.7578
1609   0.7578
1610   0.7578
1611   0.7578
1612   0.7578
1613   0.7578
1614   0.7578
1615   0.7578
1616   0.7578
1617   0.7578
1618   0.7578
1619   0.7578
1620   0.7578
1621   0.7578
1622   0.7578
1623   0.7578
1624   0.7578
1625   0.7578
1626   0.7578
1627   0.7578
1628   0.7578
1629   0.7578
1630   0.7578
1631   0.7578
1632   0.7578
1633   0.7578
1634   0.7578
1635   0.7578
1636   0.7578
1637   0.7578
1638   0.7578
1639   0.7578
1640   0.7578
1641   0.7578
1642   0.7578
1643   0.7578
1644   0.7578
1645   0.7578
1646   0.7578
1647   0.7578
1648   0.7578
1649   0.7578
1650   0.7578
1651   0.7578
1652   0.7578
1653   0.7578
1654   0.7578
1655   0.7578
1656   0.7578
1657   0.7578
1658   0.7578
1659   0.7578
1660   0.7578
1661   0.7578
1662   0.7578
1663   0.7578
1664   0.7578
1665   0.7578
1666   0.7578
1667   0.7578
1668   0.7578
1669   0.7578
1670   0.7578
1671   0.7578
1672   0.7578
1673   0.7578
1674   0.7578
1675   0.7578
1676   0.7578
1677   0.7578
1678   0.7578
1679   0.7578
1680   0.7578
1681   0.7578
1682   0.7578
1683   0.7578
1684   0.7578
1685   0.7578
1686   0.7578
1687   0.7578
1688   0.7578
1689   0.7578
1690   0.7578
1691   0.7578
1692   0.7578
1693   0.7578
1694   0.7578
1695   0.7578
1696   0.7578
1697   0.7578
1698   0.7578
1699   0.7578
1700   0.7578
1701   0.7578
1702   0.7578
1703   0.7578
1704   0.7578
1705   0.7578
1706   0.7578
1707   0.7578
1708   0.7578
1709   0.7578
1710   0.7578
1711   0.7578
1712   0.7578
1713   0.7578
1714   0.7578
1715   0.7578
1716   0.7578
1717   0.7578
1718   0.7578
1719   0.7578
1720   0.7578
1721   0.7578
1722   0.7578
1723   0.7578
1724   0.7578
1725   0.7578
1726   0.7578
1727   0.7578
1728   0.7578
1729   0.7578
1730   0.7578
1731   0.7578
1732   0.7578
1733   0.7578
1734   0.7578
1735   0.7578
1736   0.7578
1737   0.7578
1738   0.7578
1739   0.7578
1740   0.7578
1741   0.7578
1742   0.7578
1743   0.7578
1744   0.7578
1745   0.7578
1746   0.7578
1747   0.7578
1748   0.7578
1749   0.7578
1750   0.7578
1751   0.7578
1752   0.7578
1753   0.7578
1754   0.7578
1755   0.7578
1756   0.7578
1757   0.7578
1758   0.7578
1759   0.7578
1760   0.7578
1761   0.7578
1762   0.7578
1763   0.7578
1764   0.7578
1765   0.7578
1766   0.7578
1767   0.7578
1768   0.7578
1769   0.7578
1770   0.7578
1771   0.7578
1772   0.7578
1773   0.7578
1774   0.7578
1775   0.7578
1776   0.7578
1777   0.7578
1778   0.7578
1779   0.7578
1780   0.7578
1781   0.7578
1782   0.7578
1783   0.7578
1784   0.7578
1785   0.7578
1786   0.7578
1787   0.7578
1788   0.7578
1789   0.7578
1790   0.7578
1791   0.7578
1792   0.7578
1793   0.7578
1794   0.7578
1795   0.7578
1796   0.7578
1797   0.7578
1798   0.7578
1799   0.7578
1800   0.7578
1801   0.7578
1802   0.7578
1803   0.7578
1804   0.7578
1805   0.7578
1806   0.7578
1807   0.7578
1808   0.7578
1809   0.7578
1810   0.7578
1811   0.7578
1812   0.7578
1813   0.7578
1814   0.7578
1815   0.7578
1816   0.7578
1817   0.7578
1818   0.7578
1819   0.7578
1820   0.7578
1821   0.7578
1822   0.7578
1823   0.7578
1824   0.7578
1825   0.7578
1826   0.7578
1827   0.7578
1828   0.7578
1829   0.7578
1830   0.7578
1831   0.7578
1832   0.7578
1833   0.7578
1834   0.7578
1835   0.7578
1836   0.7578
1837   0.7578
1838   0.7578
1839   0.7578
1840   0.7578
1841   0.7578
1842   0.7578
1843   0.7578
1844   0.7578
1845   0.7578
1846   0.7578
1847   0.7578
1848   0.7578
1849   0.7578
1850   0.7578
1851   0.7578
1852   0.7578
1853   0.7578
1854   0.7578
1855   0.7578
1856   0.7578
1857   0.7578
1858   0.7578
1859   0.7578
1860   0.7578
1861   0.7578
1862   0.7578
1863   0.7578
1864   0.7578
1865   0.7578
1866   0.7578
1867   0.7578
1868   0.7578
1869   0.7578
1870   0.7578
1871   0.7578
1872   0.7578
1873   0.7578
1874   0.7578
1875   0.7578
1876   0.7578
1877   0.7578
1878   0.7578
1879   0.7578
1880   0.7578
1881   0.7578
1882   0.7578
1883   0.7578
1884   0.7578
1885   0.7578
1886   0.7578
1887   0.7578
1888   0.7578
1889   0.7578
1890   0.7578
1891   0.7578
1892   0.7578
1893   0.7578
1894   0.7578
1895   0.7578
1896   0.7578
1897   0.7578
1898   0.7578
1899   0.7578
1900   0.7578
1901   0.7578
1902   0.7578
1903   0.7578
1904   0.7578
1905   0.7578
1906   0.7578
1907   0.7578
1908   0.7578
1909   0.7578
1910   0.7578
1911   0.7578
1912   0.7578
1913   0.7578
1914   0.7578
1915   0.7578
1916   0.7578
1917   0.7578
1918   0.7578
1919   0.7578
1920   0.7578
1921   0.7578
1922   0.7578
1923   0.7578
1924   0.7578
1925   0.7578
1926   0.7578
1927   0.7578
1928   0.7578
1929   0.7578
1930   0.7578
1931   0.7578
1932   0.7578
1933   0.7578
1934   0.7578
1935   0.7578
1936   0.7578
1937   0.7578
1938   0.7578
1939   0.7578
1940   0.7578
1941   0.7578
1942   0.7578
1943   0.7578
1944   0.7578
1945   0.7578
1946   0.7578
1947   0.7578
1948   0.7578
1949   0.7578
1950   0.7578
1951   0.7578
1952   0.7578
1953   0.7578
1954   0.7578
1955   0.7578
1956   0.7578
1957   0.7578
1958   0.7578
1959   0.7578
1960   0.7578
1961   0.7578
1962   0.7578
1963   0.7578
1964   0.7578
1965   0.7578
1966   0.7578
1967   0.7578
1968   0.7578
1969   0.7578
1970   0.7578
1971   0.7578
1972   0.7578
1973   0.7578
1974   0.7578
1975   0.7578
1976   0.7578
1977   0.7578
1978   0.7578
1979   0.7578
1980   0.7578
1981   0.7578
1982   0.7578
1983   0.7578
1984   0.7578
1985   0.7578
1986   0.7578
1987   0.7578
1988   0.7578
1989   0.7578
1990   0.7578
1991   0.7578
1992   0.7578
1993   0.7578
1994   0.7578
1995   0.7578
1996   0.7578
1997   0.7578
1998   0.7578
1999   0.7578
2000   0.7578
2001   0.7578
2002   0.7578
2003   0.7578
2004   0.7578
2005   0.7578
2006   0.7578
2007   0.7578
2008   0.7578
2009   0.7578
2010   0.7578
2011   0.7578
2012   0.7578
2013   0.7578
2014   0.7578
2015   0.7578
2016   0.7578
2017   0.7578
2018   0.7578
2019   0.7578
2020   0.7578
2021   0.7578
2022   0.7578
2023   0.7578
2024   0.7578
2025   0.7578
2026   0.7578
2027   0.7578
2028   0.7578
2029   0.7578
2030   0.7578
2031   0.7578
2032   0.7578
2033   0.7578
2034   0.7578
2035   0.7578
2036   0.7578
2037   0.7578
2038   0.7578
2039   0.7578
2040   0.7578
2041   0.7578
2042   0.7578
2043   0.7578
2044   0.7578
2045   0.7578
2046   0.7578
2047   0.7578
2048   0.7578
2049   0.7578
2050   0.7578
2051   0.7578
2052   0.7578
2053   0.7578
2054   0.7578
2055   0.7578
2056   0.7578
2057   0.7578
2058   0.7578
2059   0.7578
2060   0.7578
2061   0.7578
2062   0.7578
2063   0.7578
2064   0.7578
2065   0.7578
2066   0.7578
2067   0.7578
2068   0.7578
2069   0.7578
2070   0.7578
2071   0.7578
2072   0.7578
2073   0.7578
2074   0.7578
2075   0.7578
2076   0.7578
2077   0.7578
2078   0.7578
2079   0.7578
2080   0.7578
2081   0.7578
2082   0.7578
2083   0.7578
2084   0.7578
2085   0.7578
2086   0.7578
2087   0.7578
2088   0.7578
2089   0.7578
2090   0.7578
2091   0.7578
2092   0.7578
2093   0.7578
2094   0.7578
2095   0.7578
2096   0.7578
2097   0.7578
2098   0.7578
2099   0.7578
2100   0.7578
2101   0.7578
2102   0.7578
2103   0.7578
2104   0.7578
2105   0.7578
2106   0.7578
2107   0.7578
2108   0.7578
2109   0.7578
2110   0.7578
2111   0.7578
2112   0.7578
2113   0.7578
2114   0.7578
2115   0.7578
2116   0.7578
2117   0.7578
2118   0.7578
2119   0.7578
2120   0.7578
2121   0.7578
2122   0.7578
2123   0.7578
2124   0.7578
2125   0.7578
2126   0.7578
2127   0.7578
2128   0.7578
2129   0.7578
2130   0.7578
2131   0.7578
2132   0.7578
2133   0.7578
2134   0.7578
2135   0.7578
2136   0.7578
2137   0.7578
2138   0.7578
2139   0.7578
2140   0.7578
2141   0.7578
2142   0.7578
2143   0.7578
2144   0.7578
2145   0.7578
2146   0.7578
2147   0.7578
2148   0.7578
2149   0.7578
2150   0.7578
2151   0.7578
2152   0.7578
2153   0.7578
2154   0.7578
2155   0.7578
2156   0.7578
2157   0.7578
2158   0.7578
2159   0.7578
2160   0.7578
2161   0.7578
2162   0.7578
2163   0.7578
2164   0.7578
2165   0.7578
2166   0.7578
2167   0.7578
2168   0.7578
2169   0.7578
2170   0.7578
2171   0.7578
2172   0.7578
2173   0.7578
2174   0.7578
2175   0.7578
2176   0.7578
2177   0.7578
2178   0.7578
2179   0.7578
2180   0.7578
2181   0.7578
2182   0.7578
2183   0.7578
2184   0.7578
2185   0.7578
2186   0.7578
2187   0.7578
2188   0.7578
2189   0.7578
2190   0.7578
2191   0.7578
2192   0.7578
2193   0.7578
2194   0.7578
2195   0.7578
2196   0.7578
2197   0.7578
2198   0.7578
2199   0.7578
2200   0.7578
2201   0.7578
2202   0.7578
2203   0.7578
2204   0.7578
2205   0.7578
2206   0.7578
2207   0.7578
2208   0.7578
2209   0.7578
2210   0.7578
2211   0.7578
2212   0.7578
2213   0.7578
2214   0.7578
2215   0.7578
2216   0.7578
2217   0.7578
2218   0.7578
2219   0.7578
2220   0.7578
2221   0.7578
2222   0.7578
2223   0.7578
2224   0.7578
2225   0.7578
2226   0.7578
2227   0.7578
2228   0.7578
2229   0.7578
2230   0.7578
2231   0.7578
2232   0.7578
2233   0.7578
2234   0.7578
2235   0.7578
2236   0.7578
2237   0.7578
2238   0.7578
2239   0.7578
2240   0.7578
2241   0.7578
2242   0.7578
2243   0.7578
2244   0.7578
2245   0.7578
2246   0.7578
2247   0.7578
2248   0.7578
2249   0.7578
2250   0.7578
2251   0.7578
2252   0.7578
2253   0.7578
2254   0.7578
2255   0.7578
2256   0.7578
2257   0.7578
2258   0.7578
2259   0.7578
2260   0.7578
2261   0.7578
2262   0.7578
2263   0.7578
2264   0.7578
2265   0.7578
2266   0.7578
2267   0.7578
2268   0.7578
2269   0.7578
2270   0.7578
2271   0.7578
2272   0.7578
2273   0.7578
2274   0.7578
2275   0.7578
2276   0.7578
2277   0.7578
2278   0.7578
2279   0.7578
2280   0.7578
2281   0.7578
2282   0.7578
2283   0.7578
2284   0.7578
2285   0.7578
2286   0.7578
2287   0.7578
2288   0.7578
2289   0.7578
2290   0.7578
2291   0.7578
2292   0.7578
2293   0.7578
2294   0.7578
2295   0.7578
2296   0.7578
2297   0.7578
2298   0.7578
2299   0.7578
2300   0.7578
2301   0.7578
2302   0.7578
2303   0.7578
2304   0.7578
2305   0.7578
2306   0.7578
2307   0.7578
2308   0.7578
2309   0.7578
2310   0.7578
2311   0.7578
2312   0.7578
2313   0.7578
2314   0.7578
2315   0.7578
2316   0.7578
2317   0.7578
2318   0.7578
2319   0.7578
2320   0.7578
2321   0.7578
2322   0.7578
2323   0.7578
2324   0.7578
2325   0.7578
2326   0.7578
2327   0.7578
2328   0.7578
2329   0.7578
2330   0.7578
2331   0.7578
2332   0.7578
2333   0.7578
2334   0.7578
2335   0.7578
2336   0.7578
2337   0.7578
2338   0.7578
2339   0.7578
2340   0.7578
2341   0.7578
2342   0.7578
2343   0.7578
2344   0.7578
2345   0.7578
2346   0.7578
2347   0.7578
2348   0.7578
2349   0.7578
2350   0.7578
2351   0.7578
2352   0.7578
2353   0.7578
2354   0.7578
2355   0.7578
2356   0.7578
2357   0.7578
2358   0.7578
2359   0.7578
2360   0.7578
2361   0.7578
2362   0.7578
2363   0.7578
2364   0.7578
2365   0.7578
2366   0.7578
2367   0.7578
2368   0.7578
2369   0.7578
2370   0.7578
2371   0.7578
2372   0.7578
2373   0.7578
2374   0.7578
2375   0.7578
2376   0.7578
2377   0.7578
2378   0.7578
2379   0.7578
2380   0.7578
2381   0.7578
2382   0.7578
2383   0.7578
2384   0.7578
2385   0.7578
2386   0.7578
2387   0.7578
2388   0.7578
2389   0.7578
2390   0.7578
2391   0.7578
2392   0.7578
2393   0.7578
2394   0.7578
2395   0.7578
2396   0.7578
2397   0.7578
2398   0.7578
2399   0.7578
2400   0.7578
2401   0.7578
2402   0.7578
2403   0.7578
2404   0.7578
2405   0.7578
2406   0.7578
2407   0.7578
2408   0.7578
2409   0.7578
2410   0.7578
2411   0.7578
2412   0.7578
2413   0.7578
2414   0.7578
2415   0.7578
2416   0.7578
2417   0.7578
2418   0.7578
2419   0.7578
2420   0.7578
2421   0.7578
2422   0.7578
2423   0.7578
2424   0.7578
2425   0.7578
2426   0.7578
2427   0.7578
2428   0.7578
2429   0.7578
2430   0.7578
2431   0.7578
2432   0.7578
2433   0.7578
2434   0.7578
2435   0.7578
2436   0.7578
2437   0.7578
2438   0.7578
2439   0.7578
2440   0.7578
2441   0.7578
2442   0.7578
2443   0.7578
2444   0.7578
2445   0.7578
2446   0.7578
2447   0.7578
2448   0.7578
2449   0.7578
2450   0.7578
2451   0.7578
2452   0.7578
2453   0.7578
2454   0.7578
2455   0.7578
2456   0.7578
2457   0.7578
2458   0.7578
2459   0.7578
2460   0.7578
2461   0.7578
2462   0.7578
2463   0.7578
2464   0.7578
2465   0.7578
2466   0.7578
2467   0.7578
2468   0.7578
2469   0.7578
2470   0.7578
2471   0.7578
2472   0.7578
2473   0.7578
2474   0.7578
2475   0.7578
2476   0.7578
2477   0.7578
2478   0.7578
2479   0.7578
2480   0.7578
2481   0.7578
2482   0.7578
2483   0.7578
2484   0.7578
2485   0.7578
2486   0.7578
2487   0.7578
2488   0.7578
2489   0.7578
2490   0.7578
2491   0.7578
2492   0.7578
2493   0.7578
2494   0.7578
2495   0.7578
2496   0.7578
2497   0.7578
2498   0.7578
2499   0.7578
2500   0.7578
2501   0.7578
2502   0.7578
2503   0.7578
2504   0.7578
2505   0.7578
2506   0.7578
2507   0.7578
2508   0.7578
2509   0.7578
2510   0.7578
2511   0.7578
2512   0.7578
2513   0.7578
2514   0.7578
2515   0.7578
2516   0.7578
2517   0.7578
2518   0.7578
2519   0.7578
2520   0.7578
2521   0.7578
2522   0.7578
2523   0.7578
2524   0.7578
2525   0.7578
2526   0.7578
2527   0.7578
2528   0.7578
2529   0.7578
2530   0.7578
2531   0.7578
2532   0.7578
2533   0.7578
2534   0.7578
2535   0.7578
2536   0.7578
2537   0.7578
2538   0.7578
2539   0.7578
2540   0.7578
2541   0.7578
2542   0.7578
2543   0.7578
2544   0.7578
2545   0.7578
2546   0.7578
2547   0.7578
2548   0.7578
2549   0.7578
2550   0.7578
2551   0.7578
2552   0.7578
2553   0.7578
2554   0.7578
2555   0.7578
2556   0.7578
2557   0.7578
2558   0.7578
2559   0.7578
2560   0.7578
2561   0.7578
2562   0.7578
2563   0.7578
2564   0.7578
2565   0.7578
2566   0.7578
2567   0.7578
2568   0.7578
2569   0.7578
2570   0.7578
2571   0.7578
2572   0.7578
2573   0.7578
2574   0.7578
2575   0.7578
2576   0.7578
2577   0.7578
2578   0.7578
2579   0.7578
2580   0.7578
2581   0.7578
2582   0.7578
2583   0.7578
2584   0.7578
2585   0.7578
2586   0.7578
2587   0.7578
2588   0.7578
2589   0.7578
2590   0.7578
2591   0.7578
2592   0.7578
2593   0.7578
2594   0.7578
2595   0.7578
2596   0.7578
2597   0.7578
2598   0.7578
2599   0.7578
2600   0.7578
2601   0.7578
2602   0.7578
2603   0.7578
2604   0.7578
2605   0.7578
2606   0.7578
2607   0.7578
2608   0.7578
2609   0.7578
2610   0.7578
2611   0.7578
2612   0.7578
2613   0.7578
2614   0.7578
2615   0.7578
2616   0.7578
2617   0.7578
2618   0.7578
2619   0.7578
2620   0.7578
2621   0.7578
2622   0.7578
2623   0.7578
2624   0.7578
2625   0.7578
2626   0.7578
2627   0.7578
2628   0.7578
2629   0.7578
2630   0.7578
2631   0.7578
2632   0.7578
2633   0.7578
2634   0.7578
2635   0.7578
2636   0.7578
2637   0.7578
2638   0.7578
2639   0.7578
2640   0.7578
2641   0.7578
2642   0.7578
2643   0.7578
2644   0.7578
2645   0.7578
2646   0.7578
2647   0.7578
2648   0.7578
2649   0.7578
2650   0.7578
2651   0.7578
2652   0.7578
2653   0.7578
2654   0.7578
2655   0.7578
2656   0.7578
2657   0.7578
2658   0.7578
2659   0.7578
2660   0.7578
2661   0.7578
2662   0.7578
2663   0.7578
2664   0.7578
2665   0.7578
2666   0.7578
2667   0.7578
2668   0.7578
2669   0.7578
2670   0.7578
2671   0.7578
2672   0.7578
2673   0.7578
2674   0.7578
2675   0.7578
2676   0.7578
2677   0.7578
2678   0.7578
2679   0.7578
2680   0.7578
2681   0.7578
2682   0.7578
2683   0.7578
2684   0.7578
2685   0.7578
2686   0.7578
2687   0.7578
2688   0.7578
2689   0.7578
2690   0.7578
2691   0.7578
2692   0.7578
2693   0.7578
2694   0.7578
2695   0.7578
2696   0.7578
2697   0.7578
2698   0.7578
2699   0.7578
2700   0.7578
2701   0.7578
2702   0.7578
2703   0.7578
2704   0.7578
2705   0.7578
2706   0.7578
2707   0.7578
2708   0.7578
2709   0.7578
2710   0.7578
2711   0.7578
2712   0.7578
2713   0.7578
2714   0.7578
2715   0.7578
2716   0.7578
2717   0.7578
2718   0.7578
2719   0.7578
2720   0.7578
2721   0.7578
2722   0.7578
2723   0.7578
2724   0.7578
2725   0.7578
2726   0.7578
2727   0.7578
2728   0.7578
2729   0.7578
2730   0.7578
2731   0.7578
2732   0.7578
2733   0.7578
2734   0.7578
2735   0.7578
2736   0.7578
2737   0.7578
2738   0.7578
2739   0.7578
2740   0.7578
2741   0.7578
2742   0.7578
2743   0.7578
2744   0.7578
2745   0.7578
2746   0.7578
2747   0.7578
2748   0.7578
2749   0.7578
2750   0.7578
2751   0.7578
2752   0.7578
2753   0.7578
2754   0.7578
2755   0.7578
2756   0.7578
2757   0.7578
2758   0.7578
2759   0.7578
2760   0.7578
2761   0.7578
2762   0.7578
2763   0.7578
2764   0.7578
2765   0.7578
2766   0.7578
2767   0.7578
2768   0.7578
2769   0.7578
2770   0.7578
2771   0.7578
2772   0.7578
2773   0.7578
2774   0.7578
2775   0.7578
2776   0.7578
2777   0.7578
2778   0.7578
2779   0.7578
2780   0.7578
2781   0.7578
2782   0.7578
2783   0.7578
2784   0.7578
2785   0.7578
2786   0.7578
2787   0.7578
2788   0.7578
2789   0.7578
2790   0.7578
2791   0.7578
2792   0.7578
2793   0.7578
2794   0.7578
2795   0.7578
2796   0.7578
2797   0.7578
2798   0.7578
2799   0.7578
2800   0.7578
2801   0.7578
2802   0.7578
2803   0.7578
2804   0.7578
2805   0.7578
2806   0.7578
2807   0.7578
2808   0.7578
2809   0.7578
2810   0.7578
2811   0.7578
2812   0.7578
2813   0.7578
2814   0.7578
2815   0.7578
2816   0.7578
2817   0.7578
2818   0.7578
2819   0.7578
2820   0.7578
2821   0.7578
2822   0.7578
2823   0.7578
2824   0.7578
2825   0.7578
2826   0.7578
2827   0.7578
2828   0.7578
2829   0.7578
2830   0.7578
2831   0.7578
2832   0.7578
2833   0.7578
2834   0.7578
2835   0.7578
2836   0.7578
2837   0.7578
2838   0.7578
2839   0.7578
2840   0.7578
2841   0.7578
2842   0.7578
2843   0.7578
2844   0.7578
2845   0.7578
2846   0.7578
2847   0.7578
2848   0.7578
2849   0.7578
2850   0.7578
2851   0.7578
2852   0.7578
2853   0.7578
2854   0.7578
2855   0.7578
2856   0.7578
2857   0.7578
2858   0.7578
2859   0.7578
2860   0.7578
2861   0.7578
2862   0.7578
2863   0.7578
2864   0.7578
2865   0.7578
2866   0.7578
2867   0.7578
2868   0.7578
2869   0.7578
2870   0.7578
2871   0.7578
2872   0.7578
2873   0.7578
2874   0.7578
2875   0.7578
2876   0.7578
2877   0.7578
2878   0.7578
2879   0.7578
2880   0.7578
2881   0.7578
2882   0.7578
2883   0.7578
2884   0.7578
2885   0.7578
2886   0.7578
2887   0.7578
2888   0.7578
2889   0.7578
2890   0.7578
2891   0.7578
2892   0.7578
2893   0.7578
2894   0.7578
2895   0.7578
2896   0.7578
2897   0.7578
2898   0.7578
2899   0.7578
2900   0.7578
2901   0.7578
2902   0.7578
2903   0.7578
2904   0.7578
2905   0.7578
2906   0.7578
2907   0.7578
2908   0.7578
2909   0.7578
2910   0.7578
2911   0.7578
2912   0.7578
2913   0.7578
2914   0.7578
2915   0.7578
2916   0.7578
2917   0.7578
2918   0.7578
2919   0.7578
2920   0.7578
2921   0.7578
2922   0.7578
2923   0.7578
2924   0.7578
2925   0.7578
2926   0.7578
2927   0.7578
2928   0.7578
2929   0.7578
2930   0.7578
2931   0.7578
2932   0.7578
2933   0.7578
2934   0.7578
2935   0.7578
2936   0.7578
2937   0.7578
2938   0.7578
2939   0.7578
2940   0.7578
2941   0.7578
2942   0.7578
2943   0.7578
2944   0.7578
2945   0.7578
2946   0.7578
2947   0.7578
2948   0.7578
2949   0.7578
2950   0.7578
2951   0.7578
2952   0.7578
2953   0.7578
2954   0.7578
2955   0.7578
2956   0.7578
2957   0.7578
2958   0.7578
2959   0.7577
2960   0.7577
2961   0.7577
2962   0.7577
2963   0.7577
2964   0.7577
2965   0.7577
2966   0.7577
2967   0.7577
2968   0.7577
2969   0.7577
2970   0.7577
2971   0.7577
2972   0.7577
2973   0.7577
2974   0.7577
2975   0.7577
2976   0.7577
2977   0.7577
2978   0.7577
2979   0.7577
2980   0.7577
2981   0.7577
2982   0.7577
2983   0.7577
2984   0.7577
2985   0.7577
2986   0.7577
2987   0.7577
2988   0.7577
2989   0.7577
2990   0.7577
2991   0.7577
2992   0.7577
2993   0.7577
2994   0.7577
2995   0.7577
2996   0.7577
2997   0.7577
2998   0.7577
2999   0.7577
3000   0.7577
