1   1.3364
2   1.3364
3   1.3297
4   1.3297
5   1.2496
6   1.2496
7   1.2496
8   1.2496
9   1.2496
10   1.2496
11   1.2496
12   1.1967
13   1.1967
14   1.1899
15   1.1899
16   1.1899
17   1.1899
18   1.1607
19   1.1607
20   1.1607
21   1.1607
22   1.1607
23   1.1607
24   1.0676
25   1.0676
26   1.0676
27   1.0676
28   1.0676
29   1.0676
30   1.0676
31   1.0676
32   1.0676
33   1.0676
34   1.0676
35   1.0676
36   1.0676
37   1.0676
38   1.0676
39   1.0676
40   1.0676
41   1.0676
42   1.0676
43   0.9632
44   0.9632
45   0.9632
46   0.9632
47   0.9236
48   0.9236
49   0.9236
50   0.9236
51   0.9236
52   0.9236
53   0.9236
54   0.9236
55   0.9236
56   0.9236
57   0.9236
58   0.9236
59   0.9236
60   0.9236
61   0.9236
62   0.9236
63   0.9236
64   0.9236
65   0.9236
66   0.9236
67   0.9236
68   0.9236
69   0.9236
70   0.9236
71   0.9236
72   0.9236
73   0.9236
74   0.9236
75   0.9236
76   0.9236
77   0.9236
78   0.9236
79   0.9236
80   0.9236
81   0.9236
82   0.9236
83   0.9192
84   0.9192
85   0.8828
86   0.8828
87   0.8828
88   0.8828
89   0.8828
90   0.8828
91   0.8828
92   0.8828
93   0.8828
94   0.8828
95   0.8828
96   0.8828
97   0.8828
98   0.8811
99   0.8811
100   0.8811
101   0.8811
102   0.8811
103   0.8811
104   0.8811
105   0.8811
106   0.8811
107   0.8811
108   0.8811
109   0.8811
110   0.8811
111   0.8811
112   0.8811
113   0.8811
114   0.8811
115   0.8811
116   0.8811
117   0.8811
118   0.8811
119   0.8811
120   0.8811
121   0.8804
122   0.8804
123   0.8804
124   0.8804
125   0.8804
126   0.8804
127   0.8804
128   0.8804
129   0.8804
130   0.8804
131   0.8804
132   0.8744
133   0.8704
134   0.8704
135   0.8704
136   0.8704
137   0.8704
138   0.8704
139   0.8704
140   0.8704
141   0.8704
142   0.8704
143   0.8704
144   0.8704
145   0.8704
146   0.8704
147   0.8704
148   0.8704
149   0.8704
150   0.8522
151   0.8522
152   0.8522
153   0.8522
154   0.8522
155   0.8522
156   0.8522
157   0.8522
158   0.8522
159   0.8522
160   0.8522
161   0.8522
162   0.8522
163   0.8522
164   0.8522
165   0.8522
166   0.8051
167   0.8051
168   0.8051
169   0.8051
170   0.8051
171   0.8051
172   0.8051
173   0.8051
174   0.8051
175   0.8051
176   0.8051
177   0.8051
178   0.8051
179   0.8051
180   0.8051
181   0.8051
182   0.8051
183   0.8051
184   0.7758
185   0.7758
186   0.7758
187   0.7758
188   0.7758
189   0.7758
190   0.7758
191   0.7114
192   0.7114
193   0.7114
194   0.7114
195   0.7114
196   0.7114
197   0.7114
198   0.7114
199   0.7114
200   0.7114
201   0.7114
202   0.7114
203   0.7114
204   0.7114
205   0.7114
206   0.7114
207   0.7114
208   0.7114
209   0.7114
210   0.7114
211   0.7114
212   0.7114
213   0.7114
214   0.7114
215   0.7114
216   0.7114
217   0.7114
218   0.7114
219   0.7114
220   0.7114
221   0.7114
222   0.7114
223   0.7114
224   0.7114
225   0.7114
226   0.7114
227   0.7114
228   0.7114
229   0.7114
230   0.7114
231   0.7114
232   0.7114
233   0.7114
234   0.7114
235   0.7114
236   0.7114
237   0.7114
238   0.7114
239   0.7114
240   0.7114
241   0.7114
242   0.7114
243   0.7114
244   0.7114
245   0.7114
246   0.7114
247   0.7114
248   0.7114
249   0.7114
250   0.7114
251   0.7114
252   0.7114
253   0.7114
254   0.7114
255   0.7114
256   0.7114
257   0.7114
258   0.7114
259   0.7114
260   0.7114
261   0.7114
262   0.7114
263   0.7114
264   0.7114
265   0.7114
266   0.7114
267   0.7114
268   0.7114
269   0.7114
270   0.7114
271   0.7114
272   0.7114
273   0.7114
274   0.7114
275   0.7114
276   0.7114
277   0.7114
278   0.7114
279   0.7114
280   0.7114
281   0.7114
282   0.7114
283   0.7114
284   0.7114
285   0.7114
286   0.7114
287   0.7114
288   0.7114
289   0.7114
290   0.7114
291   0.7114
292   0.7114
293   0.7114
294   0.7114
295   0.7114
296   0.7109
297   0.7109
298   0.7066
299   0.7066
300   0.7066
301   0.7066
302   0.7066
303   0.7066
304   0.7066
305   0.7066
306   0.7066
307   0.7066
308   0.7066
309   0.7066
310   0.7066
311   0.7066
312   0.7066
313   0.7066
314   0.7066
315   0.7066
316   0.7066
317   0.7066
318   0.7066
319   0.7066
320   0.7066
321   0.7066
322   0.7066
323   0.7066
324   0.7066
325   0.7066
326   0.7066
327   0.7066
328   0.7066
329   0.7066
330   0.7066
331   0.7066
332   0.7066
333   0.7066
334   0.7066
335   0.7066
336   0.7066
337   0.7066
338   0.7066
339   0.7066
340   0.7066
341   0.7066
342   0.7066
343   0.7066
344   0.7066
345   0.7066
346   0.7066
347   0.7066
348   0.7066
349   0.7066
350   0.7066
351   0.7066
352   0.7066
353   0.7066
354   0.7066
355   0.7066
356   0.7066
357   0.7066
358   0.7066
359   0.7066
360   0.7066
361   0.7066
362   0.7066
363   0.7066
364   0.7066
365   0.7066
366   0.7066
367   0.7066
368   0.7066
369   0.7066
370   0.7066
371   0.7066
372   0.7066
373   0.7066
374   0.7066
375   0.7066
376   0.7066
377   0.7066
378   0.7066
379   0.7066
380   0.7066
381   0.7066
382   0.7066
383   0.7066
384   0.7066
385   0.7066
386   0.7066
387   0.7066
388   0.7066
389   0.7066
390   0.7066
391   0.7066
392   0.7066
393   0.7066
394   0.7066
395   0.7066
396   0.7066
397   0.7066
398   0.7066
399   0.7066
400   0.7066
401   0.7066
402   0.7066
403   0.7066
404   0.7066
405   0.7066
406   0.7066
407   0.7066
408   0.7066
409   0.7066
410   0.7066
411   0.7066
412   0.7066
413   0.7066
414   0.7066
415   0.7066
416   0.7066
417   0.7066
418   0.7066
419   0.7066
420   0.7066
421   0.7066
422   0.7066
423   0.7066
424   0.7066
425   0.7066
426   0.7066
427   0.7066
428   0.7066
429   0.7066
430   0.7066
431   0.7066
432   0.7066
433   0.7066
434   0.7066
435   0.7066
436   0.7066
437   0.7066
438   0.7066
439   0.7066
440   0.7066
441   0.7066
442   0.7066
443   0.7066
444   0.7066
445   0.7066
446   0.7066
447   0.7066
448   0.7066
449   0.7066
450   0.7066
451   0.7066
452   0.7066
453   0.7066
454   0.7066
455   0.7066
456   0.7066
457   0.7066
458   0.7066
459   0.7066
460   0.7066
461   0.7066
462   0.7066
463   0.7066
464   0.7066
465   0.7066
466   0.7066
467   0.7066
468   0.7066
469   0.7066
470   0.7066
471   0.7066
472   0.7066
473   0.7066
474   0.7066
475   0.7066
476   0.7066
477   0.7066
478   0.7066
479   0.7066
480   0.7066
481   0.7066
482   0.7066
483   0.7066
484   0.7066
485   0.7066
486   0.7066
487   0.7066
488   0.7066
489   0.7066
490   0.7066
491   0.7066
492   0.7066
493   0.7066
494   0.7066
495   0.7066
496   0.7066
497   0.7066
498   0.7066
499   0.7066
500   0.7066
501   0.7066
502   0.7066
503   0.7066
504   0.7066
505   0.7066
506   0.7066
507   0.7066
508   0.7066
509   0.7053
510   0.7053
511   0.7053
512   0.7053
513   0.7053
514   0.7053
515   0.7053
516   0.7053
517   0.7053
518   0.7053
519   0.7053
520   0.7053
521   0.7053
522   0.7053
523   0.7053
524   0.7053
525   0.7053
526   0.7053
527   0.7053
528   0.7053
529   0.7053
530   0.7053
531   0.7053
532   0.7053
533   0.7053
534   0.7053
535   0.7053
536   0.7053
537   0.7053
538   0.7053
539   0.7053
540   0.7053
541   0.7053
542   0.7053
543   0.7053
544   0.7053
545   0.7053
546   0.7053
547   0.7053
548   0.7053
549   0.7053
550   0.7053
551   0.7053
552   0.7053
553   0.7053
554   0.7053
555   0.7053
556   0.7053
557   0.7053
558   0.7053
559   0.7053
560   0.7053
561   0.7053
562   0.7053
563   0.7053
564   0.7053
565   0.7053
566   0.7053
567   0.7053
568   0.7053
569   0.7053
570   0.7053
571   0.7053
572   0.7053
573   0.7053
574   0.7053
575   0.7053
576   0.7053
577   0.7053
578   0.7053
579   0.7053
580   0.7053
581   0.7053
582   0.7053
583   0.7053
584   0.7053
585   0.7053
586   0.7053
587   0.7053
588   0.7053
589   0.7053
590   0.7053
591   0.7053
592   0.7053
593   0.7053
594   0.7053
595   0.7053
596   0.7053
597   0.7053
598   0.7053
599   0.7053
600   0.7053
601   0.7053
602   0.7053
603   0.7053
604   0.7053
605   0.7053
606   0.7053
607   0.7053
608   0.7053
609   0.7053
610   0.7053
611   0.7053
612   0.7053
613   0.7053
614   0.7053
615   0.7053
616   0.7053
617   0.7053
618   0.7053
619   0.7053
620   0.7053
621   0.7053
622   0.7053
623   0.7053
624   0.7053
625   0.7053
626   0.7053
627   0.7053
628   0.7053
629   0.6937
630   0.6937
631   0.6937
632   0.6937
633   0.6937
634   0.6937
635   0.6937
636   0.6937
637   0.6937
638   0.6937
639   0.6937
640   0.6937
641   0.6937
642   0.6937
643   0.6937
644   0.6937
645   0.6937
646   0.6937
647   0.6937
648   0.6937
649   0.6937
650   0.6937
651   0.6937
652   0.6937
653   0.6937
654   0.6937
655   0.6937
656   0.6937
657   0.6937
658   0.6937
659   0.6937
660   0.6937
661   0.6937
662   0.6937
663   0.6937
664   0.6937
665   0.6937
666   0.6937
667   0.6937
668   0.6937
669   0.6937
670   0.6937
671   0.6937
672   0.6937
673   0.6937
674   0.6937
675   0.6937
676   0.6937
677   0.6937
678   0.6937
679   0.6937
680   0.6937
681   0.6937
682   0.6937
683   0.6937
684   0.6937
685   0.6937
686   0.6937
687   0.6937
688   0.6937
689   0.6937
690   0.6937
691   0.6937
692   0.6937
693   0.6937
694   0.6937
695   0.6937
696   0.6937
697   0.6937
698   0.6937
699   0.6937
700   0.6937
701   0.6937
702   0.6937
703   0.6937
704   0.6937
705   0.6937
706   0.6937
707   0.6937
708   0.6937
709   0.6937
710   0.6937
711   0.6937
712   0.6937
713   0.6937
714   0.6937
715   0.6937
716   0.6937
717   0.6937
718   0.6937
719   0.6937
720   0.6937
721   0.6937
722   0.6937
723   0.6937
724   0.6937
725   0.6937
726   0.6937
727   0.6937
728   0.6937
729   0.6937
730   0.6937
731   0.6937
732   0.6937
733   0.6937
734   0.6937
735   0.6937
736   0.6937
737   0.6937
738   0.6937
739   0.6937
740   0.6937
741   0.6937
742   0.6937
743   0.6937
744   0.6937
745   0.6937
746   0.6937
747   0.6937
748   0.6937
749   0.6937
750   0.6937
751   0.6937
752   0.6937
753   0.6937
754   0.6937
755   0.6937
756   0.6937
757   0.6937
758   0.6937
759   0.6937
760   0.6937
761   0.6937
762   0.6937
763   0.6937
764   0.6937
765   0.6937
766   0.6937
767   0.6937
768   0.6937
769   0.6937
770   0.6937
771   0.6937
772   0.6937
773   0.6937
774   0.6937
775   0.6937
776   0.6937
777   0.6937
778   0.6937
779   0.6937
780   0.6937
781   0.6937
782   0.6937
783   0.6937
784   0.6937
785   0.6937
786   0.6937
787   0.6937
788   0.6937
789   0.6937
790   0.6937
791   0.6937
792   0.6937
793   0.6937
794   0.6937
795   0.6937
796   0.6937
797   0.6937
798   0.6937
799   0.6937
800   0.6937
801   0.6937
802   0.6937
803   0.6937
804   0.6937
805   0.6937
806   0.6937
807   0.6937
808   0.6937
809   0.6937
810   0.6937
811   0.6937
812   0.6937
813   0.6937
814   0.6937
815   0.6937
816   0.6937
817   0.6937
818   0.6937
819   0.6937
820   0.6937
821   0.6937
822   0.6937
823   0.6937
824   0.6937
825   0.6937
826   0.6937
827   0.6937
828   0.6937
829   0.6937
830   0.6937
831   0.6937
832   0.6937
833   0.6937
834   0.6937
835   0.6937
836   0.6937
837   0.6937
838   0.6937
839   0.6937
840   0.6937
841   0.6937
842   0.6937
843   0.6937
844   0.6937
845   0.6937
846   0.6937
847   0.6937
848   0.6937
849   0.6937
850   0.6937
851   0.6937
852   0.6937
853   0.6937
854   0.6937
855   0.6937
856   0.6937
857   0.6937
858   0.6937
859   0.6937
860   0.6927
861   0.6927
862   0.6927
863   0.6927
864   0.6927
865   0.6927
866   0.6927
867   0.6922
868   0.6922
869   0.6922
870   0.6922
871   0.6922
872   0.6922
873   0.6922
874   0.6922
875   0.6922
876   0.6922
877   0.6922
878   0.6922
879   0.6922
880   0.6922
881   0.6922
882   0.6922
883   0.6922
884   0.6922
885   0.6922
886   0.6922
887   0.6922
888   0.6922
889   0.6922
890   0.6922
891   0.6922
892   0.6922
893   0.6922
894   0.6922
895   0.6922
896   0.6922
897   0.6922
898   0.6922
899   0.6922
900   0.6922
901   0.6922
902   0.6922
903   0.6922
904   0.6922
905   0.6922
906   0.6922
907   0.6922
908   0.6922
909   0.6922
910   0.6922
911   0.6922
912   0.6922
913   0.6922
914   0.6922
915   0.6922
916   0.6922
917   0.6922
918   0.6922
919   0.6922
920   0.6922
921   0.6922
922   0.6922
923   0.6922
924   0.6922
925   0.6922
926   0.6922
927   0.6922
928   0.6922
929   0.6922
930   0.6922
931   0.6922
932   0.6922
933   0.6922
934   0.6922
935   0.6922
936   0.6922
937   0.6922
938   0.6922
939   0.6922
940   0.6922
941   0.6922
942   0.6922
943   0.6922
944   0.6922
945   0.6922
946   0.6922
947   0.6922
948   0.6922
949   0.6922
950   0.6922
951   0.6922
952   0.6922
953   0.6922
954   0.6922
955   0.6922
956   0.6922
957   0.6922
958   0.6922
959   0.6922
960   0.6922
961   0.6922
962   0.6922
963   0.6922
964   0.6922
965   0.6922
966   0.6922
967   0.6922
968   0.6922
969   0.6922
970   0.6922
971   0.6922
972   0.6922
973   0.6922
974   0.6922
975   0.6922
976   0.6922
977   0.6922
978   0.6922
979   0.6922
980   0.6922
981   0.6922
982   0.6922
983   0.6922
984   0.6922
985   0.6922
986   0.6922
987   0.6922
988   0.6922
989   0.6922
990   0.6922
991   0.6922
992   0.6922
993   0.6922
994   0.6922
995   0.6922
996   0.6922
997   0.6922
998   0.6922
999   0.6922
1000   0.6922
1001   0.6922
1002   0.6922
1003   0.6922
1004   0.6922
1005   0.6922
1006   0.6922
1007   0.6922
1008   0.6922
1009   0.6922
1010   0.6922
1011   0.6922
1012   0.6922
1013   0.6922
1014   0.6922
1015   0.6922
1016   0.6922
1017   0.6922
1018   0.6922
1019   0.6922
1020   0.6922
1021   0.6922
1022   0.6922
1023   0.6922
1024   0.6922
1025   0.6922
1026   0.6922
1027   0.6922
1028   0.6922
1029   0.6922
1030   0.6922
1031   0.6922
1032   0.6922
1033   0.6922
1034   0.6922
1035   0.6922
1036   0.6922
1037   0.6922
1038   0.6922
1039   0.6922
1040   0.6922
1041   0.6922
1042   0.6922
1043   0.6922
1044   0.6922
1045   0.6922
1046   0.6922
1047   0.6922
1048   0.6922
1049   0.6922
1050   0.6922
1051   0.6922
1052   0.6922
1053   0.6922
1054   0.6922
1055   0.6922
1056   0.6922
1057   0.6922
1058   0.6922
1059   0.6922
1060   0.6922
1061   0.6922
1062   0.6922
1063   0.6922
1064   0.6922
1065   0.6922
1066   0.6922
1067   0.6922
1068   0.6922
1069   0.6922
1070   0.6922
1071   0.6922
1072   0.6922
1073   0.6922
1074   0.6922
1075   0.6922
1076   0.6922
1077   0.6922
1078   0.6922
1079   0.6922
1080   0.6922
1081   0.6922
1082   0.6922
1083   0.6922
1084   0.6922
1085   0.6922
1086   0.6922
1087   0.6922
1088   0.6922
1089   0.6922
1090   0.6922
1091   0.6922
1092   0.6922
1093   0.6922
1094   0.6922
1095   0.6922
1096   0.6922
1097   0.6922
1098   0.6922
1099   0.6922
1100   0.6922
1101   0.6922
1102   0.6922
1103   0.6922
1104   0.6922
1105   0.6922
1106   0.6922
1107   0.6922
1108   0.6922
1109   0.6922
1110   0.6922
1111   0.6922
1112   0.6922
1113   0.6922
1114   0.6922
1115   0.6922
1116   0.6922
1117   0.6922
1118   0.6922
1119   0.6922
1120   0.6922
1121   0.6922
1122   0.6922
1123   0.6922
1124   0.6922
1125   0.6922
1126   0.6922
1127   0.6922
1128   0.6922
1129   0.6922
1130   0.6922
1131   0.6922
1132   0.6922
1133   0.6922
1134   0.6922
1135   0.6922
1136   0.6922
1137   0.6922
1138   0.6922
1139   0.6922
1140   0.6922
1141   0.6922
1142   0.6922
1143   0.6922
1144   0.6922
1145   0.6922
1146   0.6922
1147   0.6922
1148   0.6922
1149   0.6922
1150   0.6922
1151   0.6922
1152   0.6922
1153   0.6922
1154   0.6922
1155   0.6922
1156   0.6922
1157   0.6922
1158   0.6922
1159   0.6922
1160   0.6922
1161   0.6922
1162   0.6922
1163   0.6922
1164   0.6922
1165   0.6922
1166   0.6922
1167   0.6922
1168   0.6922
1169   0.6922
1170   0.6922
1171   0.6922
1172   0.6922
1173   0.6922
1174   0.6922
1175   0.6922
1176   0.6922
1177   0.6922
1178   0.6922
1179   0.6922
1180   0.6922
1181   0.6922
1182   0.6922
1183   0.6922
1184   0.6922
1185   0.6922
1186   0.6922
1187   0.6922
1188   0.6922
1189   0.6922
1190   0.6922
1191   0.6922
1192   0.6922
1193   0.6922
1194   0.6922
1195   0.6922
1196   0.6922
1197   0.6922
1198   0.6922
1199   0.6922
1200   0.6922
1201   0.6922
1202   0.6922
1203   0.6922
1204   0.6922
1205   0.6922
1206   0.6922
1207   0.6922
1208   0.6922
1209   0.6922
1210   0.6922
1211   0.6922
1212   0.6922
1213   0.6922
1214   0.6922
1215   0.6922
1216   0.6922
1217   0.6922
1218   0.6922
1219   0.6922
1220   0.6922
1221   0.6922
1222   0.6922
1223   0.6922
1224   0.6922
1225   0.6922
1226   0.6922
1227   0.6922
1228   0.6922
1229   0.6922
1230   0.6922
1231   0.6922
1232   0.6922
1233   0.6922
1234   0.6922
1235   0.6922
1236   0.6922
1237   0.6922
1238   0.6922
1239   0.6922
1240   0.6922
1241   0.6922
1242   0.6922
1243   0.6922
1244   0.6922
1245   0.6922
1246   0.6922
1247   0.6922
1248   0.6922
1249   0.6922
1250   0.6922
1251   0.6922
1252   0.6922
1253   0.6922
1254   0.6922
1255   0.6922
1256   0.6922
1257   0.6922
1258   0.6922
1259   0.6922
1260   0.6922
1261   0.6922
1262   0.6922
1263   0.6922
1264   0.6922
1265   0.6922
1266   0.6922
1267   0.6922
1268   0.6922
1269   0.6922
1270   0.6922
1271   0.6922
1272   0.6922
1273   0.6922
1274   0.6922
1275   0.6922
1276   0.6922
1277   0.6922
1278   0.6922
1279   0.6922
1280   0.6922
1281   0.6922
1282   0.6922
1283   0.6922
1284   0.6922
1285   0.6922
1286   0.6922
1287   0.6922
1288   0.6922
1289   0.6922
1290   0.6922
1291   0.6922
1292   0.6922
1293   0.6922
1294   0.6922
1295   0.6922
1296   0.6922
1297   0.6922
1298   0.6922
1299   0.6922
1300   0.6922
1301   0.6922
1302   0.6922
1303   0.6922
1304   0.6922
1305   0.6922
1306   0.6922
1307   0.6922
1308   0.6922
1309   0.6922
1310   0.6922
1311   0.6922
1312   0.6922
1313   0.6922
1314   0.6922
1315   0.6922
1316   0.6922
1317   0.6922
1318   0.6922
1319   0.6922
1320   0.6922
1321   0.6922
1322   0.6922
1323   0.6922
1324   0.6922
1325   0.6922
1326   0.6922
1327   0.6922
1328   0.6922
1329   0.6922
1330   0.6922
1331   0.6922
1332   0.6922
1333   0.6922
1334   0.6922
1335   0.6922
1336   0.6922
1337   0.6922
1338   0.6922
1339   0.6922
1340   0.6922
1341   0.6922
1342   0.6922
1343   0.6922
1344   0.6922
1345   0.6922
1346   0.6922
1347   0.6922
1348   0.6922
1349   0.6922
1350   0.6922
1351   0.6922
1352   0.6922
1353   0.6922
1354   0.6922
1355   0.6922
1356   0.6922
1357   0.6922
1358   0.6922
1359   0.6922
1360   0.6922
1361   0.6922
1362   0.6922
1363   0.6922
1364   0.6922
1365   0.6922
1366   0.6922
1367   0.6922
1368   0.6922
1369   0.6922
1370   0.6922
1371   0.6922
1372   0.6922
1373   0.6922
1374   0.6922
1375   0.6922
1376   0.6922
1377   0.6922
1378   0.6922
1379   0.6922
1380   0.6922
1381   0.6922
1382   0.6922
1383   0.6922
1384   0.6922
1385   0.6922
1386   0.6922
1387   0.6922
1388   0.6922
1389   0.6922
1390   0.6922
1391   0.6922
1392   0.6922
1393   0.6922
1394   0.6922
1395   0.6922
1396   0.6922
1397   0.6922
1398   0.6922
1399   0.6922
1400   0.6922
1401   0.6922
1402   0.6922
1403   0.6922
1404   0.6922
1405   0.6922
1406   0.6922
1407   0.6922
1408   0.6922
1409   0.6922
1410   0.6922
1411   0.6922
1412   0.6922
1413   0.6922
1414   0.6922
1415   0.6922
1416   0.6922
1417   0.6922
1418   0.6922
1419   0.6922
1420   0.6922
1421   0.6922
1422   0.6922
1423   0.6922
1424   0.6922
1425   0.6922
1426   0.6922
1427   0.6922
1428   0.6922
1429   0.6922
1430   0.6922
1431   0.6922
1432   0.6922
1433   0.6922
1434   0.6922
1435   0.6922
1436   0.6922
1437   0.6922
1438   0.6922
1439   0.6922
1440   0.6922
1441   0.6922
1442   0.6922
1443   0.6922
1444   0.6922
1445   0.6922
1446   0.6922
1447   0.6922
1448   0.6922
1449   0.6922
1450   0.6922
1451   0.6922
1452   0.6922
1453   0.6922
1454   0.6922
1455   0.6922
1456   0.6922
1457   0.6922
1458   0.6922
1459   0.6922
1460   0.6922
1461   0.6922
1462   0.6922
1463   0.6922
1464   0.6922
1465   0.6922
1466   0.6922
1467   0.6922
1468   0.6922
1469   0.6922
1470   0.6922
1471   0.6922
1472   0.6922
1473   0.6922
1474   0.6922
1475   0.6922
1476   0.6922
1477   0.6922
1478   0.6922
1479   0.6922
1480   0.6922
1481   0.6922
1482   0.6922
1483   0.6922
1484   0.6922
1485   0.6922
1486   0.6922
1487   0.6922
1488   0.6922
1489   0.6922
1490   0.6922
1491   0.6922
1492   0.6922
1493   0.6922
1494   0.6922
1495   0.6922
1496   0.6922
1497   0.6922
1498   0.6922
1499   0.6922
1500   0.6922
1501   0.6922
1502   0.6922
1503   0.6922
1504   0.6922
1505   0.6922
1506   0.6922
1507   0.6922
1508   0.6922
1509   0.6922
1510   0.6922
1511   0.6922
1512   0.6922
1513   0.6922
1514   0.6922
1515   0.6922
1516   0.6922
1517   0.6922
1518   0.6922
1519   0.6922
1520   0.6922
1521   0.6922
1522   0.6922
1523   0.6922
1524   0.6922
1525   0.6922
1526   0.6922
1527   0.6922
1528   0.6922
1529   0.6922
1530   0.6922
1531   0.6922
1532   0.6922
1533   0.6922
1534   0.6922
1535   0.6922
1536   0.6922
1537   0.6922
1538   0.6922
1539   0.6922
1540   0.6922
1541   0.6922
1542   0.6922
1543   0.6922
1544   0.6922
1545   0.6922
1546   0.6922
1547   0.6922
1548   0.6922
1549   0.6922
1550   0.6922
1551   0.6922
1552   0.6922
1553   0.6922
1554   0.6922
1555   0.6922
1556   0.6922
1557   0.6922
1558   0.6922
1559   0.6922
1560   0.6922
1561   0.6922
1562   0.6922
1563   0.6922
1564   0.6922
1565   0.6922
1566   0.6922
1567   0.6922
1568   0.6922
1569   0.6922
1570   0.6922
1571   0.6922
1572   0.6922
1573   0.6922
1574   0.6922
1575   0.6922
1576   0.6922
1577   0.6922
1578   0.6922
1579   0.6922
1580   0.6922
1581   0.6922
1582   0.6922
1583   0.6922
1584   0.6922
1585   0.6922
1586   0.6922
1587   0.6922
1588   0.6922
1589   0.6922
1590   0.6922
1591   0.6922
1592   0.6922
1593   0.6922
1594   0.6922
1595   0.6922
1596   0.6922
1597   0.6922
1598   0.6922
1599   0.6922
1600   0.6922
1601   0.6922
1602   0.6922
1603   0.6922
1604   0.6922
1605   0.6922
1606   0.6922
1607   0.6922
1608   0.6922
1609   0.6922
1610   0.6922
1611   0.6922
1612   0.6922
1613   0.6922
1614   0.6922
1615   0.6922
1616   0.6922
1617   0.6922
1618   0.6922
1619   0.6922
1620   0.6922
1621   0.6922
1622   0.6922
1623   0.6922
1624   0.6922
1625   0.6922
1626   0.6922
1627   0.6922
1628   0.6922
1629   0.6922
1630   0.6922
1631   0.6922
1632   0.6922
1633   0.6922
1634   0.6922
1635   0.6922
1636   0.6922
1637   0.6922
1638   0.6922
1639   0.6922
1640   0.6922
1641   0.6922
1642   0.6922
1643   0.6922
1644   0.6922
1645   0.6922
1646   0.6922
1647   0.6922
1648   0.6922
1649   0.6922
1650   0.6922
1651   0.6922
1652   0.6922
1653   0.6922
1654   0.6922
1655   0.6922
1656   0.6922
1657   0.6922
1658   0.6922
1659   0.6922
1660   0.6922
1661   0.6922
1662   0.6922
1663   0.6922
1664   0.6922
1665   0.6922
1666   0.6922
1667   0.6922
1668   0.6922
1669   0.6922
1670   0.6922
1671   0.6922
1672   0.6922
1673   0.6922
1674   0.6922
1675   0.6922
1676   0.6922
1677   0.6922
1678   0.6922
1679   0.6922
1680   0.6922
1681   0.6922
1682   0.6922
1683   0.6922
1684   0.6922
1685   0.6922
1686   0.6922
1687   0.6922
1688   0.6922
1689   0.6922
1690   0.6922
1691   0.6922
1692   0.6922
1693   0.6922
1694   0.6922
1695   0.6922
1696   0.6922
1697   0.6922
1698   0.6922
1699   0.6922
1700   0.6922
1701   0.6922
1702   0.6922
1703   0.6922
1704   0.6922
1705   0.6922
1706   0.6922
1707   0.6922
1708   0.6922
1709   0.6922
1710   0.6922
1711   0.6922
1712   0.6922
1713   0.6922
1714   0.6922
1715   0.6922
1716   0.6922
1717   0.6922
1718   0.6922
1719   0.6922
1720   0.6922
1721   0.6922
1722   0.6922
1723   0.6922
1724   0.6922
1725   0.6922
1726   0.6922
1727   0.6922
1728   0.6922
1729   0.6922
1730   0.6922
1731   0.6922
1732   0.6922
1733   0.6922
1734   0.6922
1735   0.6922
1736   0.6922
1737   0.6922
1738   0.6922
1739   0.6922
1740   0.6922
1741   0.6922
1742   0.6922
1743   0.6922
1744   0.6922
1745   0.6922
1746   0.6922
1747   0.6922
1748   0.6922
1749   0.6922
1750   0.6922
1751   0.6922
1752   0.6922
1753   0.6922
1754   0.6922
1755   0.6922
1756   0.6922
1757   0.6922
1758   0.6922
1759   0.6922
1760   0.6922
1761   0.6922
1762   0.6922
1763   0.6922
1764   0.6922
1765   0.6922
1766   0.6922
1767   0.6922
1768   0.6922
1769   0.6922
1770   0.6922
1771   0.6922
1772   0.6922
1773   0.6922
1774   0.6922
1775   0.6922
1776   0.6922
1777   0.6922
1778   0.6922
1779   0.6922
1780   0.6922
1781   0.6922
1782   0.6922
1783   0.6922
1784   0.6922
1785   0.6922
1786   0.6922
1787   0.6922
1788   0.6922
1789   0.6922
1790   0.6922
1791   0.6922
1792   0.6922
1793   0.6922
1794   0.6922
1795   0.6922
1796   0.6922
1797   0.6922
1798   0.6922
1799   0.6922
1800   0.6922
1801   0.6922
1802   0.6922
1803   0.6922
1804   0.6922
1805   0.6922
1806   0.6922
1807   0.6922
1808   0.6922
1809   0.6922
1810   0.6922
1811   0.6922
1812   0.6922
1813   0.6922
1814   0.6922
1815   0.6922
1816   0.6922
1817   0.6922
1818   0.6922
1819   0.6922
1820   0.6922
1821   0.6922
1822   0.6922
1823   0.6922
1824   0.6922
1825   0.6922
1826   0.6922
1827   0.6922
1828   0.6922
1829   0.6922
1830   0.6922
1831   0.6922
1832   0.6922
1833   0.6922
1834   0.6922
1835   0.6922
1836   0.6922
1837   0.6922
1838   0.6922
1839   0.6922
1840   0.6922
1841   0.6922
1842   0.6922
1843   0.6922
1844   0.6922
1845   0.6922
1846   0.6922
1847   0.6922
1848   0.6922
1849   0.6922
1850   0.6922
1851   0.6922
1852   0.6922
1853   0.6922
1854   0.6922
1855   0.6922
1856   0.6922
1857   0.6922
1858   0.6922
1859   0.6922
1860   0.6922
1861   0.6922
1862   0.6922
1863   0.6922
1864   0.6922
1865   0.6922
1866   0.6922
1867   0.6922
1868   0.6922
1869   0.6922
1870   0.6922
1871   0.6922
1872   0.6922
1873   0.6922
1874   0.6922
1875   0.6922
1876   0.6922
1877   0.6922
1878   0.6922
1879   0.6922
1880   0.6922
1881   0.6922
1882   0.6922
1883   0.6922
1884   0.6922
1885   0.6922
1886   0.6922
1887   0.6922
1888   0.6922
1889   0.6922
1890   0.6922
1891   0.6922
1892   0.6922
1893   0.6922
1894   0.6922
1895   0.6922
1896   0.6922
1897   0.6922
1898   0.6922
1899   0.6922
1900   0.6922
1901   0.6922
1902   0.6922
1903   0.6922
1904   0.6922
1905   0.6922
1906   0.6922
1907   0.6922
1908   0.6922
1909   0.6922
1910   0.6922
1911   0.6922
1912   0.6922
1913   0.6922
1914   0.6922
1915   0.6922
1916   0.6922
1917   0.6922
1918   0.6922
1919   0.6922
1920   0.6922
1921   0.6922
1922   0.6922
1923   0.6922
1924   0.6922
1925   0.6922
1926   0.6922
1927   0.6922
1928   0.6922
1929   0.6922
1930   0.6922
1931   0.6922
1932   0.6922
1933   0.6922
1934   0.6922
1935   0.6922
1936   0.6922
1937   0.6922
1938   0.6922
1939   0.6922
1940   0.6922
1941   0.6922
1942   0.6922
1943   0.6922
1944   0.6922
1945   0.6922
1946   0.6922
1947   0.6922
1948   0.6922
1949   0.6922
1950   0.6922
1951   0.6922
1952   0.6922
1953   0.6922
1954   0.6922
1955   0.6922
1956   0.6922
1957   0.6922
1958   0.6922
1959   0.6922
1960   0.6922
1961   0.6922
1962   0.6922
1963   0.6922
1964   0.6922
1965   0.6922
1966   0.6922
1967   0.6922
1968   0.6922
1969   0.6922
1970   0.6922
1971   0.6922
1972   0.6922
1973   0.6922
1974   0.6922
1975   0.6922
1976   0.6922
1977   0.6922
1978   0.6922
1979   0.6922
1980   0.6922
1981   0.6922
1982   0.6922
1983   0.6922
1984   0.6922
1985   0.6922
1986   0.6922
1987   0.6922
1988   0.6922
1989   0.6922
1990   0.6922
1991   0.6922
1992   0.6922
1993   0.6922
1994   0.6922
1995   0.6922
1996   0.6922
1997   0.6922
1998   0.6922
1999   0.6922
2000   0.6922
2001   0.6922
2002   0.6922
2003   0.6922
2004   0.6922
2005   0.6922
2006   0.6922
2007   0.6922
2008   0.6922
2009   0.6922
2010   0.6922
2011   0.6922
2012   0.6922
2013   0.6922
2014   0.6922
2015   0.6922
2016   0.6922
2017   0.6912
2018   0.6912
2019   0.6912
2020   0.6912
2021   0.6912
2022   0.6912
2023   0.6912
2024   0.6912
2025   0.6912
2026   0.6912
2027   0.6912
2028   0.6912
2029   0.6912
2030   0.6912
2031   0.6912
2032   0.6912
2033   0.6912
2034   0.6912
2035   0.6912
2036   0.6912
2037   0.6912
2038   0.6912
2039   0.6912
2040   0.6912
2041   0.6912
2042   0.6912
2043   0.6912
2044   0.6912
2045   0.6912
2046   0.6912
2047   0.6912
2048   0.6912
2049   0.6912
2050   0.6912
2051   0.6912
2052   0.6912
2053   0.6912
2054   0.6912
2055   0.6912
2056   0.6912
2057   0.6912
2058   0.6912
2059   0.6912
2060   0.6912
2061   0.6912
2062   0.6912
2063   0.6912
2064   0.6912
2065   0.6912
2066   0.6912
2067   0.6912
2068   0.6912
2069   0.6912
2070   0.6912
2071   0.6912
2072   0.6912
2073   0.6912
2074   0.6912
2075   0.6912
2076   0.6912
2077   0.6912
2078   0.6912
2079   0.6912
2080   0.6912
2081   0.6912
2082   0.6912
2083   0.6912
2084   0.6912
2085   0.6912
2086   0.6912
2087   0.6912
2088   0.6912
2089   0.6912
2090   0.6912
2091   0.6912
2092   0.6912
2093   0.6912
2094   0.6912
2095   0.6912
2096   0.6912
2097   0.6912
2098   0.6912
2099   0.6912
2100   0.6912
2101   0.6912
2102   0.6912
2103   0.6912
2104   0.6912
2105   0.6912
2106   0.6912
2107   0.6912
2108   0.6912
2109   0.6912
2110   0.6912
2111   0.6912
2112   0.6912
2113   0.6912
2114   0.6912
2115   0.6912
2116   0.6912
2117   0.6912
2118   0.6912
2119   0.6912
2120   0.6912
2121   0.6912
2122   0.6912
2123   0.6912
2124   0.6912
2125   0.6912
2126   0.6912
2127   0.6912
2128   0.6912
2129   0.6912
2130   0.6912
2131   0.6912
2132   0.6912
2133   0.6912
2134   0.6912
2135   0.6912
2136   0.6912
2137   0.6912
2138   0.6912
2139   0.6912
2140   0.6912
2141   0.6912
2142   0.6912
2143   0.6912
2144   0.6912
2145   0.6912
2146   0.6912
2147   0.6912
2148   0.6912
2149   0.6912
2150   0.6912
2151   0.6912
2152   0.6912
2153   0.6912
2154   0.6912
2155   0.6912
2156   0.6912
2157   0.6912
2158   0.6912
2159   0.6912
2160   0.6912
2161   0.6912
2162   0.6912
2163   0.6912
2164   0.6912
2165   0.6912
2166   0.6912
2167   0.6912
2168   0.6912
2169   0.6912
2170   0.6912
2171   0.6912
2172   0.6912
2173   0.6912
2174   0.6912
2175   0.6912
2176   0.6912
2177   0.6912
2178   0.6912
2179   0.6912
2180   0.6912
2181   0.6912
2182   0.6912
2183   0.6912
2184   0.6912
2185   0.6912
2186   0.6912
2187   0.6912
2188   0.6912
2189   0.6912
2190   0.6912
2191   0.6912
2192   0.6912
2193   0.6912
2194   0.6912
2195   0.6912
2196   0.6912
2197   0.6912
2198   0.6912
2199   0.6912
2200   0.6912
2201   0.6912
2202   0.6912
2203   0.6912
2204   0.6912
2205   0.6912
2206   0.6912
2207   0.6912
2208   0.6912
2209   0.6912
2210   0.6912
2211   0.6912
2212   0.6912
2213   0.6912
2214   0.6912
2215   0.6912
2216   0.6912
2217   0.6912
2218   0.6912
2219   0.6912
2220   0.6912
2221   0.6912
2222   0.6912
2223   0.6912
2224   0.6912
2225   0.6912
2226   0.6912
2227   0.6912
2228   0.6912
2229   0.6912
2230   0.6912
2231   0.6912
2232   0.6912
2233   0.6912
2234   0.6912
2235   0.6912
2236   0.6912
2237   0.6912
2238   0.6912
2239   0.6912
2240   0.6912
2241   0.6912
2242   0.6912
2243   0.6912
2244   0.6912
2245   0.6912
2246   0.6912
2247   0.6912
2248   0.6912
2249   0.6912
2250   0.6912
2251   0.6912
2252   0.6912
2253   0.6912
2254   0.6912
2255   0.6912
2256   0.6912
2257   0.6912
2258   0.6912
2259   0.6912
2260   0.6912
2261   0.6912
2262   0.6912
2263   0.6912
2264   0.6912
2265   0.6912
2266   0.6912
2267   0.6912
2268   0.6912
2269   0.6912
2270   0.6912
2271   0.6912
2272   0.6912
2273   0.6912
2274   0.6912
2275   0.6912
2276   0.6912
2277   0.6912
2278   0.6912
2279   0.6912
2280   0.6912
2281   0.6912
2282   0.6912
2283   0.6912
2284   0.6912
2285   0.6912
2286   0.6912
2287   0.6912
2288   0.6912
2289   0.6912
2290   0.6912
2291   0.6912
2292   0.6912
2293   0.6912
2294   0.6912
2295   0.6912
2296   0.6912
2297   0.6912
2298   0.6912
2299   0.6912
2300   0.6912
2301   0.6912
2302   0.6912
2303   0.6912
2304   0.6912
2305   0.6912
2306   0.6912
2307   0.6912
2308   0.6912
2309   0.6912
2310   0.6912
2311   0.6912
2312   0.6912
2313   0.6912
2314   0.6912
2315   0.6912
2316   0.6912
2317   0.6912
2318   0.6912
2319   0.6912
2320   0.6912
2321   0.6912
2322   0.6912
2323   0.6912
2324   0.6912
2325   0.6912
2326   0.6912
2327   0.6912
2328   0.6912
2329   0.6912
2330   0.6912
2331   0.6912
2332   0.6912
2333   0.6912
2334   0.6912
2335   0.6912
2336   0.6912
2337   0.6912
2338   0.6912
2339   0.6912
2340   0.6912
2341   0.6912
2342   0.6912
2343   0.6912
2344   0.6912
2345   0.6912
2346   0.6912
2347   0.6912
2348   0.6912
2349   0.6912
2350   0.6912
2351   0.6912
2352   0.6912
2353   0.6912
2354   0.6912
2355   0.6912
2356   0.6912
2357   0.6912
2358   0.6912
2359   0.6912
2360   0.6912
2361   0.6912
2362   0.6912
2363   0.6912
2364   0.6912
2365   0.6912
2366   0.6912
2367   0.6912
2368   0.6912
2369   0.6912
2370   0.6912
2371   0.6912
2372   0.6912
2373   0.6912
2374   0.6912
2375   0.6912
2376   0.6912
2377   0.6912
2378   0.6912
2379   0.6912
2380   0.6912
2381   0.6912
2382   0.6912
2383   0.6912
2384   0.6912
2385   0.6912
2386   0.6912
2387   0.6912
2388   0.6912
2389   0.6912
2390   0.6912
2391   0.6912
2392   0.6912
2393   0.6912
2394   0.6912
2395   0.6912
2396   0.6912
2397   0.6912
2398   0.6912
2399   0.6912
2400   0.6912
2401   0.6912
2402   0.6912
2403   0.6912
2404   0.6912
2405   0.6912
2406   0.6912
2407   0.6912
2408   0.6912
2409   0.6912
2410   0.6912
2411   0.6912
2412   0.6912
2413   0.6912
2414   0.6912
2415   0.6912
2416   0.6912
2417   0.6912
2418   0.6912
2419   0.6912
2420   0.6912
2421   0.6912
2422   0.6912
2423   0.6912
2424   0.6912
2425   0.6912
2426   0.6912
2427   0.6912
2428   0.6912
2429   0.6912
2430   0.6912
2431   0.6912
2432   0.6912
2433   0.6912
2434   0.6912
2435   0.6912
2436   0.6912
2437   0.6912
2438   0.6912
2439   0.6912
2440   0.6912
2441   0.6912
2442   0.6912
2443   0.6912
2444   0.6912
2445   0.6912
2446   0.6912
2447   0.6912
2448   0.6912
2449   0.6912
2450   0.6912
2451   0.6912
2452   0.6912
2453   0.6912
2454   0.6912
2455   0.6912
2456   0.6912
2457   0.6912
2458   0.6912
2459   0.6912
2460   0.6912
2461   0.6912
2462   0.6912
2463   0.6912
2464   0.6912
2465   0.6912
2466   0.6912
2467   0.6912
2468   0.6912
2469   0.6912
2470   0.6912
2471   0.6912
2472   0.6912
2473   0.6912
2474   0.6912
2475   0.6912
2476   0.6912
2477   0.6912
2478   0.6912
2479   0.6912
2480   0.6912
2481   0.6912
2482   0.6912
2483   0.6912
2484   0.6912
2485   0.6912
2486   0.6912
2487   0.6912
2488   0.6912
2489   0.6912
2490   0.6912
2491   0.6912
2492   0.6912
2493   0.6912
2494   0.6912
2495   0.6912
2496   0.6912
2497   0.6912
2498   0.6912
2499   0.6912
2500   0.6912
2501   0.6912
2502   0.6912
2503   0.6912
2504   0.6912
2505   0.6912
2506   0.6912
2507   0.6912
2508   0.6912
2509   0.6912
2510   0.6912
2511   0.6912
2512   0.6912
2513   0.6912
2514   0.6912
2515   0.6912
2516   0.6912
2517   0.6912
2518   0.6912
2519   0.6912
2520   0.6912
2521   0.6912
2522   0.6912
2523   0.6912
2524   0.6912
2525   0.6912
2526   0.6912
2527   0.6912
2528   0.6912
2529   0.6912
2530   0.6912
2531   0.6912
2532   0.6912
2533   0.6912
2534   0.6912
2535   0.6912
2536   0.6912
2537   0.6912
2538   0.6912
2539   0.6912
2540   0.6912
2541   0.6912
2542   0.6912
2543   0.6912
2544   0.6912
2545   0.6912
2546   0.6912
2547   0.6912
2548   0.6912
2549   0.6912
2550   0.6912
2551   0.6912
2552   0.6912
2553   0.6912
2554   0.6912
2555   0.6912
2556   0.6912
2557   0.6912
2558   0.6912
2559   0.6912
2560   0.6912
2561   0.6912
2562   0.6912
2563   0.6912
2564   0.6912
2565   0.6912
2566   0.6912
2567   0.6912
2568   0.6912
2569   0.6912
2570   0.6912
2571   0.6912
2572   0.6912
2573   0.6912
2574   0.6912
2575   0.6912
2576   0.6912
2577   0.6912
2578   0.6912
2579   0.6912
2580   0.6912
2581   0.6912
2582   0.6912
2583   0.6912
2584   0.6912
2585   0.6912
2586   0.6912
2587   0.6912
2588   0.6912
2589   0.6912
2590   0.6912
2591   0.6912
2592   0.6912
2593   0.6912
2594   0.6912
2595   0.6912
2596   0.6912
2597   0.6912
2598   0.6912
2599   0.6912
2600   0.6912
2601   0.6912
2602   0.6912
2603   0.6912
2604   0.6912
2605   0.6912
2606   0.6912
2607   0.6912
2608   0.6912
2609   0.6912
2610   0.6912
2611   0.6912
2612   0.6912
2613   0.6912
2614   0.6912
2615   0.6912
2616   0.6912
2617   0.6912
2618   0.6912
2619   0.6912
2620   0.6912
2621   0.6912
2622   0.6912
2623   0.6912
2624   0.6912
2625   0.6912
2626   0.6912
2627   0.6912
2628   0.6912
2629   0.6912
2630   0.6912
2631   0.6912
2632   0.6912
2633   0.6912
2634   0.6912
2635   0.6912
2636   0.6912
2637   0.6912
2638   0.6912
2639   0.6912
2640   0.6912
2641   0.6912
2642   0.6912
2643   0.6912
2644   0.6912
2645   0.6912
2646   0.6912
2647   0.6912
2648   0.6912
2649   0.6912
2650   0.6912
2651   0.6912
2652   0.6912
2653   0.6912
2654   0.6912
2655   0.6912
2656   0.6912
2657   0.6912
2658   0.6912
2659   0.6912
2660   0.6912
2661   0.6912
2662   0.6912
2663   0.6912
2664   0.6912
2665   0.6912
2666   0.6912
2667   0.6912
2668   0.6912
2669   0.6912
2670   0.6912
2671   0.6912
2672   0.6912
2673   0.6912
2674   0.6912
2675   0.6912
2676   0.6912
2677   0.6912
2678   0.6912
2679   0.6912
2680   0.6912
2681   0.6912
2682   0.6912
2683   0.6912
2684   0.6912
2685   0.6912
2686   0.6912
2687   0.6912
2688   0.6912
2689   0.6912
2690   0.6912
2691   0.6912
2692   0.6912
2693   0.6912
2694   0.6912
2695   0.6912
2696   0.6912
2697   0.6912
2698   0.6912
2699   0.6912
2700   0.6912
2701   0.6912
2702   0.6912
2703   0.6912
2704   0.6912
2705   0.6912
2706   0.6912
2707   0.6912
2708   0.6912
2709   0.6912
2710   0.6912
2711   0.6912
2712   0.6912
2713   0.6912
2714   0.6912
2715   0.6912
2716   0.6912
2717   0.6912
2718   0.6912
2719   0.6912
2720   0.6912
2721   0.6912
2722   0.6912
2723   0.6912
2724   0.6912
2725   0.6912
2726   0.6912
2727   0.6912
2728   0.6912
2729   0.6912
2730   0.6912
2731   0.6912
2732   0.6912
2733   0.6912
2734   0.6912
2735   0.6912
2736   0.6912
2737   0.6912
2738   0.6912
2739   0.6912
2740   0.6912
2741   0.6912
2742   0.6912
2743   0.6912
2744   0.6912
2745   0.6912
2746   0.6912
2747   0.6912
2748   0.6912
2749   0.6912
2750   0.6912
2751   0.6912
2752   0.6912
2753   0.6912
2754   0.6912
2755   0.6912
2756   0.6912
2757   0.6912
2758   0.6912
2759   0.6912
2760   0.6912
2761   0.6912
2762   0.6912
2763   0.6912
2764   0.6912
2765   0.6912
2766   0.6912
2767   0.6912
2768   0.6912
2769   0.6912
2770   0.6912
2771   0.6912
2772   0.6912
2773   0.6912
2774   0.6912
2775   0.6912
2776   0.6912
2777   0.6912
2778   0.6912
2779   0.6912
2780   0.6912
2781   0.6912
2782   0.6912
2783   0.6912
2784   0.6912
2785   0.6912
2786   0.6912
2787   0.6912
2788   0.6912
2789   0.6912
2790   0.6912
2791   0.6912
2792   0.6912
2793   0.6912
2794   0.6912
2795   0.6912
2796   0.6912
2797   0.6912
2798   0.6912
2799   0.6912
2800   0.6912
2801   0.6912
2802   0.6912
2803   0.6912
2804   0.6912
2805   0.6912
2806   0.6912
2807   0.6912
2808   0.6912
2809   0.6912
2810   0.6912
2811   0.6912
2812   0.6912
2813   0.6912
2814   0.6912
2815   0.6912
2816   0.6912
2817   0.6912
2818   0.6912
2819   0.6912
2820   0.6912
2821   0.6912
2822   0.6912
2823   0.6912
2824   0.6912
2825   0.6912
2826   0.6912
2827   0.6912
2828   0.6912
2829   0.6912
2830   0.6912
2831   0.6912
2832   0.6912
2833   0.6912
2834   0.6912
2835   0.6912
2836   0.6912
2837   0.6912
2838   0.6912
2839   0.6912
2840   0.6912
2841   0.6912
2842   0.6912
2843   0.6912
2844   0.6912
2845   0.6912
2846   0.6912
2847   0.6912
2848   0.6912
2849   0.6912
2850   0.6912
2851   0.6912
2852   0.6912
2853   0.6912
2854   0.6912
2855   0.6912
2856   0.6912
2857   0.6912
2858   0.6912
2859   0.6912
2860   0.6912
2861   0.6912
2862   0.6912
2863   0.6912
2864   0.6912
2865   0.6912
2866   0.6912
2867   0.6912
2868   0.6912
2869   0.6912
2870   0.6912
2871   0.6912
2872   0.6912
2873   0.6912
2874   0.6912
2875   0.6912
2876   0.6912
2877   0.6912
2878   0.6912
2879   0.6912
2880   0.6912
2881   0.6912
2882   0.6912
2883   0.6912
2884   0.6912
2885   0.6912
2886   0.6912
2887   0.6912
2888   0.6912
2889   0.6912
2890   0.6912
2891   0.6912
2892   0.6912
2893   0.6912
2894   0.6912
2895   0.6912
2896   0.6912
2897   0.6912
2898   0.6912
2899   0.6912
2900   0.6912
2901   0.6912
2902   0.6912
2903   0.6912
2904   0.6912
2905   0.6912
2906   0.6912
2907   0.6912
2908   0.6912
2909   0.6912
2910   0.6912
2911   0.6912
2912   0.6912
2913   0.6912
2914   0.6912
2915   0.6912
2916   0.6912
2917   0.6912
2918   0.6912
2919   0.6912
2920   0.6912
2921   0.6912
2922   0.6912
2923   0.6912
2924   0.6912
2925   0.6912
2926   0.6912
2927   0.6912
2928   0.6912
2929   0.6912
2930   0.6912
2931   0.6912
2932   0.6912
2933   0.6912
2934   0.6912
2935   0.6912
2936   0.6912
2937   0.6912
2938   0.6912
2939   0.6912
2940   0.6912
2941   0.6912
2942   0.6912
2943   0.6912
2944   0.6912
2945   0.6912
2946   0.6912
2947   0.6912
2948   0.6912
2949   0.6912
2950   0.6912
2951   0.6912
2952   0.6912
2953   0.6912
2954   0.6912
2955   0.6912
2956   0.6912
2957   0.6912
2958   0.6912
2959   0.6912
2960   0.6912
2961   0.6912
2962   0.6912
2963   0.6912
2964   0.6912
2965   0.6912
2966   0.6912
2967   0.6912
2968   0.6912
2969   0.6912
2970   0.6912
2971   0.6912
2972   0.6912
2973   0.6912
2974   0.6912
2975   0.6912
2976   0.6912
2977   0.6912
2978   0.6912
2979   0.6912
2980   0.6912
2981   0.6912
2982   0.6912
2983   0.6912
2984   0.6912
2985   0.6912
2986   0.6912
2987   0.6912
2988   0.6912
2989   0.6912
2990   0.6912
2991   0.6912
2992   0.6912
2993   0.6912
2994   0.6912
2995   0.6912
2996   0.6912
2997   0.6912
2998   0.6912
2999   0.6912
3000   0.6912
