1   2.5754   2.5754
2   1.7596   1.7596
3  38.4950   1.7596
4   9.2719   1.7596
5   2.3657   1.7596
6   2.4059   1.7596
7   1.1463   1.1463
8   3.9728   1.1463
9   6.9022   1.1463
10   4.6764   1.1463
11   2.5689   1.1463
12   7.6150   1.1463
13   4.4346   1.1463
14   7.9549   1.1463
15   2.4850   1.1463
16 123.9472   1.1463
17  10.8160   1.1463
18   2.3461   1.1463
19   7.0644   1.1463
20   2.4825   1.1463
21  26.5802   1.1463
22   6.9814   1.1463
23 209.4811   1.1463
24   9.2527   1.1463
25   2.5231   1.1463
26 894.5922   1.1463
27  11.4716   1.1463
28   0.7669   0.7669
29 901.7380   0.7669
30   5.6362   0.7669
31   2.3667   0.7669
32   2.4805   0.7669
33   3.5909   0.7669
34   2.1319   0.7669
35   2.3305   0.7669
36   2.5767   0.7669
37 7705.9359   0.7669
38   2.7504   0.7669
39   2.5250   0.7669
40   2.4529   0.7669
41   2.4330   0.7669
42 1200.9724   0.7669
43  11.0132   0.7669
44 6080.5938   0.7669
45  30.4965   0.7669
46   2.3756   0.7669
47   2.8725   0.7669
48   2.4832   0.7669
49  25.8105   0.7669
50  13.9928   0.7669
51  12.2218   0.7669
52   2.3290   0.7669
53   3.8140   0.7669
54  34.8770   0.7669
55 170.9603   0.7669
56  30.0567   0.7669
57   3.2500   0.7669
58  31.9502   0.7669
59   2.4340   0.7669
60  11.6157   0.7669
61 647.7695   0.7669
62  34.8056   0.7669
63   2.4506   0.7669
64   4.4444   0.7669
65  11.9182   0.7669
66   2.5042   0.7669
67   2.5140   0.7669
68   1.8536   0.7669
69      NaN   0.7669
70   2.3185   0.7669
71   3.1706   0.7669
72   1.8143   0.7669
73   6.5838   0.7669
74   6.9653   0.7669
75 8330.5708   0.7669
76   3.0186   0.7669
77  14.5947   0.7669
78   2.5250   0.7669
79   9.2989   0.7669
80   3.6397   0.7669
81   2.5465   0.7669
82  42.0008   0.7669
83   2.4340   0.7669
84   2.4340   0.7669
85 874.8232   0.7669
86 6827.4641   0.7669
87   1.3776   0.7669
88  24.8496   0.7669
89   2.7877   0.7669
90   3.2374   0.7669
91   2.5996   0.7669
92 172.6897   0.7669
93   2.3075   0.7669
94   7.8873   0.7669
95   2.5077   0.7669
96 1271.2954   0.7669
97   8.4994   0.7669
98   2.4340   0.7669
99   1.7596   0.7669
100   2.4549   0.7669
101   5.5253   0.7669
102 221.9312   0.7669
103   6.9329   0.7669
104   1.7596   0.7669
105   2.4943   0.7669
106   2.4814   0.7669
107   2.5114   0.7669
108 1233.0222   0.7669
109  29.7303   0.7669
110   3.0348   0.7669
111 2572.6941   0.7669
112   9.9308   0.7669
113   2.4276   0.7669
114 5241.9359   0.7669
115  50.8933   0.7669
116   5.9074   0.7669
117   2.5273   0.7669
118  20.3698   0.7669
119   2.2391   0.7669
120   2.5250   0.7669
121  24.2273   0.7669
122   3.2026   0.7669
123  22.2729   0.7669
124   2.8027   0.7669
125  25.1297   0.7669
126   2.4944   0.7669
127   2.3934   0.7669
128   2.1825   0.7669
129  11.7978   0.7669
130  25.8105   0.7669
131  19.9612   0.7669
132   5.3826   0.7669
133  18.2371   0.7669
134   2.4571   0.7669
135   2.3850   0.7669
136   7.1658   0.7669
137  48.6598   0.7669
138   2.4975   0.7669
139   5.6075   0.7669
140  17.6506   0.7669
141 643.1309   0.7669
142   8.7081   0.7669
143  59.6955   0.7669
144 5568.4641   0.7669
145   2.4435   0.7669
146 1453.3937   0.7669
147   1.8300   0.7669
148   2.4272   0.7669
149   2.4265   0.7669
150   2.1634   0.7669
151  68.1183   0.7669
152 1548.2641   0.7669
153 1556.4378   0.7669
154   6.9022   0.7669
155 991.3204   0.7669
156  40.5678   0.7669
157   2.5460   0.7669
158 3240.3124   0.7669
159   2.5578   0.7669
160   2.3840   0.7669
161   2.5667   0.7669
162   1.9739   0.7669
163   2.9247   0.7669
164  35.3723   0.7669
165 1509.1826   0.7669
166   2.3997   0.7669
167 117.8329   0.7669
168   6.1067   0.7669
169   2.4620   0.7669
170   1.7596   0.7669
171   2.5136   0.7669
172   2.4936   0.7669
173   2.5085   0.7669
174  35.9688   0.7669
175   4.2854   0.7669
176   2.0943   0.7669
177   2.5204   0.7669
178   5.8967   0.7669
179   1.7596   0.7669
180  14.9473   0.7669
181   7.0476   0.7669
182   2.5250   0.7669
183   1.7253   0.7669
184   2.4763   0.7669
185   2.4297   0.7669
186 947.3607   0.7669
187   4.9828   0.7669
188   2.3577   0.7669
189   4.2298   0.7669
190   2.4340   0.7669
191   7.6976   0.7669
192   2.4173   0.7669
193  12.7230   0.7669
194   2.4163   0.7669
195   2.4365   0.7669
196   1.6975   0.7669
197 1678.1998   0.7669
198   1.6785   0.7669
199   2.4775   0.7669
200   7.4774   0.7669
201 3389.5409   0.7669
202   3.3127   0.7669
203 2450.5141   0.7669
204   6.9022   0.7669
205   9.3534   0.7669
206   7.3567   0.7669
207   5.2141   0.7669
208   2.4780   0.7669
209   2.3649   0.7669
210  16.1167   0.7669
211  17.8664   0.7669
212  12.0775   0.7669
213  26.5547   0.7669
214   2.3068   0.7669
215   2.5055   0.7669
216   6.3302   0.7669
217   2.4696   0.7669
218   2.4340   0.7669
219   2.4340   0.7669
220   2.4732   0.7669
221   2.3950   0.7669
222   2.4340   0.7669
223 216.2155   0.7669
224   3.1853   0.7669
225 1519.0141   0.7669
226   2.5098   0.7669
227   2.7752   0.7669
228   9.0650   0.7669
229   1.8786   0.7669
230   6.9022   0.7669
231   2.5375   0.7669
232   7.6104   0.7669
233   5.0641   0.7669
234   2.5810   0.7669
235   2.5491   0.7669
236   2.3910   0.7669
237   7.9876   0.7669
238   2.5530   0.7669
239   2.6701   0.7669
240  15.4816   0.7669
241 35743.7787   0.7669
242 1209.7103   0.7669
243   2.5499   0.7669
244   4.1304   0.7669
245  74.3209   0.7669
246   2.5279   0.7669
247   1.9726   0.7669
248   1.2313   0.7669
249   3.0104   0.7669
250   6.9022   0.7669
251  19.3175   0.7669
252   2.5334   0.7669
253   2.5593   0.7669
254   2.2367   0.7669
255  14.5635   0.7669
256 934.5291   0.7669
257 989.4590   0.7669
258   2.5283   0.7669
259   2.5188   0.7669
260 840.7049   0.7669
261 3861.3905   0.7669
262 156.7619   0.7669
263   2.5023   0.7669
264   2.5788   0.7669
265   9.3013   0.7669
266   2.0779   0.7669
267   8.4854   0.7669
268   2.5528   0.7669
269   6.3930   0.7669
270   1.1637   0.7669
271  10.7274   0.7669
272   1.7596   0.7669
273 7434.0708   0.7669
274   2.3840   0.7669
275  25.8105   0.7669
276 139.0457   0.7669
277 1259.6312   0.7669
278   1.7596   0.7669
279   6.3902   0.7669
280   2.4980   0.7669
281   2.7334   0.7669
282   2.5116   0.7669
283  15.5977   0.7669
284   2.1062   0.7669
285   2.5020   0.7669
286   2.4329   0.7669
287   6.3699   0.7669
288   6.5295   0.7669
289   1.6892   0.7669
290   8.7840   0.7669
291   2.5036   0.7669
292   2.5014   0.7669
293   1.7596   0.7669
294   2.4164   0.7669
295   7.3421   0.7669
296 1061.3346   0.7669
297   2.4795   0.7669
298   7.1320   0.7669
299   2.4723   0.7669
300   1.8683   0.7669
301   2.3840   0.7669
302   2.3846   0.7669
303   2.3840   0.7669
304   1.9673   0.7669
305 14308.8216   0.7669
306   2.5479   0.7669
307 915.5460   0.7669
308   2.5250   0.7669
309  20.7872   0.7669
310   2.7870   0.7669
311 218.6836   0.7669
312   2.5168   0.7669
313   3.4139   0.7669
314   2.4906   0.7669
315  10.9080   0.7669
316   2.3840   0.7669
317   2.5368   0.7669
318 66817.8235   0.7669
319   3.1013   0.7669
320   2.3507   0.7669
321   2.5171   0.7669
322   1.8207   0.7669
323   2.5250   0.7669
324  35.5519   0.7669
325   3.3146   0.7669
326  30.6580   0.7669
327   2.5181   0.7669
328   2.4950   0.7669
329 252.5846   0.7669
330      NaN   0.7669
331   4.8888   0.7669
332   2.5140   0.7669
333   2.4977   0.7669
334 1903.0611   0.7669
335   2.3840   0.7669
336   6.6710   0.7669
337   2.1847   0.7669
338   1.3026   0.7669
339   3.3561   0.7669
340   9.8054   0.7669
341   2.4340   0.7669
342   2.0806   0.7669
343   6.8846   0.7669
344  12.4612   0.7669
345   2.3324   0.7669
346   2.5389   0.7669
347   2.4691   0.7669
348   2.5220   0.7669
349   1.8501   0.7669
350   2.5706   0.7669
351 1682.9832   0.7669
352   9.3640   0.7669
353   3.4586   0.7669
354   1.0876   0.7669
355   2.5034   0.7669
356 870.8689   0.7669
357   2.4760   0.7669
358   2.0106   0.7669
359   2.4734   0.7669
360   2.0935   0.7669
361   2.4522   0.7669
362 2783.7309   0.7669
363  25.8105   0.7669
364 3832.5817   0.7669
365 877.6476   0.7669
366   3.7856   0.7669
367   2.6370   0.7669
368   1.7596   0.7669
369  37.1123   0.7669
370   2.4340   0.7669
371   2.3958   0.7669
372   2.5354   0.7669
373   2.4532   0.7669
374  21.6580   0.7669
375  30.3961   0.7669
376   2.5728   0.7669
377  24.9104   0.7669
378  21.8179   0.7669
379   2.3840   0.7669
380  10.1837   0.7669
381   3.3409   0.7669
382   3.3411   0.7669
383   2.5804   0.7669
384   6.0532   0.7669
385   2.5893   0.7669
386   4.4567   0.7669
387   2.6060   0.7669
388   3.5852   0.7669
389   6.7762   0.7669
390   1.7596   0.7669
391   2.4367   0.7669
392  18.4190   0.7669
393  24.0694   0.7669
394  25.8916   0.7669
395 4223.8372   0.7669
396   5.6935   0.7669
397  16.2953   0.7669
398 879.9810   0.7669
399   2.5342   0.7669
400   2.4517   0.7669
401   2.4365   0.7669
402 713.6433   0.7669
403   4.3265   0.7669
404   2.5237   0.7669
405   3.1457   0.7669
406  15.7056   0.7669
407   2.4305   0.7669
408 1249.8701   0.7669
409   8.1270   0.7669
410 7868.5141   0.7669
411   1.8988   0.7669
412   3.7699   0.7669
413   2.3840   0.7669
414   8.7937   0.7669
415   8.0767   0.7669
416   2.4924   0.7669
417   2.5011   0.7669
418   2.4495   0.7669
419   4.4306   0.7669
420 9251.9913   0.7669
421  11.7481   0.7669
422   2.3761   0.7669
423   2.5586   0.7669
424   5.6002   0.7669
425   2.3412   0.7669
426   8.6045   0.7669
427   2.4444   0.7669
428   8.8994   0.7669
429 1334.1731   0.7669
430   3.3203   0.7669
431   6.9022   0.7669
432   2.2883   0.7669
433 1027.1530   0.7669
434   6.9775   0.7669
435  25.8105   0.7669
436  22.7364   0.7669
437   2.4334   0.7669
438   9.8012   0.7669
439 1310.2189   0.7669
440   1.8055   0.7669
441      NaN   0.7669
442   2.2880   0.7669
443 1123.4641   0.7669
444   2.4340   0.7669
445   2.4528   0.7669
446   2.4340   0.7669
447   2.5778   0.7669
448   1.7596   0.7669
449  20.6696   0.7669
450   2.3623   0.7669
451   4.9476   0.7669
452   3.0165   0.7669
453   3.0399   0.7669
454   2.5276   0.7669
455   2.6930   0.7669
456   2.4193   0.7669
457   3.3499   0.7669
458   6.1907   0.7669
459  18.0793   0.7669
460   2.3871   0.7669
461   3.9436   0.7669
462   2.6477   0.7669
463   3.1798   0.7669
464   2.5066   0.7669
465   2.3416   0.7669
466   2.6680   0.7669
467   6.9022   0.7669
468 718.4767   0.7669
469   2.4377   0.7669
470   1.7982   0.7669
471  17.2384   0.7669
472   2.0572   0.7669
473  37.1207   0.7669
474  25.8472   0.7669
475   2.4740   0.7669
476   2.4340   0.7669
477   6.3300   0.7669
478   2.4983   0.7669
479   2.9307   0.7669
480   6.0688   0.7669
481   2.5957   0.7669
482 1601.8994   0.7669
483   2.6552   0.7669
484   3.3032   0.7669
485 1898.3234   0.7669
486   2.4652   0.7669
487  10.6121   0.7669
488  21.0670   0.7669
489  14.1522   0.7669
490   2.6149   0.7669
491   2.2772   0.7669
492   2.4955   0.7669
493   6.4655   0.7669
494   2.4890   0.7669
495   2.4310   0.7669
496   1.5531   0.7669
497   4.2112   0.7669
498   2.5191   0.7669
499  13.2730   0.7669
500   2.5243   0.7669
501   2.4340   0.7669
502  76.5487   0.7669
503   1.7596   0.7669
504   6.6763   0.7669
505 7709.9141   0.7669
506   2.5187   0.7669
507   2.4985   0.7669
508   1.9271   0.7669
509   2.5182   0.7669
510   1.6244   0.7669
511   2.4487   0.7669
512   1.7596   0.7669
513   2.5414   0.7669
514   5.4373   0.7669
515   2.5183   0.7669
516   2.4673   0.7669
517   2.6962   0.7669
518 1053.3146   0.7669
519   9.0825   0.7669
520   2.4330   0.7669
521   6.9022   0.7669
522   6.5585   0.7669
523  83.9399   0.7669
524   9.9815   0.7669
525   2.5187   0.7669
526 568.7162   0.7669
527  16.8162   0.7669
528  12.0542   0.7669
529   5.4051   0.7669
530   3.2927   0.7669
531   5.4537   0.7669
532 919.0669   0.7669
533   2.5239   0.7669
534   3.2939   0.7669
535   7.0715   0.7669
536   1.2340   0.7669
537   4.0084   0.7669
538  12.1490   0.7669
539   2.6422   0.7669
540  59.5621   0.7669
541   2.3812   0.7669
542   2.3353   0.7669
543   1.8648   0.7669
544   2.4194   0.7669
545   2.4640   0.7669
546  13.9952   0.7669
547   2.3840   0.7669
548   3.7856   0.7669
549   5.9602   0.7669
550  25.6289   0.7669
551 7621.5859   0.7669
552  25.8105   0.7669
553  15.7742   0.7669
554   5.2059   0.7669
555   2.4340   0.7669
556   1.1005   0.7669
557   1.6502   0.7669
558   1.4607   0.7669
559   3.2972   0.7669
560   2.5250   0.7669
561  25.8105   0.7669
562 8342.5432   0.7669
563   2.3048   0.7669
564   1.3533   0.7669
565 940.3371   0.7669
566   2.4296   0.7669
567   9.6226   0.7669
568   8.8724   0.7669
569 1251.7863   0.7669
570   2.3464   0.7669
571   8.2734   0.7669
572   6.9022   0.7669
573   2.4554   0.7669
574  89.6293   0.7669
575  12.9103   0.7669
576  11.3648   0.7669
577   2.4769   0.7669
578   3.4213   0.7669
579   2.8573   0.7669
580   2.5033   0.7669
581   2.5380   0.7669
582   3.1004   0.7669
583  16.0313   0.7669
584 5793.8132   0.7669
585   6.1808   0.7669
586   1.2575   0.7669
587   8.5143   0.7669
588   2.5243   0.7669
589   3.9755   0.7669
590  10.1757   0.7669
591 132.9875   0.7669
592   7.3517   0.7669
593   3.1111   0.7669
594   2.3854   0.7669
595   2.5064   0.7669
596   2.6436   0.7669
597   2.5180   0.7669
598  11.0810   0.7669
599   2.9523   0.7669
600   2.5074   0.7669
601   3.9976   0.7669
602   2.3411   0.7669
603 21833.9666   0.7669
604 898.7143   0.7669
605   3.1273   0.7669
606   2.5056   0.7669
607 4788.2941   0.7669
608   1.9561   0.7669
609 169.0832   0.7669
610   2.3167   0.7669
611   4.9940   0.7669
612   2.2713   0.7669
613   2.3946   0.7669
614   3.3844   0.7669
615   2.7618   0.7669
616   1.7920   0.7669
617   5.8835   0.7669
618   2.3749   0.7669
619   9.0955   0.7669
620   2.3840   0.7669
621  12.6546   0.7669
622   2.4975   0.7669
623   8.7693   0.7669
624   2.5127   0.7669
625   2.5250   0.7669
626   2.5250   0.7669
627   3.1917   0.7669
628   7.3485   0.7669
629   6.2993   0.7669
630   2.5167   0.7669
631   6.7266   0.7669
632   3.1147   0.7669
633   2.8118   0.7669
634   2.3840   0.7669
635   2.4802   0.7669
636   3.2686   0.7669
637   9.7592   0.7669
638   2.4212   0.7669
639 8591.3641   0.7669
640   6.9022   0.7669
641  28.6176   0.7669
642   6.5667   0.7669
643   2.4716   0.7669
644   2.5528   0.7669
645 1150.0496   0.7669
646   2.4456   0.7669
647   6.0247   0.7669
648   1.8410   0.7669
649   1.3437   0.7669
650  21.2084   0.7669
651   3.0427   0.7669
652   4.0488   0.7669
653 123281.2672   0.7669
654   3.0835   0.7669
655   2.3840   0.7669
656   5.1282   0.7669
657   6.6575   0.7669
658   2.5665   0.7669
659   1.4756   0.7669
660   3.5811   0.7669
661   2.6340   0.7669
662   1.7136   0.7669
663 170.8336   0.7669
664   2.3588   0.7669
665   1.7852   0.7669
666 772.2616   0.7669
667   6.9022   0.7669
668   2.4974   0.7669
669   6.9705   0.7669
670 112.0497   0.7669
671   2.5250   0.7669
672   1.7705   0.7669
673   2.4691   0.7669
674   2.4885   0.7669
675   1.4602   0.7669
676   4.9063   0.7669
677   1.7596   0.7669
678   1.4736   0.7669
679   2.7787   0.7669
680   2.3068   0.7669
681   2.4266   0.7669
682   9.4683   0.7669
683   3.6320   0.7669
684   2.1768   0.7669
685   2.8085   0.7669
686   5.3427   0.7669
687   2.4340   0.7669
688   3.5943   0.7669
689  39.2897   0.7669
690   2.5377   0.7669
691   2.4176   0.7669
692 141.6940   0.7669
693  10.8038   0.7669
694   2.5133   0.7669
695   2.4836   0.7669
696   7.2822   0.7669
697   2.3551   0.7669
698   1.4889   0.7669
699 262.0377   0.7669
700   3.8086   0.7669
701   1.9484   0.7669
702   2.6061   0.7669
703   5.5003   0.7669
704   2.4440   0.7669
705   2.3068   0.7669
706   6.1789   0.7669
707   2.3840   0.7669
708   6.0328   0.7669
709 1566.1359   0.7669
710   2.4340   0.7669
711   3.6216   0.7669
712   4.1671   0.7669
713   2.7422   0.7669
714  28.2932   0.7669
715   2.5361   0.7669
716   2.5790   0.7669
717   3.2525   0.7669
718   2.0392   0.7669
719   3.7620   0.7669
720 4157.9859   0.7669
721   7.2253   0.7669
722   1.7141   0.7669
723   1.3444   0.7669
724   2.2927   0.7669
725   4.7730   0.7669
726   2.4767   0.7669
727   3.3668   0.7669
728  17.2926   0.7669
729   2.6583   0.7669
730   2.5369   0.7669
731 752.8183   0.7669
732   2.7511   0.7669
733   2.6926   0.7669
734   2.3840   0.7669
735  10.1832   0.7669
736   2.1898   0.7669
737   2.4202   0.7669
738   4.9496   0.7669
739   8.0574   0.7669
740   2.2872   0.7669
741 329.7350   0.7669
742  56.5577   0.7669
743  23.3842   0.7669
744   2.4686   0.7669
745  18.2631   0.7669
746   3.2123   0.7669
747   3.2248   0.7669
748   2.1518   0.7669
749   4.7003   0.7669
750   4.4100   0.7669
751   2.5250   0.7669
752   2.4340   0.7669
753   3.6010   0.7669
754  92.8248   0.7669
755  31.1633   0.7669
756   1.0503   0.7669
757   7.5734   0.7669
758  38.7937   0.7669
759   8.1122   0.7669
760   2.4340   0.7669
761   2.5417   0.7669
762   5.0489   0.7669
763   1.9422   0.7669
764   2.7325   0.7669
765 8056.1141   0.7669
766   2.4203   0.7669
767  16.7348   0.7669
768  38.9520   0.7669
769   6.0715   0.7669
770   6.9022   0.7669
771   2.8885   0.7669
772 729.1860   0.7669
773      Inf   0.7669
774   2.6150   0.7669
775   1.2870   0.7669
776   2.5566   0.7669
777 5317.7343   0.7669
778   6.2398   0.7669
779   2.4710   0.7669
780   2.4525   0.7669
781   2.5440   0.7669
782 275.5170   0.7669
783   3.2424   0.7669
784   7.9807   0.7669
785 3103.6413   0.7669
786      Inf   0.7669
787   2.4884   0.7669
788   2.4133   0.7669
789   1.7815   0.7669
790   2.4465   0.7669
791  47.4026   0.7669
792   2.5221   0.7669
793 904.1658   0.7669
794   2.4340   0.7669
795   2.5499   0.7669
796   7.3022   0.7669
797   2.7690   0.7669
798   2.9958   0.7669
799  46.0717   0.7669
800   1.7596   0.7669
801   1.6402   0.7669
802   6.9022   0.7669
803 890.1945   0.7669
804 1238.6563   0.7669
805   2.5368   0.7669
806   2.5996   0.7669
807   3.2142   0.7669
808  41.6955   0.7669
809  39.8188   0.7669
810   1.7596   0.7669
811   2.5628   0.7669
812  34.7630   0.7669
813   2.6036   0.7669
814   2.4482   0.7669
815  15.4783   0.7669
816  29.4416   0.7669
817   1.5830   0.7669
818   1.7599   0.7669
819   3.2002   0.7669
820   6.1854   0.7669
821   1.7596   0.7669
822   7.9050   0.7669
823   2.8596   0.7669
824   6.9022   0.7669
825   2.4340   0.7669
826   2.4064   0.7669
827   2.4194   0.7669
828   2.3656   0.7669
829   3.4753   0.7669
830   2.4752   0.7669
831   2.8794   0.7669
832   2.4926   0.7669
833   3.5753   0.7669
834   6.5943   0.7669
835   7.2890   0.7669
836  27.8212   0.7669
837   6.8878   0.7669
838  33.0417   0.7669
839   3.2500   0.7669
840   5.3344   0.7669
841   2.2274   0.7669
842 835.2798   0.7669
843   4.1855   0.7669
844   2.2421   0.7669
845   3.6284   0.7669
846   2.4558   0.7669
847   2.3112   0.7669
848   2.5342   0.7669
849 1475.4614   0.7669
850   2.4925   0.7669
851 1394.5508   0.7669
852   2.5052   0.7669
853   2.4340   0.7669
854   2.8663   0.7669
855   3.2321   0.7669
856   2.4668   0.7669
857   2.3840   0.7669
858   4.8150   0.7669
859   2.6563   0.7669
860   2.4512   0.7669
861   2.3921   0.7669
862   4.0300   0.7669
863   2.4295   0.7669
864   6.4578   0.7669
865   2.5158   0.7669
866      Inf   0.7669
867   2.5631   0.7669
868   6.3430   0.7669
869  19.7742   0.7669
870   5.2618   0.7669
871   5.8860   0.7669
872   2.5116   0.7669
873   8.6292   0.7669
874   6.9022   0.7669
875   2.5250   0.7669
876  14.9677   0.7669
877   2.5144   0.7669
878   2.5250   0.7669
879   2.5150   0.7669
880   8.8136   0.7669
881  25.7710   0.7669
882   2.6192   0.7669
883  11.8561   0.7669
884   2.4410   0.7669
885   1.7607   0.7669
886   1.9047   0.7669
887  40.1081   0.7669
888   2.5208   0.7669
889  75.4775   0.7669
890   2.3840   0.7669
891   5.0216   0.7669
892 1356.5844   0.7669
893   2.5320   0.7669
894   1.3033   0.7669
895 6600.1288   0.7669
896   2.4340   0.7669
897   2.4334   0.7669
898   2.4277   0.7669
899   4.7546   0.7669
900   2.5228   0.7669
901  11.3768   0.7669
902   2.5236   0.7669
903   3.0997   0.7669
904   2.3774   0.7669
905   2.8632   0.7669
906   2.4765   0.7669
907  14.5710   0.7669
908   2.4340   0.7669
909  16.0533   0.7669
910   6.9022   0.7669
911  11.0950   0.7669
912   2.4831   0.7669
913 8312.9141   0.7669
914   5.6298   0.7669
915   1.7596   0.7669
916   1.9396   0.7669
917  13.9671   0.7669
918   2.5627   0.7669
919 912.0630   0.7669
920   2.3815   0.7669
921   5.0800   0.7669
922   2.6914   0.7669
923   2.5250   0.7669
924   1.3905   0.7669
925 4611.7341   0.7669
926 104.6361   0.7669
927   2.8948   0.7669
928   2.0579   0.7669
929   5.0502   0.7669
930   2.6126   0.7669
931   2.4114   0.7669
932   6.1399   0.7669
933  56.4404   0.7669
934  67.4155   0.7669
935   2.3412   0.7669
936   2.4508   0.7669
937   7.3212   0.7669
938 1653.9951   0.7669
939   2.4340   0.7669
940   4.1249   0.7669
941 629.6146   0.7669
942   2.5243   0.7669
943   2.6730   0.7669
944   2.4556   0.7669
945 10639.8141   0.7669
946   2.4764   0.7669
947   2.5734   0.7669
948  19.8529   0.7669
949   3.5588   0.7669
950   2.3196   0.7669
951   2.4428   0.7669
952  33.9313   0.7669
953   5.7164   0.7669
954   2.4919   0.7669
955 3566.3996   0.7669
956   3.1352   0.7669
957   6.9022   0.7669
958   2.4767   0.7669
959   2.5111   0.7669
960   8.3304   0.7669
961   2.5267   0.7669
962   2.4908   0.7669
963 7159.4777   0.7669
964   2.0187   0.7669
965   3.1430   0.7669
966  20.9239   0.7669
967   2.4462   0.7669
968   2.4340   0.7669
969      Inf   0.7669
970   2.9214   0.7669
971   1.7596   0.7669
972  13.6935   0.7669
973   2.4340   0.7669
974   2.4340   0.7669
975 117.0599   0.7669
976 2222.6118   0.7669
977   2.8647   0.7669
978   2.5238   0.7669
979   6.9988   0.7669
980   2.5448   0.7669
981  52.9395   0.7669
982   6.9022   0.7669
983   5.9599   0.7669
984   2.5091   0.7669
985   2.4875   0.7669
986   2.4642   0.7669
987   2.5129   0.7669
988   2.5089   0.7669
989   2.8288   0.7669
990   2.4752   0.7669
991  53.0187   0.7669
992   2.6667   0.7669
993 1585.0148   0.7669
994   2.4614   0.7669
995   1.8403   0.7669
996 1658.7742   0.7669
997   2.4340   0.7669
998   2.4829   0.7669
999   9.3690   0.7669
1000   2.3034   0.7669
1001  10.2700   0.7669
1002   2.4340   0.7669
1003   2.5202   0.7669
1004   2.4134   0.7669
1005   9.2052   0.7669
1006      Inf   0.7669
1007   2.7488   0.7669
1008   7.0990   0.7669
1009   2.4135   0.7669
1010   2.5423   0.7669
1011  52.0480   0.7669
1012   3.9231   0.7669
1013 16126.4641   0.7669
1014   2.4694   0.7669
1015   2.5251   0.7669
1016   2.4340   0.7669
1017   2.4340   0.7669
1018 1006.2861   0.7669
1019   1.2587   0.7669
1020   2.5152   0.7669
1021 4604.3670   0.7669
1022   8.0296   0.7669
1023   2.4493   0.7669
1024   2.4710   0.7669
1025   2.4938   0.7669
1026   3.6533   0.7669
1027   3.5968   0.7669
1028   2.4650   0.7669
1029   2.4995   0.7669
1030   8.6709   0.7669
1031   2.8878   0.7669
1032   6.9022   0.7669
1033   3.6807   0.7669
1034   2.4970   0.7669
1035   2.5117   0.7669
1036   6.9022   0.7669
1037   1.4664   0.7669
1038   2.4889   0.7669
1039   2.5461   0.7669
1040   2.4616   0.7669
1041   2.5462   0.7669
1042   4.1115   0.7669
1043   2.8054   0.7669
1044  32.6722   0.7669
1045   2.5259   0.7669
1046  18.4741   0.7669
1047  19.6709   0.7669
1048   2.1637   0.7669
1049   4.2525   0.7669
1050 944.0882   0.7669
1051   2.2991   0.7669
1052   2.5413   0.7669
1053   1.6001   0.7669
1054   5.0654   0.7669
1055   2.4553   0.7669
1056   2.5341   0.7669
1057   5.4535   0.7669
1058 83161.1133   0.7669
1059 786.8810   0.7669
1060   3.3667   0.7669
1061 1167.8545   0.7669
1062  49.6037   0.7669
1063   7.9842   0.7669
1064   2.8707   0.7669
1065   8.2825   0.7669
1066  12.7393   0.7669
1067   5.9814   0.7669
1068   2.5163   0.7669
1069   2.2466   0.7669
1070   2.0432   0.7669
1071   4.9904   0.7669
1072   2.4667   0.7669
1073   2.4984   0.7669
1074   7.0410   0.7669
1075   2.6200   0.7669
1076   3.2903   0.7669
1077   4.2844   0.7669
1078   5.4268   0.7669
1079   3.1333   0.7669
1080   2.4340   0.7669
1081   2.3783   0.7669
1082   3.3649   0.7669
1083      Inf   0.7669
1084   2.5114   0.7669
1085   1.8287   0.7669
1086   2.6767   0.7669
1087   2.5016   0.7669
1088   3.6694   0.7669
1089  75.7291   0.7669
1090   2.4323   0.7669
1091   2.5637   0.7669
1092   2.4848   0.7669
1093   2.5233   0.7669
1094   2.4985   0.7669
1095 1180.4504   0.7669
1096  41.6105   0.7669
1097  26.5805   0.7669
1098   2.5706   0.7669
1099  33.0365   0.7669
1100   3.6533   0.7669
1101   2.3439   0.7669
1102 36189.1252   0.7669
1103   2.4640   0.7669
1104   5.9760   0.7669
1105 898.1142   0.7669
1106   2.6544   0.7669
1107   7.1133   0.7669
1108   1.8449   0.7669
1109   2.4898   0.7669
1110 1025.6903   0.7669
1111   2.3840   0.7669
1112  12.8739   0.7669
1113   8.1568   0.7669
1114   5.1385   0.7669
1115   2.4662   0.7669
1116   2.3949   0.7669
1117   1.3385   0.7669
1118  18.1961   0.7669
1119   2.4952   0.7669
1120   2.5586   0.7669
1121   2.4711   0.7669
1122   6.9901   0.7669
1123   2.4547   0.7669
1124 102.9108   0.7669
1125  35.0005   0.7669
1126   3.3531   0.7669
1127  26.9023   0.7669
1128   2.5122   0.7669
1129   3.1081   0.7669
1130   2.5890   0.7669
1131  12.8638   0.7669
1132   2.4642   0.7669
1133   2.5610   0.7669
1134 5102.3141   0.7669
1135   2.4713   0.7669
1136   6.9022   0.7669
1137   2.3840   0.7669
1138   2.5250   0.7669
1139   2.5177   0.7669
1140   5.4569   0.7669
1141   2.3840   0.7669
1142  25.3599   0.7669
1143   2.5118   0.7669
1144 1069.4990   0.7669
1145   8.3707   0.7669
1146 3446.1561   0.7669
1147   1.7617   0.7669
1148   2.4340   0.7669
1149  23.7688   0.7669
1150   5.7278   0.7669
1151 6057.4109   0.7669
1152   1.5870   0.7669
1153  66.8014   0.7669
1154   7.1046   0.7669
1155   2.4855   0.7669
1156   1.8965   0.7669
1157   3.1520   0.7669
1158   2.4583   0.7669
1159   8.1849   0.7669
1160   2.5007   0.7669
1161   5.2077   0.7669
1162  18.4748   0.7669
1163   2.4340   0.7669
1164   2.4829   0.7669
1165  14.7184   0.7669
1166 19352.6496   0.7669
1167   6.5581   0.7669
1168   2.4309   0.7669
1169   3.3218   0.7669
1170   2.3115   0.7669
1171  30.3961   0.7669
1172 1406.9705   0.7669
1173   2.4344   0.7669
1174  17.8421   0.7669
1175   4.6589   0.7669
1176   3.2755   0.7669
1177   2.3376   0.7669
1178   2.4333   0.7669
1179   2.4187   0.7669
1180   2.4563   0.7669
1181   2.8029   0.7669
1182   2.4743   0.7669
1183   2.7770   0.7669
1184   2.6464   0.7669
1185   2.2984   0.7669
1186 1038.8418   0.7669
1187   2.6214   0.7669
1188   2.7809   0.7669
1189   6.3625   0.7669
1190   2.6071   0.7669
1191  16.9052   0.7669
1192   2.4368   0.7669
1193   2.2618   0.7669
1194 1656.9899   0.7669
1195 5978.9991   0.7669
1196   3.2500   0.7669
1197 877.4426   0.7669
1198   2.6946   0.7669
1199   1.8184   0.7669
1200   6.2886   0.7669
1201  83.5173   0.7669
1202   3.1783   0.7669
1203   2.5533   0.7669
1204   2.5250   0.7669
1205   3.6261   0.7669
1206   2.3208   0.7669
1207 891.6028   0.7669
1208 2022.2141   0.7669
1209  14.4637   0.7669
1210   6.1922   0.7669
1211   2.9758   0.7669
1212   3.5037   0.7669
1213   2.4771   0.7669
1214   8.3408   0.7669
1215   6.6282   0.7669
1216   2.6417   0.7669
1217   3.0323   0.7669
1218  26.6407   0.7669
1219   2.4713   0.7669
1220 113.9589   0.7669
1221   2.4250   0.7669
1222   1.0497   0.7669
1223   1.8565   0.7669
1224   2.4591   0.7669
1225   5.6702   0.7669
1226   5.9197   0.7669
1227   2.4947   0.7669
1228   2.4706   0.7669
1229   1.7865   0.7669
1230   2.4022   0.7669
1231   3.9982   0.7669
1232   3.8107   0.7669
1233   2.4307   0.7669
1234   2.3466   0.7669
1235  28.9015   0.7669
1236   2.5058   0.7669
1237   2.3923   0.7669
1238   2.4580   0.7669
1239   2.5373   0.7669
1240   3.6054   0.7669
1241   6.9022   0.7669
1242  64.2811   0.7669
1243   5.4842   0.7669
1244  13.3210   0.7669
1245 648.1962   0.7669
1246   6.9022   0.7669
1247   2.4501   0.7669
1248   6.7897   0.7669
1249   1.2409   0.7669
1250  81.4381   0.7669
1251   8.3103   0.7669
1252 107.1222   0.7669
1253   7.4131   0.7669
1254   2.2859   0.7669
1255   2.7494   0.7669
1256   2.5081   0.7669
1257   3.4385   0.7669
1258   2.5100   0.7669
1259   2.2843   0.7669
1260 3189.3641   0.7669
1261  32.9228   0.7669
1262   2.5012   0.7669
1263 117.2552   0.7669
1264  41.4272   0.7669
1265   2.4340   0.7669
1266  12.1499   0.7669
1267   2.4310   0.7669
1268   2.2415   0.7669
1269   1.9100   0.7669
1270   2.3840   0.7669
1271   2.3840   0.7669
1272  11.9584   0.7669
1273   2.5583   0.7669
1274   7.6400   0.7669
1275  28.6261   0.7669
1276   5.0936   0.7669
1277 7544.6859   0.7669
1278   1.5020   0.7669
1279   2.4340   0.7669
1280   4.1243   0.7669
1281   2.4889   0.7669
1282   1.9936   0.7669
1283   3.7003   0.7669
1284   2.5211   0.7669
1285  12.5644   0.7669
1286   5.3354   0.7669
1287   2.7502   0.7669
1288   2.3976   0.7669
1289   1.1869   0.7669
1290  15.9966   0.7669
1291   1.9290   0.7669
1292   2.6729   0.7669
1293   2.4508   0.7669
1294   2.4368   0.7669
1295   7.6465   0.7669
1296   2.3499   0.7669
1297   1.7596   0.7669
1298  35.6639   0.7669
1299   6.6445   0.7669
1300   1.2424   0.7669
1301   2.0103   0.7669
1302   2.5372   0.7669
1303 106.4593   0.7669
1304   1.7596   0.7669
1305   2.4329   0.7669
1306   2.4795   0.7669
1307   2.5247   0.7669
1308  90.4525   0.7669
1309   2.4798   0.7669
1310  10.8904   0.7669
1311   7.0357   0.7669
1312   2.4980   0.7669
1313   3.6319   0.7669
1314   2.5063   0.7669
1315   3.1499   0.7669
1316   2.4340   0.7669
1317   6.5148   0.7669
1318  25.8105   0.7669
1319      Inf   0.7669
1320   5.2891   0.7669
1321   2.7800   0.7669
1322  11.6926   0.7669
1323   2.4826   0.7669
1324 5984.5941   0.7669
1325 65179.8169   0.7669
1326  18.5380   0.7669
1327   4.6705   0.7669
1328   2.5493   0.7669
1329   1.7596   0.7669
1330   1.6375   0.7669
1331 246.3669   0.7669
1332 3258.5359   0.7669
1333   1.8263   0.7669
1334   1.7885   0.7669
1335 947.6381   0.7669
1336   2.5250   0.7669
1337   2.5324   0.7669
1338   1.3483   0.7669
1339 2682.9346   0.7669
1340   2.3258   0.7669
1341   2.5031   0.7669
1342   3.2546   0.7669
1343  16.0197   0.7669
1344   1.7340   0.7669
1345   2.4913   0.7669
1346   2.8545   0.7669
1347  21.2657   0.7669
1348  24.2290   0.7669
1349   7.7364   0.7669
1350  11.9858   0.7669
1351 1671.3622   0.7669
1352   2.1762   0.7669
1353   6.9411   0.7669
1354   2.4698   0.7669
1355  10.5097   0.7669
1356   3.6748   0.7669
1357   5.2045   0.7669
1358   3.2347   0.7669
1359 1570.5442   0.7669
1360 1368.8454   0.7669
1361   1.6153   0.7669
1362   3.3664   0.7669
1363 879.8905   0.7669
1364  29.8292   0.7669
1365  12.7895   0.7669
1366   3.0860   0.7669
1367   2.3482   0.7669
1368 12917.0399   0.7669
1369   2.2853   0.7669
1370  32.8775   0.7669
1371   2.3458   0.7669
1372   2.1521   0.7669
1373   3.2807   0.7669
1374   1.7596   0.7669
1375   2.1013   0.7669
1376 4352.5137   0.7669
1377   6.1932   0.7669
1378   2.5353   0.7669
1379   2.4873   0.7669
1380  26.2138   0.7669
1381   2.4843   0.7669
1382   1.7605   0.7669
1383   2.4087   0.7669
1384   3.7286   0.7669
1385   1.0891   0.7669
1386   7.0618   0.7669
1387   2.4555   0.7669
1388   2.4273   0.7669
1389   2.4692   0.7669
1390   2.5295   0.7669
1391   2.6214   0.7669
1392   2.5049   0.7669
1393  12.1850   0.7669
1394  49.9121   0.7669
1395   7.8300   0.7669
1396   2.6654   0.7669
1397  12.1637   0.7669
1398   2.5213   0.7669
1399   1.7186   0.7669
1400   3.1926   0.7669
1401   2.4409   0.7669
1402   5.1815   0.7669
1403   3.6799   0.7669
1404   3.1114   0.7669
1405   2.5591   0.7669
1406   6.9022   0.7669
1407   5.9638   0.7669
1408   5.7014   0.7669
1409   6.2276   0.7669
1410  14.1444   0.7669
1411  10.3081   0.7669
1412   2.5363   0.7669
1413  47.0764   0.7669
1414   2.5334   0.7669
1415   1.8775   0.7669
1416  51.9635   0.7669
1417   6.9022   0.7669
1418 19365.6868   0.7669
1419   2.4525   0.7669
1420 5534.6859   0.7669
1421  44.3337   0.7669
1422   3.3258   0.7669
1423   2.4889   0.7669
1424   4.9073   0.7669
1425   2.3236   0.7669
1426  16.2577   0.7669
1427  31.8512   0.7669
1428   2.4898   0.7669
1429 1057.0397   0.7669
1430   2.5016   0.7669
1431 2589.7641   0.7669
1432   1.8553   0.7669
1433   2.5234   0.7669
1434   2.6159   0.7669
1435 749.8174   0.7669
1436   3.3635   0.7669
1437  10.7307   0.7669
1438   3.3334   0.7669
1439   6.6436   0.7669
1440 259.7278   0.7669
1441 6999.3641   0.7669
1442   2.4643   0.7669
1443   3.2555   0.7669
1444   2.1859   0.7669
1445  50.8397   0.7669
1446 6634.6229   0.7669
1447   6.2769   0.7669
1448      NaN   0.7669
1449   2.4493   0.7669
1450  26.6071   0.7669
1451   2.4917   0.7669
1452 3002.4859   0.7669
1453  42.2499   0.7669
1454   7.5193   0.7669
1455   4.1653   0.7669
1456   6.9108   0.7669
1457   1.7373   0.7669
1458   2.9938   0.7669
1459   2.4782   0.7669
1460   2.4652   0.7669
1461  20.5348   0.7669
1462   2.4904   0.7669
1463 112.4876   0.7669
1464  10.8631   0.7669
1465   2.9151   0.7669
1466   2.4217   0.7669
1467 2685.5691   0.7669
1468 1831.8177   0.7669
1469   2.4648   0.7669
1470  67.2063   0.7669
1471   7.1746   0.7669
1472 1369.3794   0.7669
1473   9.8419   0.7669
1474   1.7596   0.7669
1475   2.6655   0.7669
1476   2.5300   0.7669
1477   1.8167   0.7669
1478   3.5056   0.7669
1479   2.5318   0.7669
1480 882.1729   0.7669
1481   2.2557   0.7669
1482   3.6505   0.7669
1483  41.0083   0.7669
1484   3.1429   0.7669
1485   2.5096   0.7669
1486  16.0184   0.7669
1487   2.5351   0.7669
1488   2.1998   0.7669
1489   2.5571   0.7669
1490   2.5257   0.7669
1491   6.8813   0.7669
1492   2.7270   0.7669
1493   2.4658   0.7669
1494   5.9976   0.7669
1495   9.6303   0.7669
1496   3.0889   0.7669
1497  22.2328   0.7669
1498  25.8105   0.7669
1499  39.3096   0.7669
1500   2.5468   0.7669
1501   2.5117   0.7669
1502  22.2930   0.7669
1503   2.4431   0.7669
1504   2.5862   0.7669
1505   2.5115   0.7669
1506   1.7703   0.7669
1507   6.8967   0.7669
1508   2.3840   0.7669
1509   7.1994   0.7669
1510  17.3667   0.7669
1511  31.2450   0.7669
1512   2.4857   0.7669
1513  21.8432   0.7669
1514   5.0917   0.7669
1515  34.2863   0.7669
1516 3148.0741   0.7669
1517 2911.2808   0.7669
1518  19.8948   0.7669
1519 1449.6895   0.7669
1520   7.2468   0.7669
1521   5.4491   0.7669
1522  25.8105   0.7669
1523   3.1932   0.7669
1524 2869.4118   0.7669
1525   2.8187   0.7669
1526   2.4836   0.7669
1527   2.4340   0.7669
1528   6.9022   0.7669
1529 11192.0852   0.7669
1530   2.5421   0.7669
1531   2.4645   0.7669
1532  10.2879   0.7669
1533   2.5187   0.7669
1534  70.6206   0.7669
1535   2.5465   0.7669
1536   3.2805   0.7669
1537   2.4690   0.7669
1538   2.8388   0.7669
1539   3.5668   0.7669
1540   2.4037   0.7669
1541   7.0234   0.7669
1542  48.0759   0.7669
1543 482.0928   0.7669
1544   2.0040   0.7669
1545   3.1187   0.7669
1546 673.7909   0.7669
1547   6.7472   0.7669
1548   2.3840   0.7669
1549   2.5548   0.7669
1550   2.4828   0.7669
1551 356.3065   0.7669
1552   7.5405   0.7669
1553 1646.5089   0.7669
1554  25.8550   0.7669
1555   2.6628   0.7669
1556   2.5795   0.7669
1557 107.3214   0.7669
1558   2.4267   0.7669
1559  14.6626   0.7669
1560 4614.9919   0.7669
1561 10045.1641   0.7669
1562   2.4340   0.7669
1563  15.5929   0.7669
1564   2.4724   0.7669
1565   3.6370   0.7669
1566   2.4299   0.7669
1567   2.3314   0.7669
1568 1475.8616   0.7669
1569   1.2419   0.7669
1570   2.2587   0.7669
1571   2.5250   0.7669
1572 11270.6169   0.7669
1573  11.0086   0.7669
1574   2.8798   0.7669
1575   2.3030   0.7669
1576 917.7156   0.7669
1577   2.4550   0.7669
1578   2.5016   0.7669
1579  27.9895   0.7669
1580   2.5298   0.7669
1581   2.4734   0.7669
1582   4.5379   0.7669
1583 887.0329   0.7669
1584   2.6387   0.7669
1585  11.5510   0.7669
1586   1.8981   0.7669
1587 948.0743   0.7669
1588 2052.9300   0.7669
1589   2.3167   0.7669
1590   1.9961   0.7669
1591   2.3453   0.7669
1592   8.3067   0.7669
1593  19.0463   0.7669
1594   8.9087   0.7669
1595   2.5164   0.7669
1596 26706.7021   0.7669
1597 1413.3351   0.7669
1598   2.4340   0.7669
1599  25.8105   0.7669
1600   2.3840   0.7669
1601   2.6590   0.7669
1602   2.4340   0.7669
1603   2.0063   0.7669
1604   2.4146   0.7669
1605 1726.2321   0.7669
1606   2.5211   0.7669
1607   2.3973   0.7669
1608   1.8279   0.7669
1609 3905.5141   0.7669
1610 930.3013   0.7669
1611   1.7767   0.7669
1612   6.4840   0.7669
1613   2.4866   0.7669
1614   1.7135   0.7669
1615   2.4339   0.7669
1616  29.3912   0.7669
1617   2.4621   0.7669
1618   2.9341   0.7669
1619 998.3220   0.7669
1620   2.4456   0.7669
1621   2.5778   0.7669
1622 4934.5204   0.7669
1623   7.9639   0.7669
1624   1.7596   0.7669
1625   2.7358   0.7669
1626   2.5254   0.7669
1627   2.5079   0.7669
1628  65.0602   0.7669
1629 1589.4536   0.7669
1630  10.7690   0.7669
1631   1.6917   0.7669
1632   2.8233   0.7669
1633   2.1805   0.7669
1634   2.0521   0.7669
1635   2.7351   0.7669
1636 171.2739   0.7669
1637 12505.9822   0.7669
1638 1700.1388   0.7669
1639   3.0685   0.7669
1640   1.3477   0.7669
1641   2.4340   0.7669
1642   2.4337   0.7669
1643   2.4939   0.7669
1644   2.5108   0.7669
1645   2.5250   0.7669
1646   3.3521   0.7669
1647   2.1126   0.7669
1648   2.3697   0.7669
1649  10.8715   0.7669
1650   2.6378   0.7669
1651   2.5207   0.7669
1652   2.5050   0.7669
1653   2.3959   0.7669
1654   2.3840   0.7669
1655   2.5342   0.7669
1656  13.9873   0.7669
1657   2.8158   0.7669
1658   6.9621   0.7669
1659 22023.7849   0.7669
1660   1.8091   0.7669
1661  10.5233   0.7669
1662   2.4788   0.7669
1663  14.2675   0.7669
1664   2.4794   0.7669
1665   2.4794   0.7669
1666  10.9419   0.7669
1667   2.6211   0.7669
1668 1068.2569   0.7669
1669   1.7596   0.7669
1670   2.4494   0.7669
1671   2.2926   0.7669
1672   2.4670   0.7669
1673  25.3020   0.7669
1674   2.4340   0.7669
1675   2.4716   0.7669
1676   3.1710   0.7669
1677 1579.8220   0.7669
1678  11.3920   0.7669
1679  23.1825   0.7669
1680  26.4479   0.7669
1681   2.6025   0.7669
1682   2.5688   0.7669
1683  18.8537   0.7669
1684   6.9022   0.7669
1685   2.5289   0.7669
1686  16.8321   0.7669
1687 4151.9220   0.7669
1688 3474.7963   0.7669
1689   2.4665   0.7669
1690   1.3262   0.7669
1691   1.8863   0.7669
1692   6.2742   0.7669
1693 13762.5739   0.7669
1694  29.5246   0.7669
1695   8.5315   0.7669
1696   6.4074   0.7669
1697 1031.6036   0.7669
1698   2.3929   0.7669
1699   2.5250   0.7669
1700   5.3689   0.7669
1701   2.5018   0.7669
1702   2.3800   0.7669
1703  56.0545   0.7669
1704 1185.4531   0.7669
1705   2.5037   0.7669
1706 503.3542   0.7669
1707 13290.1750   0.7669
1708   3.3609   0.7669
1709   6.5976   0.7669
1710  73.3680   0.7669
1711   2.4178   0.7669
1712   2.4757   0.7669
1713   8.0212   0.7669
1714   4.8996   0.7669
1715  37.4550   0.7669
1716   2.4896   0.7669
1717   6.6117   0.7669
1718   2.4950   0.7669
1719   2.5376   0.7669
1720   2.4380   0.7669
1721   7.2212   0.7669
1722   2.4885   0.7669
1723  25.8105   0.7669
1724   2.2176   0.7669
1725   6.5619   0.7669
1726   2.4759   0.7669
1727  10.8686   0.7669
1728  22.8517   0.7669
1729   2.1922   0.7669
1730   6.3641   0.7669
1731   8.8165   0.7669
1732   2.5250   0.7669
1733   2.3068   0.7669
1734   2.8662   0.7669
1735   2.5429   0.7669
1736  58.4897   0.7669
1737   8.7601   0.7669
1738   2.4340   0.7669
1739  41.7684   0.7669
1740  10.2785   0.7669
1741   1.9032   0.7669
1742   2.3088   0.7669
1743   7.9995   0.7669
1744   4.7290   0.7669
1745 1676.2207   0.7669
1746   2.5103   0.7669
1747 1688.8641   0.7669
1748 4051.2641   0.7669
1749   2.3840   0.7669
1750   3.6292   0.7669
1751   5.4569   0.7669
1752   2.7428   0.7669
1753   2.5418   0.7669
1754   2.2891   0.7669
1755   2.6092   0.7669
1756  42.6505   0.7669
1757  11.5687   0.7669
1758 637.3553   0.7669
1759   2.4835   0.7669
1760   6.2546   0.7669
1761   6.6795   0.7669
1762 2715.4641   0.7669
1763   6.8484   0.7669
1764  37.4949   0.7669
1765   2.1386   0.7669
1766   1.2866   0.7669
1767   1.7620   0.7669
1768 5513.0359   0.7669
1769   2.5142   0.7669
1770   2.0989   0.7669
1771  15.6167   0.7669
1772  19.1172   0.7669
1773   1.9705   0.7669
1774   6.9022   0.7669
1775   2.4897   0.7669
1776 8333.7600   0.7669
1777   1.2888   0.7669
1778  15.5568   0.7669
1779   2.4807   0.7669
1780   2.3840   0.7669
1781   8.6636   0.7669
1782   3.7605   0.7669
1783   2.4726   0.7669
1784   2.5296   0.7669
1785   1.5192   0.7669
1786   1.9186   0.7669
1787   2.4116   0.7669
1788   2.6038   0.7669
1789   1.8488   0.7669
1790   4.5782   0.7669
1791   2.7927   0.7669
1792   8.7288   0.7669
1793  11.5619   0.7669
1794   5.5378   0.7669
1795   2.4919   0.7669
1796   2.3002   0.7669
1797   4.0473   0.7669
1798   1.5089   0.7669
1799   3.9277   0.7669
1800   3.4161   0.7669
1801  41.5540   0.7669
1802   1.1254   0.7669
1803   1.7596   0.7669
1804   2.3143   0.7669
1805   2.7770   0.7669
1806   2.8778   0.7669
1807   2.5671   0.7669
1808   6.9845   0.7669
1809   2.4673   0.7669
1810   2.7074   0.7669
1811   3.4170   0.7669
1812 3876.9141   0.7669
1813   7.1190   0.7669
1814   2.4382   0.7669
1815   2.4327   0.7669
1816   2.5467   0.7669
1817   2.2789   0.7669
1818   1.0496   0.7669
1819   2.5163   0.7669
1820   5.0561   0.7669
1821   4.1853   0.7669
1822   2.4340   0.7669
1823 1663.8565   0.7669
1824   3.1947   0.7669
1825  25.5693   0.7669
1826   2.5475   0.7669
1827   6.9121   0.7669
1828   5.9267   0.7669
1829   3.7689   0.7669
1830 1789.5641   0.7669
1831   2.4134   0.7669
1832   2.4340   0.7669
1833   7.8382   0.7669
1834   2.2364   0.7669
1835   2.4266   0.7669
1836  98.7438   0.7669
1837   2.5310   0.7669
1838   1.9762   0.7669
1839   6.9950   0.7669
1840   2.5155   0.7669
1841   2.5382   0.7669
1842   2.5116   0.7669
1843   3.0688   0.7669
1844   3.2534   0.7669
1845  25.8105   0.7669
1846   3.5990   0.7669
1847   2.4591   0.7669
1848   2.5223   0.7669
1849   6.7119   0.7669
1850   2.5062   0.7669
1851   2.5542   0.7669
1852   2.4530   0.7669
1853   2.5170   0.7669
1854   6.8232   0.7669
1855   2.4992   0.7669
1856 130.3394   0.7669
1857   3.3283   0.7669
1858  16.7362   0.7669
1859   2.4897   0.7669
1860   8.1848   0.7669
1861   3.4511   0.7669
1862   5.2530   0.7669
1863   1.7596   0.7669
1864 1396.9010   0.7669
1865   7.6659   0.7669
1866      Inf   0.7669
1867   2.7384   0.7669
1868   2.6014   0.7669
1869 637.2261   0.7669
1870   6.5910   0.7669
1871   5.3624   0.7669
1872   1.9638   0.7669
1873   3.3647   0.7669
1874   7.7830   0.7669
1875   7.4111   0.7669
1876   3.4274   0.7669
1877  11.3993   0.7669
1878  16.7441   0.7669
1879   8.3198   0.7669
1880   7.7085   0.7669
1881 19673.9248   0.7669
1882 1681.1066   0.7669
1883 6972.1141   0.7669
1884   1.7606   0.7669
1885  25.0554   0.7669
1886 150.9403   0.7669
1887   2.6473   0.7669
1888   2.4735   0.7669
1889   3.3195   0.7669
1890   2.3840   0.7669
1891  40.6380   0.7669
1892   2.5270   0.7669
1893   1.7758   0.7669
1894 1115.1912   0.7669
1895   2.3840   0.7669
1896   2.5855   0.7669
1897   1.7596   0.7669
1898  38.1606   0.7669
1899  18.6378   0.7669
1900   2.4340   0.7669
1901  11.8660   0.7669
1902 7597.2076   0.7669
1903  11.8565   0.7669
1904   6.9022   0.7669
1905  16.6724   0.7669
1906   6.9022   0.7669
1907   1.8243   0.7669
1908 1621.6356   0.7669
1909 1033.5716   0.7669
1910 1043.7255   0.7669
1911   2.4130   0.7669
1912   2.4687   0.7669
1913 1647.8777   0.7669
1914   2.5345   0.7669
1915   6.9457   0.7669
1916   2.5031   0.7669
1917   2.5231   0.7669
1918   2.4224   0.7669
1919 3941.7641   0.7669
1920  41.6723   0.7669
1921   2.3840   0.7669
1922   2.4883   0.7669
1923   2.8512   0.7669
1924   3.3670   0.7669
1925   1.7596   0.7669
1926  28.1539   0.7669
1927 208.7401   0.7669
1928   1.3122   0.7669
1929 1532.9444   0.7669
1930 1009.9363   0.7669
1931 1188.5291   0.7669
1932 1073.0723   0.7669
1933   1.8441   0.7669
1934   2.6074   0.7669
1935   2.3806   0.7669
1936   2.4813   0.7669
1937   2.4545   0.7669
1938 634.1526   0.7669
1939  21.5023   0.7669
1940   4.7464   0.7669
1941   2.5055   0.7669
1942  63.3714   0.7669
1943   2.4873   0.7669
1944   2.4926   0.7669
1945  48.8728   0.7669
1946   2.5610   0.7669
1947   2.5871   0.7669
1948  25.1417   0.7669
1949   2.5185   0.7669
1950   3.0375   0.7669
1951  28.5358   0.7669
1952   2.3273   0.7669
1953 127.0796   0.7669
1954  51.0676   0.7669
1955  18.9938   0.7669
1956   2.3744   0.7669
1957   2.4340   0.7669
1958 30036.7316   0.7669
1959  12.8785   0.7669
1960   5.4401   0.7669
1961 915.2433   0.7669
1962   4.8020   0.7669
1963   2.4336   0.7669
1964   2.5314   0.7669
1965 10157.1474   0.7669
1966   7.9610   0.7669
1967   4.8264   0.7669
1968   2.5548   0.7669
1969 1804.8342   0.7669
1970  28.1384   0.7669
1971   2.4850   0.7669
1972   2.7803   0.7669
1973   6.7680   0.7669
1974   2.3535   0.7669
1975   2.4494   0.7669
1976   2.4635   0.7669
1977   2.0848   0.7669
1978   2.7013   0.7669
1979   7.0133   0.7669
1980   2.4352   0.7669
1981   2.3592   0.7669
1982   4.4100   0.7669
1983   9.0489   0.7669
1984  10.2655   0.7669
1985 1682.7754   0.7669
1986   2.2454   0.7669
1987   2.4799   0.7669
1988   2.3840   0.7669
1989   2.4774   0.7669
1990  25.8105   0.7669
1991   2.7359   0.7669
1992 1662.3004   0.7669
1993   1.8270   0.7669
1994   3.5577   0.7669
1995   3.2977   0.7669
1996   2.4841   0.7669
1997  19.7591   0.7669
1998   6.6849   0.7669
1999   2.4599   0.7669
2000 3158.2891   0.7669
2001   2.4730   0.7669
2002   1.5764   0.7669
2003   2.4017   0.7669
2004   1.7596   0.7669
2005  32.4635   0.7669
2006   1.7596   0.7669
2007   1.7664   0.7669
2008   2.3924   0.7669
2009   5.0837   0.7669
2010  31.3976   0.7669
2011   3.4515   0.7669
2012   2.0975   0.7669
2013   2.3438   0.7669
2014   2.4340   0.7669
2015   2.5060   0.7669
2016   2.3840   0.7669
2017  79.2827   0.7669
2018 206.5980   0.7669
2019   5.3777   0.7669
2020   1.4342   0.7669
2021 6191.3480   0.7669
2022   4.8138   0.7669
2023   2.8214   0.7669
2024   2.5039   0.7669
2025   6.9022   0.7669
2026   2.4581   0.7669
2027   1.7596   0.7669
2028   2.3731   0.7669
2029   2.4583   0.7669
2030   2.5528   0.7669
2031   2.4680   0.7669
2032 1652.2200   0.7669
2033   2.5641   0.7669
2034  10.3575   0.7669
2035 1600.2821   0.7669
2036 35553.1738   0.7669
2037  43.6760   0.7669
2038  60.7030   0.7669
2039   2.4994   0.7669
2040   2.5146   0.7669
2041   2.5035   0.7669
2042 1333.3183   0.7669
2043   3.9249   0.7669
2044 1349.0817   0.7669
2045   2.7698   0.7669
2046   7.1023   0.7669
2047   2.4340   0.7669
2048 8706.6641   0.7669
2049   6.9022   0.7669
2050   2.3119   0.7669
2051 1021.6144   0.7669
2052   2.5250   0.7669
2053   2.4908   0.7669
2054   5.7563   0.7669
2055   2.3462   0.7669
2056   2.4329   0.7669
2057 569.6471   0.7669
2058  18.1177   0.7669
2059   6.8297   0.7669
2060  16.4220   0.7669
2061   9.9117   0.7669
2062   1.8201   0.7669
2063  14.3732   0.7669
2064   8.4051   0.7669
2065  26.2576   0.7669
2066   2.3006   0.7669
2067 1370.8317   0.7669
2068  76.4661   0.7669
2069   2.4478   0.7669
2070   2.5715   0.7669
2071   2.3293   0.7669
2072   2.5208   0.7669
2073 1097.2129   0.7669
2074   1.7744   0.7669
2075   1.7640   0.7669
2076   8.4757   0.7669
2077  21.7219   0.7669
2078   2.5363   0.7669
2079   2.4661   0.7669
2080 4238.7913   0.7669
2081   2.1029   0.7669
2082   5.4337   0.7669
2083   1.8602   0.7669
2084   2.7013   0.7669
2085   3.1829   0.7669
2086   4.7930   0.7669
2087   1.5353   0.7669
2088      Inf   0.7669
2089  56.1191   0.7669
2090   1.7596   0.7669
2091   2.4927   0.7669
2092 358.9195   0.7669
2093   3.2885   0.7669
2094 200.8529   0.7669
2095   2.3840   0.7669
2096   6.9184   0.7669
2097   5.5668   0.7669
2098   1.7596   0.7669
2099   3.3030   0.7669
2100      Inf   0.7669
2101   2.5904   0.7669
2102   9.9840   0.7669
2103   2.6820   0.7669
2104   2.4857   0.7669
2105 862.6062   0.7669
2106   7.9362   0.7669
2107   2.2455   0.7669
2108 1007.2267   0.7669
2109   1.3856   0.7669
2110  51.9411   0.7669
2111   2.4737   0.7669
2112   2.3485   0.7669
2113   2.3957   0.7669
2114   5.0783   0.7669
2115   3.2257   0.7669
2116   1.5469   0.7669
2117  16.0712   0.7669
2118   6.0756   0.7669
2119   1.7596   0.7669
2120   3.3556   0.7669
2121  38.1626   0.7669
2122   2.5225   0.7669
2123   2.4938   0.7669
2124   2.4451   0.7669
2125 1062.8158   0.7669
2126   2.4732   0.7669
2127   6.9022   0.7669
2128   2.5250   0.7669
2129   1.7596   0.7669
2130  81.7350   0.7669
2131  17.8559   0.7669
2132   2.4340   0.7669
2133   1.6316   0.7669
2134   2.4515   0.7669
2135   2.5129   0.7669
2136   2.5250   0.7669
2137   2.3840   0.7669
2138   5.8554   0.7669
2139   2.5106   0.7669
2140   7.1030   0.7669
2141   6.9022   0.7669
2142   5.7279   0.7669
2143   6.9022   0.7669
2144  24.2154   0.7669
2145   3.3094   0.7669
2146 1531.5529   0.7669
2147   4.2444   0.7669
2148   2.4431   0.7669
2149  38.7783   0.7669
2150   1.3459   0.7669
2151   1.7596   0.7669
2152   1.7685   0.7669
2153 5362.4191   0.7669
2154   2.5248   0.7669
2155   6.9022   0.7669
2156   4.5626   0.7669
2157   1.7830   0.7669
2158  19.6107   0.7669
2159   2.4693   0.7669
2160   6.4746   0.7669
2161   2.8840   0.7669
2162 885.8625   0.7669
2163   2.4340   0.7669
2164   1.7671   0.7669
2165   2.3840   0.7669
2166  18.8389   0.7669
2167   1.8501   0.7669
2168   2.4642   0.7669
2169   2.5384   0.7669
2170   2.5772   0.7669
2171   2.3840   0.7669
2172  24.3568   0.7669
2173   7.0411   0.7669
2174   2.4823   0.7669
2175   1.9448   0.7669
2176   3.2160   0.7669
2177   2.5110   0.7669
2178 4910.4291   0.7669
2179   6.9102   0.7669
2180   6.9022   0.7669
2181   2.4913   0.7669
2182  37.1516   0.7669
2183   6.9022   0.7669
2184   2.5221   0.7669
2185   3.6442   0.7669
2186   4.5271   0.7669
2187   2.3840   0.7669
2188   3.6337   0.7669
2189   1.7596   0.7669
2190   2.5121   0.7669
2191   2.4340   0.7669
2192   3.3019   0.7669
2193   6.7609   0.7669
2194   3.1947   0.7669
2195   3.4856   0.7669
2196   5.1969   0.7669
2197   2.0625   0.7669
2198 880.5839   0.7669
2199   8.0433   0.7669
2200  48.8083   0.7669
2201   6.5451   0.7669
2202   2.4444   0.7669
2203   2.4340   0.7669
2204  66.6823   0.7669
2205   2.0540   0.7669
2206  71.0896   0.7669
2207 2750.5298   0.7669
2208  18.4615   0.7669
2209   2.5285   0.7669
2210  32.6284   0.7669
2211   6.7458   0.7669
2212   2.5250   0.7669
2213 994.5723   0.7669
2214   2.5469   0.7669
2215  23.6701   0.7669
2216   2.6096   0.7669
2217   2.4542   0.7669
2218   2.2811   0.7669
2219 5903.2641   0.7669
2220   2.4542   0.7669
2221   2.8218   0.7669
2222  43.0428   0.7669
2223   2.5983   0.7669
2224   3.3207   0.7669
2225  15.6457   0.7669
2226   2.4123   0.7669
2227   7.1884   0.7669
2228 1448.7641   0.7669
2229   7.0008   0.7669
2230   2.5448   0.7669
2231   2.4346   0.7669
2232 2735.9241   0.7669
2233   3.1073   0.7669
2234   2.4676   0.7669
2235   2.9612   0.7669
2236   2.4677   0.7669
2237   6.9022   0.7669
2238   2.2207   0.7669
2239 4420.5509   0.7669
2240  21.5587   0.7669
2241   2.2072   0.7669
2242   6.6628   0.7669
2243   3.5884   0.7669
2244 1789.7859   0.7669
2245   7.7173   0.7669
2246   3.5419   0.7669
2247   2.4107   0.7669
2248   9.1747   0.7669
2249  40.5595   0.7669
2250   2.7752   0.7669
2251  16.7422   0.7669
2252   2.4733   0.7669
2253   2.3297   0.7669
2254   2.5857   0.7669
2255  18.0108   0.7669
2256   2.5468   0.7669
2257 4439.1199   0.7669
2258 351.5841   0.7669
2259   1.9387   0.7669
2260  10.4848   0.7669
2261   1.7593   0.7669
2262   1.7596   0.7669
2263   2.0012   0.7669
2264  24.7180   0.7669
2265  21.2748   0.7669
2266   2.3840   0.7669
2267  25.8225   0.7669
2268  26.9244   0.7669
2269   2.9074   0.7669
2270 1226.1187   0.7669
2271 1221.0063   0.7669
2272  13.6618   0.7669
2273   2.9228   0.7669
2274 401.8585   0.7669
2275  25.8105   0.7669
2276   1.8140   0.7669
2277 191.6920   0.7669
2278   1.2889   0.7669
2279 1382.0032   0.7669
2280   3.1402   0.7669
2281   2.5250   0.7669
2282   2.6710   0.7669
2283   2.3671   0.7669
2284   1.4311   0.7669
2285  40.7700   0.7669
2286  25.2069   0.7669
2287  10.1818   0.7669
2288   1.5531   0.7669
2289   6.9022   0.7669
2290   1.8267   0.7669
2291  12.6062   0.7669
2292   4.9298   0.7669
2293   2.5291   0.7669
2294   3.7190   0.7669
2295   6.0437   0.7669
2296   2.4542   0.7669
2297  11.4896   0.7669
2298   2.2926   0.7669
2299 165.1344   0.7669
2300   2.3840   0.7669
2301   7.2639   0.7669
2302   2.5098   0.7669
2303   3.1670   0.7669
2304   1.7823   0.7669
2305   2.4881   0.7669
2306  10.2561   0.7669
2307 8029.5720   0.7669
2308   2.4527   0.7669
2309   2.6712   0.7669
2310   1.8893   0.7669
2311  13.2496   0.7669
2312   3.8232   0.7669
2313   6.0426   0.7669
2314  13.4641   0.7669
2315   2.3540   0.7669
2316  20.0518   0.7669
2317   2.4700   0.7669
2318 1317.0461   0.7669
2319 1075.1058   0.7669
2320   1.6798   0.7669
2321   2.5250   0.7669
2322      NaN   0.7669
2323   2.4926   0.7669
2324  11.2761   0.7669
2325   1.2547   0.7669
2326   1.7596   0.7669
2327   2.4876   0.7669
2328  11.2740   0.7669
2329  29.9694   0.7669
2330   1.6921   0.7669
2331   2.6536   0.7669
2332  42.7031   0.7669
2333   3.3207   0.7669
2334   2.5657   0.7669
2335   2.6676   0.7669
2336   1.7596   0.7669
2337   4.7810   0.7669
2338   2.4361   0.7669
2339   1.7596   0.7669
2340   5.4961   0.7669
2341   2.5281   0.7669
2342  35.0058   0.7669
2343 250.1449   0.7669
2344  15.6129   0.7669
2345  52.5210   0.7669
2346   2.8135   0.7669
2347   2.5250   0.7669
2348   2.5210   0.7669
2349   1.2796   0.7669
2350   2.4825   0.7669
2351   2.5233   0.7669
2352   2.4790   0.7669
2353   2.5604   0.7669
2354   2.4106   0.7669
2355 880.7878   0.7669
2356   2.7143   0.7669
2357  26.6378   0.7669
2358   2.2637   0.7669
2359   6.9329   0.7669
2360   3.1364   0.7669
2361   2.5118   0.7669
2362  18.0590   0.7669
2363   2.5639   0.7669
2364   2.7760   0.7669
2365   2.5250   0.7669
2366 42528.8254   0.7669
2367   2.3840   0.7669
2368 2754.9859   0.7669
2369   2.3645   0.7669
2370  30.0072   0.7669
2371  10.8066   0.7669
2372   2.2405   0.7669
2373   3.5511   0.7669
2374   2.5230   0.7669
2375   4.0252   0.7669
2376   2.5343   0.7669
2377 682.9829   0.7669
2378   2.4976   0.7669
2379   4.6062   0.7669
2380   4.8269   0.7669
2381   2.6427   0.7669
2382   2.4273   0.7669
2383   2.4589   0.7669
2384   2.5180   0.7669
2385   2.1296   0.7669
2386   2.5084   0.7669
2387   1.7596   0.7669
2388 882.5572   0.7669
2389   2.9745   0.7669
2390   2.4785   0.7669
2391  36.5696   0.7669
2392   2.3292   0.7669
2393  20.5004   0.7669
2394   2.8816   0.7669
2395   4.4372   0.7669
2396   2.7014   0.7669
2397   8.0210   0.7669
2398   4.4564   0.7669
2399   1.8254   0.7669
2400  80.6955   0.7669
2401 14241.6312   0.7669
2402   2.4284   0.7669
2403   2.4652   0.7669
2404   1.7596   0.7669
2405   2.4340   0.7669
2406   4.3950   0.7669
2407   1.8065   0.7669
2408 136.3270   0.7669
2409   2.5029   0.7669
2410   6.0648   0.7669
2411 3996.1859   0.7669
2412  34.2382   0.7669
2413   2.3840   0.7669
2414 510.3515   0.7669
2415   8.0246   0.7669
2416   2.4903   0.7669
2417 5194.1081   0.7669
2418   2.5564   0.7669
2419  11.5847   0.7669
2420   4.1219   0.7669
2421  21.5741   0.7669
2422   2.9334   0.7669
2423   2.5512   0.7669
2424   4.5033   0.7669
2425   8.2131   0.7669
2426  25.2328   0.7669
2427   2.4642   0.7669
2428 13637.0482   0.7669
2429 706.1187   0.7669
2430   2.5457   0.7669
2431 629.2551   0.7669
2432   6.9022   0.7669
2433   2.4923   0.7669
2434   6.1964   0.7669
2435   2.5925   0.7669
2436   3.7300   0.7669
2437   2.5778   0.7669
2438   2.4340   0.7669
2439   8.0424   0.7669
2440  52.4479   0.7669
2441  39.2334   0.7669
2442  19.7779   0.7669
2443   9.5474   0.7669
2444   2.5222   0.7669
2445 5508.9641   0.7669
2446   5.6252   0.7669
2447 1816.7476   0.7669
2448   2.3983   0.7669
2449  18.0165   0.7669
2450   2.4305   0.7669
2451   2.5326   0.7669
2452   2.4340   0.7669
2453   3.3967   0.7669
2454  11.1552   0.7669
2455   2.4340   0.7669
2456  19.1969   0.7669
2457   2.5996   0.7669
2458   2.5323   0.7669
2459  10.8238   0.7669
2460   3.6969   0.7669
2461   9.2074   0.7669
2462 281.5013   0.7669
2463 1484.7827   0.7669
2464   2.4345   0.7669
2465   7.0576   0.7669
2466 1318.1172   0.7669
2467   2.5151   0.7669
2468   1.7596   0.7669
2469 1182.6798   0.7669
2470   2.4249   0.7669
2471   8.6798   0.7669
2472 6126.2641   0.7669
2473  25.7863   0.7669
2474   2.4979   0.7669
2475   2.6301   0.7669
2476   2.5154   0.7669
2477   3.2996   0.7669
2478   3.2797   0.7669
2479   2.5163   0.7669
2480 39514.5605   0.7669
2481   2.4746   0.7669
2482   7.5820   0.7669
2483   3.1225   0.7669
2484   6.9689   0.7669
2485   2.2604   0.7669
2486   7.6750   0.7669
2487   2.7522   0.7669
2488  10.0450   0.7669
2489  13.6673   0.7669
2490 1612.4042   0.7669
2491   2.5043   0.7669
2492   2.4596   0.7669
2493  29.6601   0.7669
2494   1.6960   0.7669
2495   6.9941   0.7669
2496   1.8490   0.7669
2497 821.1872   0.7669
2498   7.3634   0.7669
2499   1.8293   0.7669
2500  25.8697   0.7669
2501   2.5922   0.7669
2502 3584.9790   0.7669
2503   2.4688   0.7669
2504   2.6217   0.7669
2505  33.0406   0.7669
2506   2.3036   0.7669
2507  49.8910   0.7669
2508   2.2574   0.7669
2509   4.9849   0.7669
2510   2.2061   0.7669
2511   6.9022   0.7669
2512   2.4871   0.7669
2513   2.0280   0.7669
2514   3.3321   0.7669
2515   1.5830   0.7669
2516   6.3164   0.7669
2517   2.3948   0.7669
2518   2.5046   0.7669
2519   2.4962   0.7669
2520   4.2027   0.7669
2521   7.7184   0.7669
2522   6.7147   0.7669
2523  48.2078   0.7669
2524 4650.4041   0.7669
2525   1.1942   0.7669
2526   2.5965   0.7669
2527   2.6709   0.7669
2528   6.4555   0.7669
2529  18.1018   0.7669
2530 1230.6821   0.7669
2531   7.2693   0.7669
2532   2.4609   0.7669
2533   2.4666   0.7669
2534  12.6687   0.7669
2535  15.2119   0.7669
2536 1449.5849   0.7669
2537   2.4507   0.7669
2538   2.4534   0.7669
2539   1.9838   0.7669
2540   1.3492   0.7669
2541  10.0497   0.7669
2542   4.8448   0.7669
2543  29.0646   0.7669
2544   2.7625   0.7669
2545   3.3661   0.7669
2546  22.4334   0.7669
2547   2.4386   0.7669
2548   2.4353   0.7669
2549   2.5155   0.7669
2550   2.4340   0.7669
2551 33498.1180   0.7669
2552      Inf   0.7669
2553  11.7844   0.7669
2554   3.5393   0.7669
2555  37.1493   0.7669
2556   2.4879   0.7669
2557   2.5686   0.7669
2558   2.5138   0.7669
2559   1.9086   0.7669
2560 1534.1344   0.7669
2561  22.2114   0.7669
2562   8.8742   0.7669
2563   8.5300   0.7669
2564   6.8173   0.7669
2565   3.0465   0.7669
2566   1.9965   0.7669
2567  38.8629   0.7669
2568   2.4710   0.7669
2569 1493.2069   0.7669
2570 5699.4500   0.7669
2571   2.5239   0.7669
2572   5.6946   0.7669
2573   2.3840   0.7669
2574  33.1166   0.7669
2575  34.8798   0.7669
2576   2.5413   0.7669
2577  25.8105   0.7669
2578   1.7055   0.7669
2579   2.5710   0.7669
2580   2.4693   0.7669
2581  18.2756   0.7669
2582   8.5766   0.7669
2583   2.5039   0.7669
2584   1.9440   0.7669
2585   2.4561   0.7669
2586   2.3068   0.7669
2587   5.8669   0.7669
2588  10.7607   0.7669
2589   4.3024   0.7669
2590   5.7672   0.7669
2591  16.7266   0.7669
2592 4040.0641   0.7669
2593 1153.2545   0.7669
2594   1.7024   0.7669
2595   2.4943   0.7669
2596  19.0939   0.7669
2597   2.4766   0.7669
2598   2.5054   0.7669
2599   1.7600   0.7669
2600   2.4340   0.7669
2601   4.5179   0.7669
2602   2.3657   0.7669
2603 100.5442   0.7669
2604   2.4226   0.7669
2605 839.8331   0.7669
2606   2.3915   0.7669
2607   1.7596   0.7669
2608  10.6772   0.7669
2609   4.3424   0.7669
2610   2.4189   0.7669
2611   6.7668   0.7669
2612   2.6640   0.7669
2613   2.5214   0.7669
2614   2.4340   0.7669
2615   2.3840   0.7669
2616   2.4740   0.7669
2617   2.0665   0.7669
2618 5113.6885   0.7669
2619 957.1493   0.7669
2620   2.5296   0.7669
2621   2.4865   0.7669
2622  47.4814   0.7669
2623   2.4094   0.7669
2624  14.4279   0.7669
2625   7.5478   0.7669
2626  13.4512   0.7669
2627   2.5100   0.7669
2628   2.6387   0.7669
2629   2.5042   0.7669
2630  22.1554   0.7669
2631   6.8220   0.7669
2632  26.8204   0.7669
2633   6.8719   0.7669
2634   6.9127   0.7669
2635   2.5648   0.7669
2636   6.4342   0.7669
2637  11.1822   0.7669
2638   2.4667   0.7669
2639   2.0394   0.7669
2640   2.5106   0.7669
2641   2.3592   0.7669
2642   6.3094   0.7669
2643 643.9847   0.7669
2644 1636.5816   0.7669
2645 1196.7005   0.7669
2646   2.4303   0.7669
2647   2.4507   0.7669
2648  51.0360   0.7669
2649   2.4003   0.7669
2650  75.9061   0.7669
2651   2.5376   0.7669
2652   2.5217   0.7669
2653   2.4666   0.7669
2654   2.5130   0.7669
2655   7.7316   0.7669
2656  20.3006   0.7669
2657   5.0731   0.7669
2658 921.6671   0.7669
2659  31.5030   0.7669
2660   2.4577   0.7669
2661  24.4525   0.7669
2662   2.5009   0.7669
2663  27.6785   0.7669
2664   2.4292   0.7669
2665   6.9392   0.7669
2666 1191.8085   0.7669
2667   2.5433   0.7669
2668   8.9249   0.7669
2669   2.4936   0.7669
2670   3.3032   0.7669
2671 898.0451   0.7669
2672   3.9088   0.7669
2673  33.4447   0.7669
2674  14.5416   0.7669
2675 4652.8943   0.7669
2676 4565.9705   0.7669
2677  64.8207   0.7669
2678   5.0548   0.7669
2679 1224.7929   0.7669
2680   5.8704   0.7669
2681  25.4923   0.7669
2682 5485.5859   0.7669
2683   2.5051   0.7669
2684   5.4920   0.7669
2685   2.8500   0.7669
2686   2.4512   0.7669
2687   3.7384   0.7669
2688  48.7704   0.7669
2689   2.5544   0.7669
2690   2.3068   0.7669
2691   1.8588   0.7669
2692   2.4340   0.7669
2693   5.2183   0.7669
2694   1.7350   0.7669
2695   2.3840   0.7669
2696   1.3266   0.7669
2697   4.7412   0.7669
2698   2.4508   0.7669
2699   3.1189   0.7669
2700  12.0528   0.7669
2701  11.3633   0.7669
2702   6.9162   0.7669
2703   2.3437   0.7669
2704   3.7690   0.7669
2705   2.4551   0.7669
2706  24.7508   0.7669
2707   2.4340   0.7669
2708   5.0233   0.7669
2709   2.5126   0.7669
2710   2.4598   0.7669
2711   4.5983   0.7669
2712   2.5064   0.7669
2713   2.5150   0.7669
2714  42.3606   0.7669
2715   1.7596   0.7669
2716   1.5311   0.7669
2717  12.1038   0.7669
2718   2.4340   0.7669
2719   2.3840   0.7669
2720   5.3401   0.7669
2721  23.5055   0.7669
2722   6.6265   0.7669
2723   6.5362   0.7669
2724   1.5519   0.7669
2725   2.5194   0.7669
2726   7.3235   0.7669
2727   2.6382   0.7669
2728   2.5098   0.7669
2729   2.4881   0.7669
2730   2.4026   0.7669
2731   2.4282   0.7669
2732  25.8105   0.7669
2733   1.7596   0.7669
2734   2.3176   0.7669
2735   1.8132   0.7669
2736   2.5639   0.7669
2737 67545.2045   0.7669
2738 7054.3221   0.7669
2739 5375.7221   0.7669
2740  22.1012   0.7669
2741 186.8005   0.7669
2742  25.9045   0.7669
2743   2.4873   0.7669
2744   2.3142   0.7669
2745   1.8535   0.7669
2746      Inf   0.7669
2747   3.1087   0.7669
2748   9.8146   0.7669
2749  23.4816   0.7669
2750 1285.1034   0.7669
2751   7.6332   0.7669
2752  17.5309   0.7669
2753  10.9098   0.7669
2754  22.6346   0.7669
2755   2.5382   0.7669
2756   2.4176   0.7669
2757   2.5242   0.7669
2758  71.4788   0.7669
2759  24.8595   0.7669
2760   2.4822   0.7669
2761  39.4558   0.7669
2762 883.1522   0.7669
2763   2.4774   0.7669
2764   4.0582   0.7669
2765   1.7577   0.7669
2766   2.4172   0.7669
2767 182.3142   0.7669
2768   2.0123   0.7669
2769   2.5189   0.7669
2770   6.9022   0.7669
2771   7.5764   0.7669
2772  38.1585   0.7669
2773   2.6246   0.7669
2774   4.0240   0.7669
2775   3.9061   0.7669
2776  56.4951   0.7669
2777   6.9859   0.7669
2778   2.8061   0.7669
2779 206.5619   0.7669
2780  25.8094   0.7669
2781  63.9184   0.7669
2782   2.8902   0.7669
2783   6.9022   0.7669
2784   4.4251   0.7669
2785   2.5828   0.7669
2786  20.6699   0.7669
2787   2.8863   0.7669
2788 1683.5200   0.7669
2789  43.4849   0.7669
2790   2.6997   0.7669
2791  12.1641   0.7669
2792   2.5085   0.7669
2793   2.4696   0.7669
2794  25.8105   0.7669
2795   2.4894   0.7669
2796   2.3456   0.7669
2797  14.1496   0.7669
2798   3.6856   0.7669
2799 1330.1525   0.7669
2800   2.5250   0.7669
2801   2.8728   0.7669
2802   7.0493   0.7669
2803   3.7255   0.7669
2804   2.4685   0.7669
2805   2.4734   0.7669
2806   5.2414   0.7669
2807  28.2808   0.7669
2808   2.9811   0.7669
2809   5.2441   0.7669
2810   3.1205   0.7669
2811   1.7596   0.7669
2812   2.6350   0.7669
2813   1.4682   0.7669
2814 985.9027   0.7669
2815   1.8301   0.7669
2816   5.9504   0.7669
2817   2.1153   0.7669
2818  27.3637   0.7669
2819   2.5294   0.7669
2820   2.6304   0.7669
2821 1119.3684   0.7669
2822   2.4307   0.7669
2823   2.5479   0.7669
2824   7.2992   0.7669
2825 109.4174   0.7669
2826   2.7007   0.7669
2827   1.7613   0.7669
2828   2.4301   0.7669
2829  46.4668   0.7669
2830   9.3516   0.7669
2831   7.8802   0.7669
2832   2.7457   0.7669
2833   6.3727   0.7669
2834   6.4223   0.7669
2835   3.4784   0.7669
2836   2.4340   0.7669
2837   1.7835   0.7669
2838   1.8383   0.7669
2839   3.2654   0.7669
2840   2.5210   0.7669
2841   6.2517   0.7669
2842   2.2877   0.7669
2843   2.3840   0.7669
2844   2.5052   0.7669
2845   2.5033   0.7669
2846 5295.2218   0.7669
2847   7.3504   0.7669
2848   1.9135   0.7669
2849 1257.5673   0.7669
2850   7.6608   0.7669
2851   5.6794   0.7669
2852  13.3486   0.7669
2853   3.3032   0.7669
2854 1243.6789   0.7669
2855   1.8403   0.7669
2856   3.6990   0.7669
2857  10.0772   0.7669
2858   1.8124   0.7669
2859   3.0234   0.7669
2860 909.7162   0.7669
2861   2.2522   0.7669
2862  19.2106   0.7669
2863   2.3840   0.7669
2864   2.5287   0.7669
2865   2.4046   0.7669
2866   8.3852   0.7669
2867   1.8299   0.7669
2868   9.3906   0.7669
2869   2.9391   0.7669
2870   3.6808   0.7669
2871   2.2991   0.7669
2872   2.4635   0.7669
2873   3.4148   0.7669
2874   2.5702   0.7669
2875   3.2511   0.7669
2876  10.5988   0.7669
2877   2.4304   0.7669
2878 912.7439   0.7669
2879   7.4395   0.7669
2880   2.6040   0.7669
2881  31.1570   0.7669
2882   5.5113   0.7669
2883   1.7596   0.7669
2884  38.1372   0.7669
2885  53.6138   0.7669
2886   2.4564   0.7669
2887 1417.4220   0.7669
2888   2.5014   0.7669
2889 1472.1087   0.7669
2890  11.9151   0.7669
2891   1.9876   0.7669
2892   2.4340   0.7669
2893  20.9754   0.7669
2894   2.4928   0.7669
2895 7004.2859   0.7669
2896   2.8263   0.7669
2897   2.3284   0.7669
2898 1671.5239   0.7669
2899   2.3496   0.7669
2900   2.4340   0.7669
2901   2.5217   0.7669
2902 4540.4141   0.7669
2903   5.0966   0.7669
2904   4.8186   0.7669
2905   2.3787   0.7669
2906   2.3535   0.7669
2907 217.4912   0.7669
2908   2.3840   0.7669
2909   2.4689   0.7669
2910   3.3032   0.7669
2911  26.3635   0.7669
2912  49.4532   0.7669
2913   4.4325   0.7669
2914  17.3540   0.7669
2915   1.5812   0.7669
2916   2.5250   0.7669
2917   2.5335   0.7669
2918   1.5751   0.7669
2919   1.8148   0.7669
2920   8.2264   0.7669
2921   2.4991   0.7669
2922   3.5194   0.7669
2923   1.7596   0.7669
2924   5.9797   0.7669
2925   6.9022   0.7669
2926 1047.5784   0.7669
2927  16.4538   0.7669
2928 407.3826   0.7669
2929   2.4919   0.7669
2930   1.7596   0.7669
2931   2.5111   0.7669
2932   3.5121   0.7669
2933  10.2041   0.7669
2934  23.4541   0.7669
2935   1.8392   0.7669
2936 2306.7681   0.7669
2937  25.8105   0.7669
2938      NaN   0.7669
2939   2.5144   0.7669
2940   6.5612   0.7669
2941   7.0021   0.7669
2942   2.5250   0.7669
2943   8.1535   0.7669
2944   3.4573   0.7669
2945   2.3070   0.7669
2946  10.1130   0.7669
2947  26.4374   0.7669
2948  10.5178   0.7669
2949   1.7754   0.7669
2950   5.1358   0.7669
2951   2.2788   0.7669
2952 1258.4734   0.7669
2953   9.8209   0.7669
2954 10406.4477   0.7669
2955   7.9241   0.7669
2956   3.0239   0.7669
2957   2.5096   0.7669
2958  24.4014   0.7669
2959   7.2711   0.7669
2960   3.5773   0.7669
2961   1.3473   0.7669
2962 2428.1491   0.7669
2963   2.9987   0.7669
2964  12.3777   0.7669
2965   6.9839   0.7669
2966  10.6950   0.7669
2967  11.1499   0.7669
2968   2.4340   0.7669
2969   7.4181   0.7669
2970   3.4122   0.7669
2971  10.0590   0.7669
2972      Inf   0.7669
2973   2.5140   0.7669
2974   2.2932   0.7669
2975 18389.8787   0.7669
2976   5.5736   0.7669
2977   2.5682   0.7669
2978   3.2952   0.7669
2979   2.5260   0.7669
2980  14.4131   0.7669
2981  10.3110   0.7669
2982   2.5754   0.7669
2983   2.4767   0.7669
2984   2.2253   0.7669
2985   1.2960   0.7669
2986   2.3840   0.7669
2987 3221.2395   0.7669
2988   6.9810   0.7669
2989   2.5020   0.7669
2990 128.9298   0.7669
2991   5.4460   0.7669
2992   7.3142   0.7669
2993   2.5476   0.7669
2994 4348.3578   0.7669
2995   6.7272   0.7669
2996   3.1064   0.7669
2997  36.5819   0.7669
2998   9.8122   0.7669
2999   5.5280   0.7669
3000  22.7614   0.7669
