1   2.4957   2.4957
2   2.5044   2.4957
3   2.5372   2.4957
4   2.5086   2.4957
5   4.9733   2.4957
6 1425.3467   2.4957
7  11.6984   2.4957
8   2.5337   2.4957
9   6.9022   2.4957
10   3.7852   2.4957
11  25.8105   2.4957
12   1.4362   1.4362
13  25.8105   1.4362
14   3.8627   1.4362
15   1.7682   1.4362
16   2.4748   1.4362
17   6.9840   1.4362
18   2.6766   1.4362
19   2.4854   1.4362
20   1.9321   1.4362
21  11.1750   1.4362
22   2.3840   1.4362
23   2.5276   1.4362
24   2.4745   1.4362
25   2.4787   1.4362
26   2.4363   1.4362
27   3.6732   1.4362
28   4.0542   1.4362
29   3.5695   1.4362
30   2.4720   1.4362
31   2.7317   1.4362
32   2.4955   1.4362
33   9.8004   1.4362
34 1041.9182   1.4362
35  25.8105   1.4362
36   2.3840   1.4362
37 1546.5109   1.4362
38  12.2066   1.4362
39 1077.6192   1.4362
40   2.3963   1.4362
41   2.5252   1.4362
42   2.3751   1.4362
43   7.2303   1.4362
44 9009.0309   1.4362
45 911.1698   1.4362
46   2.5250   1.4362
47   2.4340   1.4362
48   3.4668   1.4362
49   2.6915   1.4362
50  70.2570   1.4362
51   2.3840   1.4362
52   2.4909   1.4362
53   6.9827   1.4362
54   2.4286   1.4362
55   2.5009   1.4362
56  10.0952   1.4362
57   2.2006   1.4362
58   2.4509   1.4362
59   2.5234   1.4362
60   2.5812   1.4362
61 22704.9326   1.4362
62   8.3199   1.4362
63   2.3195   1.4362
64   2.4900   1.4362
65   2.4507   1.4362
66   4.1260   1.4362
67   2.3716   1.4362
68   2.5233   1.4362
69   2.3840   1.4362
70   2.3207   1.4362
71  15.3562   1.4362
72  10.3892   1.4362
73 16160.2915   1.4362
74  20.1520   1.4362
75   6.1037   1.4362
76   2.4074   1.4362
77   2.7041   1.4362
78   1.9169   1.4362
79   1.9869   1.4362
80   6.9670   1.4362
81   1.3308   1.3308
82 23627.6844   1.3308
83   2.4629   1.3308
84   2.5144   1.3308
85   2.4892   1.3308
86  11.0189   1.3308
87 1314.0642   1.3308
88  26.8081   1.3308
89   5.7459   1.3308
90   2.9511   1.3308
91   2.3929   1.3308
92   2.5675   1.3308
93   4.9550   1.3308
94   2.5273   1.3308
95   2.5878   1.3308
96   2.4099   1.3308
97  25.7629   1.3308
98   3.1394   1.3308
99  14.9909   1.3308
100   2.4962   1.3308
101   3.6596   1.3308
102   2.6699   1.3308
103   2.5722   1.3308
104   2.5669   1.3308
105 630.7797   1.3308
106   8.1089   1.3308
107  16.1492   1.3308
108   2.5702   1.3308
109   1.9411   1.3308
110  61.2553   1.3308
111   6.9022   1.3308
112   2.5132   1.3308
113 891.9420   1.3308
114   5.2580   1.3308
115  10.8641   1.3308
116   2.4340   1.3308
117   7.3166   1.3308
118  17.8895   1.3308
119 4901.7191   1.3308
120   2.4941   1.3308
121   1.7596   1.3308
122   2.0378   1.3308
123 3046.5859   1.3308
124   2.4268   1.3308
125   2.4699   1.3308
126   1.6242   1.3308
127   2.2883   1.3308
128   2.4919   1.3308
129   3.6840   1.3308
130   2.3557   1.3308
131   2.3577   1.3308
132 1004.5601   1.3308
133  30.4661   1.3308
134   6.0509   1.3308
135 4551.4981   1.3308
136   2.3840   1.3308
137   2.4581   1.3308
138   2.3770   1.3308
139   3.3675   1.3308
140   2.5000   1.3308
141  25.8105   1.3308
142   2.4394   1.3308
143   2.4807   1.3308
144   2.5733   1.3308
145   2.4899   1.3308
146   4.0911   1.3308
147   2.6358   1.3308
148  25.8105   1.3308
149  10.4014   1.3308
150   7.9859   1.3308
151   1.7596   1.3308
152   9.5587   1.3308
153  25.8105   1.3308
154   2.4912   1.3308
155   2.4615   1.3308
156  14.4926   1.3308
157   1.7596   1.3308
158   2.4671   1.3308
159   2.4911   1.3308
160   1.1220   1.1220
161 143.6591   1.1220
162   7.0009   1.1220
163   2.6204   1.1220
164   3.1085   1.1220
165 1683.3045   1.1220
166   2.4852   1.1220
167 198.9012   1.1220
168   2.5124   1.1220
169   2.3549   1.1220
170   8.0543   1.1220
171   1.5907   1.1220
172   5.4284   1.1220
173   6.9022   1.1220
174   2.5824   1.1220
175   2.4046   1.1220
176 1721.4264   1.1220
177   3.3032   1.1220
178   2.1751   1.1220
179   2.3848   1.1220
180   3.3446   1.1220
181   2.4695   1.1220
182   2.2277   1.1220
183 5141.2477   1.1220
184   2.4339   1.1220
185  17.4271   1.1220
186  18.0237   1.1220
187   2.0740   1.1220
188 3183.7991   1.1220
189  29.0821   1.1220
190   3.2235   1.1220
191   2.5039   1.1220
192   2.8804   1.1220
193   2.2618   1.1220
194   2.4340   1.1220
195   2.5451   1.1220
196   7.8615   1.1220
197  29.9553   1.1220
198   4.3317   1.1220
199   2.5250   1.1220
200   3.0828   1.1220
201   3.5803   1.1220
202  25.8105   1.1220
203   2.3192   1.1220
204  23.1309   1.1220
205  11.0930   1.1220
206   2.5398   1.1220
207 4465.4414   1.1220
208   2.6255   1.1220
209   2.4806   1.1220
210 657.7179   1.1220
211  20.8426   1.1220
212   2.5398   1.1220
213 4227.7810   1.1220
214  19.2287   1.1220
215   1.2937   1.1220
216   2.5074   1.1220
217   2.4311   1.1220
218  30.3961   1.1220
219   1.9038   1.1220
220  12.4883   1.1220
221  18.8606   1.1220
222 658.7543   1.1220
223   6.1586   1.1220
224   6.9022   1.1220
225   7.8963   1.1220
226   2.4340   1.1220
227   5.7912   1.1220
228   2.5038   1.1220
229   2.4841   1.1220
230  14.8349   1.1220
231   2.4971   1.1220
232   1.3056   1.1220
233  42.8999   1.1220
234   2.4702   1.1220
235   3.9694   1.1220
236   2.4597   1.1220
237   2.5975   1.1220
238  12.2143   1.1220
239 5212.8269   1.1220
240   2.6299   1.1220
241   6.7839   1.1220
242   7.4858   1.1220
243  10.4544   1.1220
244   2.5403   1.1220
245   3.2807   1.1220
246   2.5290   1.1220
247  11.6143   1.1220
248   2.6291   1.1220
249  78.0715   1.1220
250   2.5791   1.1220
251 190.6353   1.1220
252  16.7643   1.1220
253   1.8252   1.1220
254   2.4194   1.1220
255   2.2432   1.1220
256   2.4574   1.1220
257   2.5011   1.1220
258   2.8905   1.1220
259 2155.8424   1.1220
260  10.6411   1.1220
261   2.5143   1.1220
262   2.7492   1.1220
263   2.5091   1.1220
264  62.5462   1.1220
265   6.2404   1.1220
266   6.9845   1.1220
267   2.3325   1.1220
268   2.4340   1.1220
269   7.0136   1.1220
270 1050.6913   1.1220
271 1150.6673   1.1220
272 2625.5141   1.1220
273   6.8885   1.1220
274   1.9386   1.1220
275  24.3138   1.1220
276   2.2970   1.1220
277   6.0891   1.1220
278   2.5077   1.1220
279      Inf   1.1220
280   2.4868   1.1220
281   2.4893   1.1220
282   6.9915   1.1220
283   2.5726   1.1220
284 670.1112   1.1220
285  29.6855   1.1220
286 3439.5341   1.1220
287 1174.7812   1.1220
288   3.8422   1.1220
289  11.8490   1.1220
290   1.7596   1.1220
291 183.3317   1.1220
292   2.3656   1.1220
293   4.4823   1.1220
294   2.4507   1.1220
295  10.8437   1.1220
296   5.1938   1.1220
297   2.3068   1.1220
298   2.5250   1.1220
299   2.4225   1.1220
300   4.4356   1.1220
301   2.4320   1.1220
302   3.3339   1.1220
303 1045.7208   1.1220
304   7.1590   1.1220
305   2.6786   1.1220
306  11.4716   1.1220
307   3.8026   1.1220
308   3.8442   1.1220
309   2.3877   1.1220
310  12.4314   1.1220
311   2.4538   1.1220
312  16.0310   1.1220
313   2.6055   1.1220
314  23.7563   1.1220
315   2.4787   1.1220
316   2.4936   1.1220
317   2.3840   1.1220
318   2.7582   1.1220
319   2.6307   1.1220
320   5.7921   1.1220
321   2.4734   1.1220
322   2.5416   1.1220
323   2.3084   1.1220
324   2.3826   1.1220
325   2.3171   1.1220
326 1493.9359   1.1220
327   2.4104   1.1220
328   3.9201   1.1220
329  43.4063   1.1220
330   1.7854   1.1220
331   2.4899   1.1220
332   6.9022   1.1220
333   2.4340   1.1220
334  10.0839   1.1220
335   3.3344   1.1220
336   2.4340   1.1220
337   2.3840   1.1220
338   2.4919   1.1220
339   2.2900   1.1220
340 918.2507   1.1220
341   6.9845   1.1220
342   2.5144   1.1220
343  32.2344   1.1220
344 13582.5326   1.1220
345 137.0531   1.1220
346   2.4353   1.1220
347   2.4810   1.1220
348 1603.2889   1.1220
349   2.4363   1.1220
350 263.1994   1.1220
351   2.5247   1.1220
352 213.4992   1.1220
353  10.9123   1.1220
354   2.4342   1.1220
355   2.8526   1.1220
356   2.5828   1.1220
357   3.7733   1.1220
358 1999.3860   1.1220
359   2.5293   1.1220
360 19268.9455   1.1220
361   5.9023   1.1220
362   2.4959   1.1220
363   2.4947   1.1220
364 3544.6070   1.1220
365   2.5243   1.1220
366   9.3947   1.1220
367   2.7248   1.1220
368   3.2806   1.1220
369   2.4102   1.1220
370   1.7475   1.1220
371   2.5289   1.1220
372   2.5153   1.1220
373   2.5160   1.1220
374  25.8105   1.1220
375   1.8112   1.1220
376   5.4648   1.1220
377   2.3068   1.1220
378   2.6310   1.1220
379  12.5940   1.1220
380  25.8105   1.1220
381   2.3130   1.1220
382   2.5250   1.1220
383   3.4126   1.1220
384   1.7133   1.1220
385   1.3949   1.1220
386   2.4389   1.1220
387   9.0361   1.1220
388   5.6065   1.1220
389   1.9491   1.1220
390   3.6492   1.1220
391   2.5696   1.1220
392   2.6243   1.1220
393   2.2649   1.1220
394   2.9646   1.1220
395   2.2883   1.1220
396   2.5346   1.1220
397  33.2737   1.1220
398   2.4794   1.1220
399   6.8711   1.1220
400  25.8105   1.1220
401  10.9952   1.1220
402   6.2940   1.1220
403   2.5218   1.1220
404  18.0576   1.1220
405 3170.4859   1.1220
406   6.9717   1.1220
407   7.1777   1.1220
408 1654.9641   1.1220
409   2.3068   1.1220
410  33.6281   1.1220
411   7.5129   1.1220
412 410.0256   1.1220
413   4.2973   1.1220
414  33.4405   1.1220
415   2.3956   1.1220
416   6.6793   1.1220
417   2.4319   1.1220
418   2.4021   1.1220
419   6.6259   1.1220
420   8.3973   1.1220
421   2.4917   1.1220
422   6.9022   1.1220
423   2.4037   1.1220
424   7.0986   1.1220
425 864.3997   1.1220
426   2.4999   1.1220
427 1525.2755   1.1220
428 636.4799   1.1220
429   8.2559   1.1220
430   2.4905   1.1220
431  15.1841   1.1220
432   2.4637   1.1220
433   2.5141   1.1220
434 114.1773   1.1220
435   2.6003   1.1220
436  22.7981   1.1220
437   6.8244   1.1220
438   6.9022   1.1220
439  61.3876   1.1220
440  17.9908   1.1220
441   3.2536   1.1220
442  14.6858   1.1220
443   2.0733   1.1220
444  89.4383   1.1220
445   2.2339   1.1220
446   7.0766   1.1220
447   2.5281   1.1220
448   2.4850   1.1220
449   2.3701   1.1220
450   2.4863   1.1220
451   3.1466   1.1220
452   2.5003   1.1220
453      Inf   1.1220
454   3.4768   1.1220
455 888.6437   1.1220
456   2.5144   1.1220
457 3124.9995   1.1220
458   3.3053   1.1220
459   2.6331   1.1220
460   6.9022   1.1220
461   2.4556   1.1220
462   3.1853   1.1220
463 114.2087   1.1220
464   2.4353   1.1220
465   4.9851   1.1220
466   1.1165   1.1165
467   6.9400   1.1165
468 1945.3641   1.1165
469  45.3048   1.1165
470   2.5768   1.1165
471   2.5521   1.1165
472   2.3816   1.1165
473   2.4677   1.1165
474  20.5824   1.1165
475  28.1203   1.1165
476   2.4850   1.1165
477  55.8470   1.1165
478      Inf   1.1165
479   2.7570   1.1165
480   4.5103   1.1165
481   2.5011   1.1165
482   6.1119   1.1165
483 2344.1388   1.1165
484 3676.9391   1.1165
485   3.6817   1.1165
486   1.8079   1.1165
487 7798.6793   1.1165
488   6.9022   1.1165
489   2.9389   1.1165
490   2.5012   1.1165
491   3.3318   1.1165
492   2.5354   1.1165
493  17.9942   1.1165
494   2.4904   1.1165
495   2.4375   1.1165
496   1.6420   1.1165
497   2.5058   1.1165
498   2.6022   1.1165
499   2.5077   1.1165
500   2.3995   1.1165
501   8.5606   1.1165
502  25.8105   1.1165
503   2.4340   1.1165
504   1.8506   1.1165
505   2.4111   1.1165
506  11.8788   1.1165
507   2.7100   1.1165
508  30.5319   1.1165
509   9.7464   1.1165
510   2.5076   1.1165
511   2.5066   1.1165
512  25.6625   1.1165
513   7.8228   1.1165
514   3.1329   1.1165
515   2.4620   1.1165
516   2.4582   1.1165
517  29.5045   1.1165
518   2.3117   1.1165
519   2.4340   1.1165
520   2.4962   1.1165
521   2.4873   1.1165
522   2.4899   1.1165
523  25.8105   1.1165
524   3.7609   1.1165
525 8352.8641   1.1165
526   2.3656   1.1165
527 882.9717   1.1165
528   5.9457   1.1165
529  10.6072   1.1165
530   8.3047   1.1165
531   4.0907   1.1165
532   2.4935   1.1165
533   4.9417   1.1165
534   1.5481   1.1165
535  26.0222   1.1165
536   7.3666   1.1165
537  33.1052   1.1165
538   2.4340   1.1165
539   2.4507   1.1165
540   2.5274   1.1165
541   2.5113   1.1165
542   3.4807   1.1165
543   2.3559   1.1165
544   3.3544   1.1165
545  10.2294   1.1165
546   6.9022   1.1165
547   2.5090   1.1165
548   2.1520   1.1165
549   3.8418   1.1165
550   2.3819   1.1165
551   2.3840   1.1165
552  25.8105   1.1165
553   2.3038   1.1165
554   2.7419   1.1165
555 1905.8859   1.1165
556   2.5232   1.1165
557   2.4340   1.1165
558   2.4340   1.1165
559   2.0067   1.1165
560   7.0368   1.1165
561 1282.5002   1.1165
562   4.9452   1.1165
563 3992.8268   1.1165
564 1263.0109   1.1165
565   2.4844   1.1165
566   2.4562   1.1165
567   2.4424   1.1165
568   5.1688   1.1165
569   3.5562   1.1165
570  31.0980   1.1165
571   2.4989   1.1165
572   2.4792   1.1165
573   2.5091   1.1165
574 14245.6458   1.1165
575 1568.8557   1.1165
576   2.4169   1.1165
577   2.3666   1.1165
578   7.4924   1.1165
579   2.6805   1.1165
580   4.6731   1.1165
581  30.7934   1.1165
582  61.1678   1.1165
583   6.9497   1.1165
584   2.4978   1.1165
585   2.5277   1.1165
586   1.9284   1.1165
587   4.5359   1.1165
588   1.6155   1.1165
589   3.7785   1.1165
590   2.4656   1.1165
591   2.4810   1.1165
592   8.9934   1.1165
593   2.5871   1.1165
594 241.0046   1.1165
595   1.7596   1.1165
596   1.4582   1.1165
597  60.4780   1.1165
598   2.1777   1.1165
599   1.7722   1.1165
600  12.4293   1.1165
601 2920.8327   1.1165
602   2.4062   1.1165
603 3895.2434   1.1165
604 1222.3729   1.1165
605   7.1490   1.1165
606   2.5793   1.1165
607   1.7596   1.1165
608   4.7212   1.1165
609   8.9547   1.1165
610  10.3232   1.1165
611 888.5851   1.1165
612   2.3840   1.1165
613   9.8525   1.1165
614   3.4729   1.1165
615   4.0801   1.1165
616   2.4340   1.1165
617   2.3024   1.1165
618  12.1881   1.1165
619 800.7651   1.1165
620   4.2965   1.1165
621   7.6225   1.1165
622   1.7596   1.1165
623   2.7977   1.1165
624 2284.9914   1.1165
625  12.2120   1.1165
626   2.7474   1.1165
627   3.4286   1.1165
628  11.9585   1.1165
629   2.4300   1.1165
630 1430.7440   1.1165
631   2.3913   1.1165
632  11.4176   1.1165
633 863.5766   1.1165
634   2.4109   1.1165
635 917.1535   1.1165
636 4660.7641   1.1165
637   1.7596   1.1165
638   2.4117   1.1165
639   2.4754   1.1165
640   2.3840   1.1165
641  13.6318   1.1165
642   3.3269   1.1165
643 28861.4397   1.1165
644   2.5156   1.1165
645   4.5978   1.1165
646   2.2207   1.1165
647   6.9022   1.1165
648 13561.8502   1.1165
649 1647.6303   1.1165
650  20.2636   1.1165
651 1231.9193   1.1165
652   6.3427   1.1165
653   3.3940   1.1165
654   2.3842   1.1165
655   3.1322   1.1165
656  48.8660   1.1165
657   2.8866   1.1165
658  13.1364   1.1165
659   2.3431   1.1165
660   7.6219   1.1165
661   1.8317   1.1165
662   2.4869   1.1165
663  11.1805   1.1165
664  25.8105   1.1165
665   2.4494   1.1165
666   2.4340   1.1165
667   2.4340   1.1165
668   2.4468   1.1165
669   7.5835   1.1165
670   2.4870   1.1165
671   1.4687   1.1165
672 2724.7591   1.1165
673   6.9022   1.1165
674   2.5250   1.1165
675   2.5526   1.1165
676  11.6569   1.1165
677   2.6466   1.1165
678   9.0298   1.1165
679 1982.2522   1.1165
680   2.1457   1.1165
681   8.5737   1.1165
682   2.0899   1.1165
683   1.8148   1.1165
684   2.4955   1.1165
685   2.5654   1.1165
686   2.4933   1.1165
687   2.5300   1.1165
688   2.5538   1.1165
689 120.1178   1.1165
690   2.4698   1.1165
691   2.5060   1.1165
692   2.6744   1.1165
693   2.2629   1.1165
694  25.8105   1.1165
695 929.7603   1.1165
696  59.8967   1.1165
697 108720.8048   1.1165
698   2.5020   1.1165
699 1501.6301   1.1165
700 890.4859   1.1165
701   2.3068   1.1165
702   2.4282   1.1165
703   5.5636   1.1165
704   6.5962   1.1165
705   2.3840   1.1165
706  20.4189   1.1165
707   4.5867   1.1165
708   2.8416   1.1165
709   3.8509   1.1165
710 783.5581   1.1165
711   2.4550   1.1165
712 18936.0773   1.1165
713  22.4933   1.1165
714 186.1376   1.1165
715   5.7132   1.1165
716   2.5335   1.1165
717 10303.1141   1.1165
718   8.1723   1.1165
719   2.4727   1.1165
720   2.5751   1.1165
721   2.5972   1.1165
722   2.5250   1.1165
723   3.4963   1.1165
724   2.3068   1.1165
725   1.8186   1.1165
726   4.5560   1.1165
727  10.4650   1.1165
728   1.2789   1.1165
729   2.4626   1.1165
730   7.0004   1.1165
731   2.5133   1.1165
732  12.7472   1.1165
733   2.5247   1.1165
734  25.8105   1.1165
735   2.2610   1.1165
736   3.1486   1.1165
737  25.8934   1.1165
738  25.8105   1.1165
739   1.7596   1.1165
740   2.4903   1.1165
741 1604.1777   1.1165
742 186.4892   1.1165
743   6.2799   1.1165
744  13.1477   1.1165
745   6.9022   1.1165
746   2.5186   1.1165
747   2.4854   1.1165
748  37.3845   1.1165
749  14.8485   1.1165
750   2.4926   1.1165
751   2.4280   1.1165
752   2.3840   1.1165
753   3.3024   1.1165
754   2.4854   1.1165
755   4.6194   1.1165
756   5.1479   1.1165
757   2.4723   1.1165
758   3.6336   1.1165
759   2.4363   1.1165
760  66.4049   1.1165
761  61.8666   1.1165
762   2.4392   1.1165
763   2.4829   1.1165
764   6.1689   1.1165
765   3.2815   1.1165
766 880.9855   1.1165
767   4.6890   1.1165
768  12.5829   1.1165
769   1.7596   1.1165
770 138.2209   1.1165
771   2.4942   1.1165
772   2.5001   1.1165
773  35.2235   1.1165
774   2.6775   1.1165
775   6.6438   1.1165
776   3.8488   1.1165
777  11.1973   1.1165
778   4.4907   1.1165
779 648.0567   1.1165
780   2.4340   1.1165
781   2.4949   1.1165
782   3.8447   1.1165
783   3.8651   1.1165
784   2.4879   1.1165
785   2.4850   1.1165
786   2.3840   1.1165
787   5.9955   1.1165
788   2.3969   1.1165
789   2.5205   1.1165
790   1.1496   1.1165
791  35.3589   1.1165
792   2.4340   1.1165
793   2.4378   1.1165
794   2.3581   1.1165
795  11.0089   1.1165
796   3.2548   1.1165
797   6.0230   1.1165
798  30.1934   1.1165
799   2.2039   1.1165
800   2.4705   1.1165
801  25.8105   1.1165
802   2.4945   1.1165
803   1.5085   1.1165
804   8.2823   1.1165
805   2.7873   1.1165
806   2.6352   1.1165
807   3.1028   1.1165
808   2.4340   1.1165
809   5.3824   1.1165
810   2.4841   1.1165
811 342.4546   1.1165
812 155.9742   1.1165
813   2.4867   1.1165
814  14.0914   1.1165
815   1.7553   1.1165
816   8.8365   1.1165
817   1.7596   1.1165
818   2.5175   1.1165
819   6.1982   1.1165
820   3.5182   1.1165
821   1.7596   1.1165
822  22.0282   1.1165
823  11.7021   1.1165
824   9.4690   1.1165
825   7.3055   1.1165
826   2.5149   1.1165
827   3.6738   1.1165
828   2.5769   1.1165
829   2.4408   1.1165
830   4.9182   1.1165
831   2.5227   1.1165
832 269.1256   1.1165
833 1381.3769   1.1165
834  19.7050   1.1165
835 920.7155   1.1165
836   7.0097   1.1165
837   2.3840   1.1165
838   2.5488   1.1165
839   2.6563   1.1165
840  30.9184   1.1165
841   3.8688   1.1165
842  77.6158   1.1165
843   2.4813   1.1165
844   2.4507   1.1165
845   3.1174   1.1165
846   1.7596   1.1165
847   2.3655   1.1165
848   2.6168   1.1165
849   3.9770   1.1165
850   2.3844   1.1165
851   9.8734   1.1165
852   2.3840   1.1165
853   2.4830   1.1165
854   2.4750   1.1165
855   6.3507   1.1165
856  34.3308   1.1165
857   2.6585   1.1165
858   3.2107   1.1165
859   2.4663   1.1165
860 1824.1859   1.1165
861 1124.8961   1.1165
862   2.3436   1.1165
863   9.0036   1.1165
864   2.4100   1.1165
865  31.5299   1.1165
866   2.4734   1.1165
867 105.7165   1.1165
868   3.3988   1.1165
869   2.4939   1.1165
870   1.8864   1.1165
871   2.5385   1.1165
872 121.7726   1.1165
873   1.8034   1.1165
874   2.3644   1.1165
875   5.3380   1.1165
876   2.3510   1.1165
877  25.8105   1.1165
878  14.7673   1.1165
879   1.7596   1.1165
880   1.7596   1.1165
881   5.1418   1.1165
882   2.5653   1.1165
883   2.8444   1.1165
884   3.5720   1.1165
885  18.9401   1.1165
886 1154.8227   1.1165
887  10.2685   1.1165
888   2.4454   1.1165
889 9661.2517   1.1165
890   2.5250   1.1165
891 1375.2050   1.1165
892   2.4437   1.1165
893   3.0064   1.1165
894  38.2118   1.1165
895   2.5390   1.1165
896   6.6092   1.1165
897   2.5049   1.1165
898 5067.1825   1.1165
899   6.5759   1.1165
900  12.1571   1.1165
901 745.6501   1.1165
902   5.2718   1.1165
903   2.3840   1.1165
904  20.4625   1.1165
905   2.5280   1.1165
906   2.4527   1.1165
907   2.4340   1.1165
908   2.3840   1.1165
909   2.3840   1.1165
910   2.5382   1.1165
911   2.9588   1.1165
912 1681.9553   1.1165
913  25.8105   1.1165
914   2.4922   1.1165
915   1.7596   1.1165
916  49.3185   1.1165
917 13812.3414   1.1165
918  12.2925   1.1165
919   5.7537   1.1165
920  32.3625   1.1165
921   2.5700   1.1165
922   2.4340   1.1165
923   2.5296   1.1165
924  14.0404   1.1165
925   2.5964   1.1165
926   2.4700   1.1165
927 1191.5391   1.1165
928  11.6527   1.1165
929  10.2021   1.1165
930   2.4861   1.1165
931   2.5001   1.1165
932 250.0000   1.1165
933  24.6082   1.1165
934   2.4837   1.1165
935   4.1569   1.1165
936   2.3031   1.1165
937   1.8974   1.1165
938   2.4924   1.1165
939   3.3417   1.1165
940  24.7399   1.1165
941   2.3146   1.1165
942 109.0230   1.1165
943   2.3943   1.1165
944 2633.0441   1.1165
945      Inf   1.1165
946   7.2506   1.1165
947   2.5223   1.1165
948   3.2599   1.1165
949 1374.7421   1.1165
950   2.3765   1.1165
951   2.4969   1.1165
952   1.6218   1.1165
953  18.4057   1.1165
954   2.4477   1.1165
955   2.3370   1.1165
956   3.6666   1.1165
957  24.1644   1.1165
958 213.6744   1.1165
959  11.0146   1.1165
960 1530.5723   1.1165
961   2.4359   1.1165
962  12.6978   1.1165
963 965.0115   1.1165
964   1.9602   1.1165
965 55904.7438   1.1165
966   5.2647   1.1165
967   6.9022   1.1165
968   7.9603   1.1165
969  38.0366   1.1165
970   7.6046   1.1165
971   2.4340   1.1165
972   2.8505   1.1165
973 722.9294   1.1165
974   3.2941   1.1165
975   6.9022   1.1165
976   2.5042   1.1165
977   6.1106   1.1165
978   3.1328   1.1165
979   2.5111   1.1165
980   5.4564   1.1165
981  38.5320   1.1165
982   2.4998   1.1165
983   4.2746   1.1165
984   2.5428   1.1165
985   3.9269   1.1165
986   2.3291   1.1165
987   7.8501   1.1165
988   1.3531   1.1165
989   9.5092   1.1165
990   1.5844   1.1165
991   2.5362   1.1165
992   2.3840   1.1165
993   2.5175   1.1165
994   1.3345   1.1165
995   1.3947   1.1165
996   4.4397   1.1165
997   2.2776   1.1165
998   3.2429   1.1165
999   3.0934   1.1165
1000  96.9869   1.1165
1001      Inf   1.1165
1002 4955.1641   1.1165
1003   2.4296   1.1165
1004   2.1188   1.1165
1005   2.6310   1.1165
1006   9.6140   1.1165
1007   6.1860   1.1165
1008  19.5881   1.1165
1009  11.4883   1.1165
1010  68.1662   1.1165
1011  61.9191   1.1165
1012  13.8465   1.1165
1013   2.5076   1.1165
1014 22912.3231   1.1165
1015  10.8165   1.1165
1016   4.1067   1.1165
1017   2.7201   1.1165
1018   2.4340   1.1165
1019  46.2240   1.1165
1020 708.6435   1.1165
1021  19.4631   1.1165
1022 691.9281   1.1165
1023 822.4747   1.1165
1024   2.4340   1.1165
1025   2.4478   1.1165
1026   2.4988   1.1165
1027   2.5047   1.1165
1028   2.5460   1.1165
1029   1.8357   1.1165
1030   5.8007   1.1165
1031  13.0390   1.1165
1032 2819.1578   1.1165
1033  10.0904   1.1165
1034 1053.3596   1.1165
1035   2.8037   1.1165
1036   3.2845   1.1165
1037   3.3309   1.1165
1038   2.3963   1.1165
1039 1523.3641   1.1165
1040   2.5151   1.1165
1041   2.4035   1.1165
1042   2.4129   1.1165
1043   2.3448   1.1165
1044   5.4414   1.1165
1045   2.3606   1.1165
1046   2.4843   1.1165
1047   2.5250   1.1165
1048   2.4613   1.1165
1049 184.3151   1.1165
1050   2.5378   1.1165
1051   2.3749   1.1165
1052  79.4898   1.1165
1053   9.5536   1.1165
1054 9543.2565   1.1165
1055   3.0246   1.1165
1056 1543.1326   1.1165
1057   5.4540   1.1165
1058   3.2531   1.1165
1059   4.6064   1.1165
1060   2.4633   1.1165
1061 10676.7962   1.1165
1062   2.3866   1.1165
1063   5.3089   1.1165
1064  10.4030   1.1165
1065   2.5693   1.1165
1066   5.3132   1.1165
1067   2.3840   1.1165
1068   1.9679   1.1165
1069   2.4528   1.1165
1070  28.8605   1.1165
1071   1.8957   1.1165
1072   3.2118   1.1165
1073   4.3086   1.1165
1074   5.9955   1.1165
1075   2.2803   1.1165
1076  12.0103   1.1165
1077   2.4963   1.1165
1078  46.0368   1.1165
1079  24.4301   1.1165
1080   6.9845   1.1165
1081   2.4340   1.1165
1082  31.2513   1.1165
1083  30.5860   1.1165
1084   6.8519   1.1165
1085 7666.8723   1.1165
1086   6.2942   1.1165
1087   7.8432   1.1165
1088   6.0238   1.1165
1089 1956.1894   1.1165
1090   4.3764   1.1165
1091   2.5078   1.1165
1092   4.0343   1.1165
1093  15.6769   1.1165
1094  23.6411   1.1165
1095   4.6814   1.1165
1096   5.8568   1.1165
1097  37.5330   1.1165
1098   3.1371   1.1165
1099   7.0358   1.1165
1100   2.4712   1.1165
1101  40.2915   1.1165
1102  13.4887   1.1165
1103 1159.8878   1.1165
1104   2.5741   1.1165
1105  11.6655   1.1165
1106   4.5113   1.1165
1107  29.5432   1.1165
1108   3.8018   1.1165
1109   2.2225   1.1165
1110   5.5347   1.1165
1111   1.8493   1.1165
1112   5.2525   1.1165
1113   2.6067   1.1165
1114   3.4119   1.1165
1115   2.4442   1.1165
1116   7.3039   1.1165
1117   2.4741   1.1165
1118   2.4753   1.1165
1119   2.4309   1.1165
1120   6.1706   1.1165
1121   2.5103   1.1165
1122   2.5091   1.1165
1123   2.4634   1.1165
1124   8.8717   1.1165
1125  36.8681   1.1165
1126   2.3068   1.1165
1127   6.7329   1.1165
1128      Inf   1.1165
1129   1.7596   1.1165
1130   2.4327   1.1165
1131 980.5312   1.1165
1132   2.1228   1.1165
1133   2.5063   1.1165
1134   2.8727   1.1165
1135   1.7820   1.1165
1136   4.2225   1.1165
1137   5.0892   1.1165
1138   2.4370   1.1165
1139 218.1368   1.1165
1140   2.3840   1.1165
1141   2.3840   1.1165
1142   4.6009   1.1165
1143  13.2766   1.1165
1144   2.5344   1.1165
1145  25.8105   1.1165
1146   2.3792   1.1165
1147   4.9009   1.1165
1148   6.8697   1.1165
1149   8.5501   1.1165
1150   2.4941   1.1165
1151   7.3342   1.1165
1152   1.8506   1.1165
1153   6.3699   1.1165
1154  25.8105   1.1165
1155   2.5250   1.1165
1156 29475.2587   1.1165
1157   2.3340   1.1165
1158   1.9094   1.1165
1159   8.2911   1.1165
1160   4.5621   1.1165
1161  10.3002   1.1165
1162 1358.0315   1.1165
1163  25.8105   1.1165
1164   4.0986   1.1165
1165 957.4889   1.1165
1166   6.2877   1.1165
1167   1.4321   1.1165
1168   5.7216   1.1165
1169  14.1485   1.1165
1170   2.6635   1.1165
1171  10.4272   1.1165
1172 1157.9615   1.1165
1173   2.9807   1.1165
1174   2.5896   1.1165
1175   2.3840   1.1165
1176   2.5220   1.1165
1177   2.3577   1.1165
1178   2.3709   1.1165
1179 855.4492   1.1165
1180   4.5437   1.1165
1181   2.6146   1.1165
1182   2.2943   1.1165
1183   2.4905   1.1165
1184 5514.3644   1.1165
1185   1.8987   1.1165
1186 3660.0158   1.1165
1187   2.3416   1.1165
1188   4.7233   1.1165
1189   2.4340   1.1165
1190   2.4828   1.1165
1191   2.6215   1.1165
1192   2.4805   1.1165
1193 3156.0641   1.1165
1194  11.7794   1.1165
1195   6.9022   1.1165
1196 936.6577   1.1165
1197  23.3518   1.1165
1198   2.4490   1.1165
1199   3.7783   1.1165
1200 1625.1480   1.1165
1201   2.4989   1.1165
1202   2.4876   1.1165
1203   2.3845   1.1165
1204   2.5837   1.1165
1205   2.5240   1.1165
1206   2.0953   1.1165
1207   2.5152   1.1165
1208   2.5528   1.1165
1209   2.4892   1.1165
1210  55.2921   1.1165
1211   6.9128   1.1165
1212   2.4340   1.1165
1213   5.3730   1.1165
1214  63.3439   1.1165
1215   4.7477   1.1165
1216   6.0868   1.1165
1217   2.3839   1.1165
1218   2.3613   1.1165
1219   9.9728   1.1165
1220   2.4610   1.1165
1221   6.4412   1.1165
1222   6.5300   1.1165
1223  83.5464   1.1165
1224 1080.3841   1.1165
1225   2.4625   1.1165
1226   2.5250   1.1165
1227   3.6037   1.1165
1228   2.2510   1.1165
1229   2.4884   1.1165
1230   2.4763   1.1165
1231   2.4989   1.1165
1232   2.4850   1.1165
1233   1.4993   1.1165
1234 1903.6695   1.1165
1235 3166.0706   1.1165
1236   7.6256   1.1165
1237   2.4967   1.1165
1238   2.4340   1.1165
1239  21.7367   1.1165
1240   6.9022   1.1165
1241  87.9128   1.1165
1242   2.5656   1.1165
1243   2.6184   1.1165
1244   2.5040   1.1165
1245 807.7171   1.1165
1246  24.2968   1.1165
1247 2803.9204   1.1165
1248   5.2856   1.1165
1249  17.3828   1.1165
1250   2.3530   1.1165
1251   2.5451   1.1165
1252   8.4038   1.1165
1253   2.5025   1.1165
1254   2.5300   1.1165
1255   2.4953   1.1165
1256  47.9395   1.1165
1257 7223.9859   1.1165
1258  42.8572   1.1165
1259   2.4960   1.1165
1260   2.4977   1.1165
1261   2.3865   1.1165
1262      NaN   1.1165
1263   2.8056   1.1165
1264  29.4234   1.1165
1265   6.5791   1.1165
1266   1.0630   1.0630
1267  17.6377   1.0630
1268  24.3191   1.0630
1269   3.6466   1.0630
1270   1.7596   1.0630
1271  12.8375   1.0630
1272   2.6198   1.0630
1273   3.6194   1.0630
1274   7.5821   1.0630
1275  44.3956   1.0630
1276   2.4619   1.0630
1277   2.4340   1.0630
1278   1.6789   1.0630
1279   2.4942   1.0630
1280   2.4553   1.0630
1281   2.5446   1.0630
1282   2.5242   1.0630
1283   2.5934   1.0630
1284  13.1178   1.0630
1285   2.3840   1.0630
1286  33.6875   1.0630
1287  12.3000   1.0630
1288   2.4343   1.0630
1289   2.4855   1.0630
1290   6.2119   1.0630
1291   8.3749   1.0630
1292   2.4981   1.0630
1293   3.5247   1.0630
1294   2.5004   1.0630
1295 3458.0831   1.0630
1296   2.9606   1.0630
1297   3.0517   1.0630
1298 32686.4884   1.0630
1299   2.5038   1.0630
1300   2.5573   1.0630
1301   6.7132   1.0630
1302   2.6594   1.0630
1303   2.6574   1.0630
1304   1.6488   1.0630
1305   2.5496   1.0630
1306   2.4566   1.0630
1307   2.5265   1.0630
1308   2.6857   1.0630
1309 1071.3392   1.0630
1310   3.1888   1.0630
1311   2.4933   1.0630
1312   2.6679   1.0630
1313   2.5880   1.0630
1314   1.8166   1.0630
1315   3.6967   1.0630
1316  38.2180   1.0630
1317   4.3699   1.0630
1318   1.8722   1.0630
1319   2.4340   1.0630
1320   1.9678   1.0630
1321   2.8524   1.0630
1322  25.8563   1.0630
1323  22.4952   1.0630
1324   8.8259   1.0630
1325   1.7815   1.0630
1326   2.4051   1.0630
1327   1.7596   1.0630
1328  11.5009   1.0630
1329   8.9367   1.0630
1330   2.8229   1.0630
1331   2.5780   1.0630
1332 12233.9695   1.0630
1333   6.1623   1.0630
1334  25.8105   1.0630
1335  35.0120   1.0630
1336   2.4340   1.0630
1337 630.7473   1.0630
1338   2.5284   1.0630
1339   2.0892   1.0630
1340   6.3459   1.0630
1341   2.8379   1.0630
1342   2.4993   1.0630
1343  82.5164   1.0630
1344   2.4263   1.0630
1345   2.4942   1.0630
1346   1.8648   1.0630
1347  39.8199   1.0630
1348 11391.4117   1.0630
1349   2.6548   1.0630
1350  27.1992   1.0630
1351   3.5982   1.0630
1352   2.4520   1.0630
1353   4.5647   1.0630
1354   4.2200   1.0630
1355  16.4522   1.0630
1356   2.4808   1.0630
1357   2.4425   1.0630
1358   2.4448   1.0630
1359  31.9494   1.0630
1360  99.2278   1.0630
1361   2.4842   1.0630
1362   1.4979   1.0630
1363  11.5178   1.0630
1364  23.8153   1.0630
1365 1474.0039   1.0630
1366   2.3135   1.0630
1367  39.8439   1.0630
1368 112.4193   1.0630
1369   8.7681   1.0630
1370 1419.7462   1.0630
1371   2.6841   1.0630
1372   2.5627   1.0630
1373   2.3669   1.0630
1374   4.3224   1.0630
1375  54.9209   1.0630
1376   2.4284   1.0630
1377 15014.1148   1.0630
1378 3889.9141   1.0630
1379   3.3071   1.0630
1380   2.4567   1.0630
1381 3341.0301   1.0630
1382 9295.2641   1.0630
1383   2.4695   1.0630
1384   5.4277   1.0630
1385   3.7403   1.0630
1386   3.1916   1.0630
1387   2.4805   1.0630
1388   8.0873   1.0630
1389 100.8166   1.0630
1390   1.7596   1.0630
1391 670.5204   1.0630
1392   2.4899   1.0630
1393   2.4776   1.0630
1394   4.5851   1.0630
1395   5.8121   1.0630
1396   2.5751   1.0630
1397   1.5020   1.0630
1398   2.5485   1.0630
1399   2.4699   1.0630
1400 144.7079   1.0630
1401   2.4645   1.0630
1402   2.6571   1.0630
1403   2.5420   1.0630
1404  16.7625   1.0630
1405   2.4340   1.0630
1406 28002.2429   1.0630
1407   1.7596   1.0630
1408 103.0005   1.0630
1409   2.4879   1.0630
1410   4.8626   1.0630
1411   3.6419   1.0630
1412   2.5494   1.0630
1413   6.9845   1.0630
1414  10.3814   1.0630
1415   2.5167   1.0630
1416   2.6144   1.0630
1417   2.4765   1.0630
1418   2.4977   1.0630
1419   5.4865   1.0630
1420  25.8105   1.0630
1421   2.8946   1.0630
1422  22.5801   1.0630
1423  10.3146   1.0630
1424   9.2192   1.0630
1425   1.6100   1.0630
1426   2.3840   1.0630
1427   1.7193   1.0630
1428   2.8450   1.0630
1429  35.1601   1.0630
1430   1.2135   1.0630
1431   4.9282   1.0630
1432   2.1717   1.0630
1433 127.6661   1.0630
1434   2.4702   1.0630
1435  19.2044   1.0630
1436 675.2710   1.0630
1437   3.9493   1.0630
1438   3.4221   1.0630
1439   9.8060   1.0630
1440   2.6672   1.0630
1441   2.4688   1.0630
1442 1746.5055   1.0630
1443   2.4848   1.0630
1444  17.2268   1.0630
1445   2.4638   1.0630
1446 1827.8641   1.0630
1447   7.0173   1.0630
1448  30.3961   1.0630
1449   2.4901   1.0630
1450   4.9820   1.0630
1451 916.6766   1.0630
1452   2.6283   1.0630
1453   2.4340   1.0630
1454   1.5456   1.0630
1455   2.4877   1.0630
1456   2.6512   1.0630
1457 6194.0359   1.0630
1458   1.9432   1.0630
1459   8.9419   1.0630
1460   2.4149   1.0630
1461   2.6165   1.0630
1462   2.5159   1.0630
1463 4620.2641   1.0630
1464 1594.8875   1.0630
1465   5.1912   1.0630
1466   1.7596   1.0630
1467  16.9121   1.0630
1468   6.2165   1.0630
1469   2.5781   1.0630
1470   2.3447   1.0630
1471 1611.4186   1.0630
1472   8.8613   1.0630
1473   7.2214   1.0630
1474  26.8053   1.0630
1475   1.8858   1.0630
1476   9.2292   1.0630
1477   2.4862   1.0630
1478   2.3840   1.0630
1479  20.1039   1.0630
1480  14.9202   1.0630
1481   2.5232   1.0630
1482   2.5022   1.0630
1483   2.2617   1.0630
1484 4582.6576   1.0630
1485   2.4384   1.0630
1486  51.2126   1.0630
1487  12.1289   1.0630
1488   2.2637   1.0630
1489   2.4340   1.0630
1490   2.5559   1.0630
1491 3139.1359   1.0630
1492   6.9022   1.0630
1493      Inf   1.0630
1494   2.4133   1.0630
1495   3.7705   1.0630
1496  26.3095   1.0630
1497   2.4340   1.0630
1498   2.4086   1.0630
1499   1.5104   1.0630
1500   2.4340   1.0630
1501   2.3103   1.0630
1502      Inf   1.0630
1503   2.2368   1.0630
1504   1.2801   1.0630
1505   2.4733   1.0630
1506  29.7187   1.0630
1507   2.4211   1.0630
1508   2.7087   1.0630
1509   3.4634   1.0630
1510   2.4411   1.0630
1511  12.2778   1.0630
1512   3.1435   1.0630
1513 346.6475   1.0630
1514  29.9544   1.0630
1515   4.0595   1.0630
1516   8.3558   1.0630
1517   2.4507   1.0630
1518   2.5005   1.0630
1519   6.9329   1.0630
1520  34.0875   1.0630
1521   2.4997   1.0630
1522   2.3727   1.0630
1523   2.5318   1.0630
1524   2.3247   1.0630
1525   2.4340   1.0630
1526   2.5072   1.0630
1527   2.3524   1.0630
1528   2.3915   1.0630
1529   2.3068   1.0630
1530   6.5956   1.0630
1531   1.5293   1.0630
1532   1.8059   1.0630
1533   4.1623   1.0630
1534   2.4401   1.0630
1535   2.4560   1.0630
1536  21.0644   1.0630
1537   2.4578   1.0630
1538 970.1853   1.0630
1539   2.9118   1.0630
1540   2.5179   1.0630
1541   3.2400   1.0630
1542   1.5031   1.0630
1543  58.8086   1.0630
1544   4.5955   1.0630
1545   4.9927   1.0630
1546   2.3554   1.0630
1547   2.5202   1.0630
1548   2.5292   1.0630
1549   2.9770   1.0630
1550 133.4353   1.0630
1551   3.1035   1.0630
1552 1626.2595   1.0630
1553   2.4340   1.0630
1554   2.4340   1.0630
1555   7.1071   1.0630
1556  39.5212   1.0630
1557  10.2631   1.0630
1558   3.3170   1.0630
1559 731.7623   1.0630
1560   1.5110   1.0630
1561   6.3770   1.0630
1562   2.0185   1.0630
1563   2.4641   1.0630
1564   6.8437   1.0630
1565  82.8429   1.0630
1566  13.7051   1.0630
1567   3.2223   1.0630
1568   2.8867   1.0630
1569   1.8071   1.0630
1570   4.5342   1.0630
1571   2.4493   1.0630
1572   2.7365   1.0630
1573   5.9406   1.0630
1574 1375.6213   1.0630
1575   2.3068   1.0630
1576  25.8105   1.0630
1577   2.3867   1.0630
1578   2.6342   1.0630
1579   2.4458   1.0630
1580   3.1071   1.0630
1581   8.1077   1.0630
1582 4918.1641   1.0630
1583   1.6876   1.0630
1584   8.8253   1.0630
1585   8.3489   1.0630
1586  25.8105   1.0630
1587   2.5233   1.0630
1588   3.9986   1.0630
1589      Inf   1.0630
1590   2.2548   1.0630
1591  10.5165   1.0630
1592   3.6533   1.0630
1593  42.2964   1.0630
1594   2.3300   1.0630
1595   2.5681   1.0630
1596   2.4060   1.0630
1597   2.3840   1.0630
1598   2.1068   1.0630
1599   5.1579   1.0630
1600   4.9838   1.0630
1601   2.5178   1.0630
1602   9.2937   1.0630
1603  13.5645   1.0630
1604   1.3561   1.0630
1605   2.7320   1.0630
1606   3.9555   1.0630
1607   6.0014   1.0630
1608   2.6788   1.0630
1609   2.5250   1.0630
1610   5.2289   1.0630
1611   2.8727   1.0630
1612   7.2486   1.0630
1613   1.8278   1.0630
1614   2.9408   1.0630
1615   2.5989   1.0630
1616  39.1453   1.0630
1617 4505.3859   1.0630
1618   2.5189   1.0630
1619   2.4687   1.0630
1620   6.9022   1.0630
1621 44908.5473   1.0630
1622   2.4357   1.0630
1623   2.1143   1.0630
1624   2.0889   1.0630
1625   3.5370   1.0630
1626   2.4170   1.0630
1627   5.8708   1.0630
1628   2.5080   1.0630
1629   2.9755   1.0630
1630   8.5843   1.0630
1631   2.4340   1.0630
1632   2.6320   1.0630
1633   7.9701   1.0630
1634   9.6726   1.0630
1635   2.5250   1.0630
1636   2.7199   1.0630
1637   2.2542   1.0630
1638  41.7532   1.0630
1639 925.6501   1.0630
1640   3.2857   1.0630
1641   2.5281   1.0630
1642   2.4330   1.0630
1643 1510.1519   1.0630
1644   2.6532   1.0630
1645   1.9446   1.0630
1646   2.4692   1.0630
1647   2.3840   1.0630
1648  21.4921   1.0630
1649   6.8503   1.0630
1650   2.5250   1.0630
1651   1.7607   1.0630
1652   2.5381   1.0630
1653  26.1351   1.0630
1654   1.7988   1.0630
1655   2.3840   1.0630
1656 840.6676   1.0630
1657   1.5213   1.0630
1658   2.5882   1.0630
1659 4966.2034   1.0630
1660   6.9022   1.0630
1661   2.4320   1.0630
1662  14.9461   1.0630
1663   2.4808   1.0630
1664   2.4751   1.0630
1665   2.5411   1.0630
1666   2.4875   1.0630
1667   2.5575   1.0630
1668   2.3870   1.0630
1669   1.7670   1.0630
1670   2.3864   1.0630
1671   2.9292   1.0630
1672   2.5062   1.0630
1673   2.4198   1.0630
1674   2.3462   1.0630
1675 902.5632   1.0630
1676   2.3402   1.0630
1677   2.5943   1.0630
1678   2.5191   1.0630
1679   2.5029   1.0630
1680   6.7784   1.0630
1681   1.7596   1.0630
1682   2.4588   1.0630
1683  18.9820   1.0630
1684   2.4340   1.0630
1685   2.0127   1.0630
1686 697.1197   1.0630
1687   3.2154   1.0630
1688   2.4577   1.0630
1689  25.8105   1.0630
1690   5.1338   1.0630
1691  68.0801   1.0630
1692   3.2892   1.0630
1693   4.9914   1.0630
1694 3692.2547   1.0630
1695   2.3400   1.0630
1696   2.5216   1.0630
1697   3.2326   1.0630
1698   9.0556   1.0630
1699   9.7922   1.0630
1700  53.0483   1.0630
1701   7.8484   1.0630
1702   2.4668   1.0630
1703  27.2386   1.0630
1704  42.4288   1.0630
1705   2.5039   1.0630
1706   2.4838   1.0630
1707   6.4117   1.0630
1708   2.5896   1.0630
1709   1.7596   1.0630
1710   1.7398   1.0630
1711   2.5589   1.0630
1712  11.1391   1.0630
1713   2.8418   1.0630
1714   8.5527   1.0630
1715   2.6647   1.0630
1716   2.4340   1.0630
1717   2.3521   1.0630
1718   2.4951   1.0630
1719   2.4860   1.0630
1720   8.3689   1.0630
1721   1.8588   1.0630
1722   2.4507   1.0630
1723  30.3961   1.0630
1724   9.0248   1.0630
1725   2.4017   1.0630
1726  10.8703   1.0630
1727   2.4507   1.0630
1728   5.5678   1.0630
1729  17.0324   1.0630
1730   2.5250   1.0630
1731  12.1735   1.0630
1732   3.8508   1.0630
1733   2.4299   1.0630
1734   2.6295   1.0630
1735   2.3840   1.0630
1736   1.8478   1.0630
1737   6.0256   1.0630
1738   2.3440   1.0630
1739 10249.4670   1.0630
1740  97.2770   1.0630
1741   1.3752   1.0630
1742  19.1312   1.0630
1743   4.3886   1.0630
1744   1.4950   1.0630
1745   2.4340   1.0630
1746   2.4688   1.0630
1747   4.4332   1.0630
1748   7.4293   1.0630
1749   2.4211   1.0630
1750   2.4065   1.0630
1751   3.3580   1.0630
1752   3.4542   1.0630
1753   2.5093   1.0630
1754 656.1085   1.0630
1755   2.4340   1.0630
1756  44.3024   1.0630
1757 190.6051   1.0630
1758   1.7540   1.0630
1759   4.2681   1.0630
1760  11.9234   1.0630
1761   2.6209   1.0630
1762  25.8105   1.0630
1763   4.0010   1.0630
1764  18.7342   1.0630
1765   2.4978   1.0630
1766   2.5737   1.0630
1767   2.4734   1.0630
1768   3.0601   1.0630
1769  25.2664   1.0630
1770   2.5089   1.0630
1771  26.8584   1.0630
1772   3.2670   1.0630
1773  13.8196   1.0630
1774   1.8841   1.0630
1775   1.8335   1.0630
1776   2.4250   1.0630
1777   7.9778   1.0630
1778  15.1234   1.0630
1779   2.3678   1.0630
1780   2.4340   1.0630
1781   1.3032   1.0630
1782   7.3314   1.0630
1783   2.3152   1.0630
1784   4.6619   1.0630
1785   4.9296   1.0630
1786   2.4958   1.0630
1787   2.5250   1.0630
1788   2.5180   1.0630
1789 1581.0469   1.0630
1790   2.4787   1.0630
1791 1259.9572   1.0630
1792   3.4660   1.0630
1793   1.6569   1.0630
1794   3.1769   1.0630
1795   8.8244   1.0630
1796  16.2956   1.0630
1797 3044.8141   1.0630
1798   2.4543   1.0630
1799  31.2788   1.0630
1800   2.1409   1.0630
1801   3.4019   1.0630
1802      Inf   1.0630
1803   2.4873   1.0630
1804   3.6325   1.0630
1805  17.3991   1.0630
1806   2.2322   1.0630
1807   2.2148   1.0630
1808   2.5213   1.0630
1809   8.1327   1.0630
1810   3.0065   1.0630
1811   2.4632   1.0630
1812 105.2853   1.0630
1813   2.5587   1.0630
1814   5.7521   1.0630
1815   2.7231   1.0630
1816   2.0898   1.0630
1817   2.2629   1.0630
1818  16.9851   1.0630
1819  23.0853   1.0630
1820   2.5042   1.0630
1821   3.1440   1.0630
1822   5.8504   1.0630
1823  53.8120   1.0630
1824   2.4340   1.0630
1825   2.5247   1.0630
1826   1.6270   1.0630
1827   5.2064   1.0630
1828   2.2916   1.0630
1829  37.2384   1.0630
1830   9.7253   1.0630
1831   2.6072   1.0630
1832  13.4067   1.0630
1833   3.8368   1.0630
1834   2.5313   1.0630
1835   9.0441   1.0630
1836   2.5250   1.0630
1837   2.4340   1.0630
1838   2.4858   1.0630
1839   3.5421   1.0630
1840   1.7596   1.0630
1841      NaN   1.0630
1842   2.5085   1.0630
1843   6.5922   1.0630
1844   3.5307   1.0630
1845   2.5019   1.0630
1846  57.9425   1.0630
1847   2.4931   1.0630
1848  11.5633   1.0630
1849   1.4086   1.0630
1850   9.5294   1.0630
1851   2.3774   1.0630
1852 2196.5739   1.0630
1853   9.6635   1.0630
1854   4.7283   1.0630
1855  17.5705   1.0630
1856   2.4963   1.0630
1857   8.1045   1.0630
1858   9.4997   1.0630
1859   2.3368   1.0630
1860   2.4999   1.0630
1861   2.4104   1.0630
1862   2.5368   1.0630
1863   2.5017   1.0630
1864 4314.6840   1.0630
1865  43.3264   1.0630
1866   2.3840   1.0630
1867   5.1080   1.0630
1868   2.8294   1.0630
1869   1.0525   1.0525
1870 4619.3754   1.0525
1871   3.6027   1.0525
1872   2.4340   1.0525
1873   4.7963   1.0525
1874  41.1331   1.0525
1875  12.7786   1.0525
1876   3.2081   1.0525
1877   6.9022   1.0525
1878 1884.7641   1.0525
1879 1533.8509   1.0525
1880  40.4880   1.0525
1881   9.2837   1.0525
1882   2.8227   1.0525
1883 150.5022   1.0525
1884   2.4981   1.0525
1885   2.4944   1.0525
1886   3.3081   1.0525
1887      Inf   1.0525
1888   2.0398   1.0525
1889   4.8565   1.0525
1890  48.3484   1.0525
1891   2.4564   1.0525
1892   1.9313   1.0525
1893  29.1413   1.0525
1894   9.3610   1.0525
1895   5.0205   1.0525
1896   6.9022   1.0525
1897   3.6970   1.0525
1898   3.3742   1.0525
1899      NaN   1.0525
1900 1380.5473   1.0525
1901  64.8361   1.0525
1902   2.6329   1.0525
1903  20.7024   1.0525
1904 152.2350   1.0525
1905   2.4340   1.0525
1906   4.9349   1.0525
1907   2.4340   1.0525
1908   2.4541   1.0525
1909   9.9502   1.0525
1910   8.0902   1.0525
1911   2.5312   1.0525
1912   2.4310   1.0525
1913      Inf   1.0525
1914   2.4854   1.0525
1915   1.8953   1.0525
1916   6.3915   1.0525
1917   1.0558   1.0525
1918   2.0783   1.0525
1919   2.4448   1.0525
1920   9.5450   1.0525
1921 196.4642   1.0525
1922   6.9022   1.0525
1923   2.4392   1.0525
1924   2.4700   1.0525
1925 1439.9591   1.0525
1926   2.4282   1.0525
1927   7.1764   1.0525
1928   2.5960   1.0525
1929   1.7064   1.0525
1930   2.4764   1.0525
1931 894.8237   1.0525
1932   3.1721   1.0525
1933  11.2409   1.0525
1934  40.1495   1.0525
1935 998.4139   1.0525
1936 1253.6625   1.0525
1937 1258.6079   1.0525
1938   2.4969   1.0525
1939   4.7593   1.0525
1940 1266.0041   1.0525
1941   4.9650   1.0525
1942   2.0040   1.0525
1943   9.2151   1.0525
1944  25.8105   1.0525
1945  11.2530   1.0525
1946  19.0183   1.0525
1947   5.9688   1.0525
1948   2.4651   1.0525
1949   2.2609   1.0525
1950   2.4321   1.0525
1951 2432.0948   1.0525
1952   3.2476   1.0525
1953   2.6285   1.0525
1954  15.8215   1.0525
1955  15.4927   1.0525
1956 996.1665   1.0525
1957   7.4182   1.0525
1958  25.8105   1.0525
1959   2.4451   1.0525
1960   2.4754   1.0525
1961   2.5272   1.0525
1962 885.3096   1.0525
1963   2.5021   1.0525
1964   2.7745   1.0525
1965   6.6274   1.0525
1966   2.5341   1.0525
1967   2.5098   1.0525
1968 885.3194   1.0525
1969   3.2269   1.0525
1970   7.0545   1.0525
1971  17.4895   1.0525
1972  11.5063   1.0525
1973   2.4791   1.0525
1974   2.3068   1.0525
1975   7.7120   1.0525
1976   2.5484   1.0525
1977   2.4683   1.0525
1978  11.5881   1.0525
1979   2.4956   1.0525
1980 1298.1659   1.0525
1981   2.3581   1.0525
1982   2.3818   1.0525
1983   2.4710   1.0525
1984   3.4704   1.0525
1985   2.5844   1.0525
1986   2.4673   1.0525
1987   7.7706   1.0525
1988  30.7211   1.0525
1989  16.0329   1.0525
1990   7.7126   1.0525
1991  30.0311   1.0525
1992   5.6233   1.0525
1993   1.9343   1.0525
1994 881.5022   1.0525
1995   9.2226   1.0525
1996   2.5164   1.0525
1997   2.2877   1.0525
1998 7524.7493   1.0525
1999   2.2390   1.0525
2000   2.1349   1.0525
2001  22.5904   1.0525
2002 1682.6106   1.0525
2003   7.1656   1.0525
2004   2.4784   1.0525
2005  58.4897   1.0525
2006  26.7466   1.0525
2007   2.6058   1.0525
2008  16.7988   1.0525
2009   1.7596   1.0525
2010   5.4073   1.0525
2011   2.4836   1.0525
2012   6.9022   1.0525
2013  28.5793   1.0525
2014   2.4606   1.0525
2015   7.3316   1.0525
2016   2.3398   1.0525
2017   2.9763   1.0525
2018   1.5954   1.0525
2019  14.1701   1.0525
2020 12136.2782   1.0525
2021   2.4635   1.0525
2022  25.0942   1.0525
2023   2.4360   1.0525
2024   2.5130   1.0525
2025   3.9199   1.0525
2026   2.4845   1.0525
2027 1150.6878   1.0525
2028  58.5304   1.0525
2029   2.5250   1.0525
2030   2.4847   1.0525
2031   1.8103   1.0525
2032   2.3135   1.0525
2033   2.5606   1.0525
2034   3.3486   1.0525
2035   2.4340   1.0525
2036  27.3050   1.0525
2037   2.5018   1.0525
2038  27.4312   1.0525
2039   2.1534   1.0525
2040   1.9152   1.0525
2041   2.4362   1.0525
2042  13.4958   1.0525
2043   2.5767   1.0525
2044   4.0489   1.0525
2045   1.3450   1.0525
2046   2.4340   1.0525
2047  72.1746   1.0525
2048   2.5094   1.0525
2049   2.5339   1.0525
2050   2.5090   1.0525
2051   2.5535   1.0525
2052   2.5764   1.0525
2053 883.3115   1.0525
2054   5.3472   1.0525
2055   1.8497   1.0525
2056   8.4552   1.0525
2057   2.5039   1.0525
2058 1412.0407   1.0525
2059   3.3450   1.0525
2060   2.5147   1.0525
2061  18.6069   1.0525
2062   2.5386   1.0525
2063   2.4340   1.0525
2064   2.5147   1.0525
2065  98.6952   1.0525
2066  10.5940   1.0525
2067   2.8415   1.0525
2068   2.4340   1.0525
2069   3.8915   1.0525
2070   2.4755   1.0525
2071   2.5361   1.0525
2072   2.4942   1.0525
2073 50028.7226   1.0525
2074 125.8905   1.0525
2075   2.5328   1.0525
2076 1642.5896   1.0525
2077 1015.7778   1.0525
2078   2.4959   1.0525
2079   2.4843   1.0525
2080   5.0518   1.0525
2081 999.3235   1.0525
2082  28.6166   1.0525
2083   2.5039   1.0525
2084 39580.8580   1.0525
2085   1.9399   1.0525
2086   2.5607   1.0525
2087   2.4340   1.0525
2088  16.8867   1.0525
2089 3243.3631   1.0525
2090   3.1777   1.0525
2091   3.1817   1.0525
2092   3.4740   1.0525
2093   2.5594   1.0525
2094  21.0325   1.0525
2095 8032.6141   1.0525
2096   2.5189   1.0525
2097   1.8800   1.0525
2098   5.4998   1.0525
2099  43.0189   1.0525
2100 205.9109   1.0525
2101  21.8836   1.0525
2102   2.5428   1.0525
2103   6.6866   1.0525
2104   2.4668   1.0525
2105  16.6153   1.0525
2106   1.7532   1.0525
2107   6.5331   1.0525
2108   2.3840   1.0525
2109   2.5160   1.0525
2110   2.5080   1.0525
2111   4.1323   1.0525
2112   2.4378   1.0525
2113   2.2253   1.0525
2114  45.1483   1.0525
2115   2.4363   1.0525
2116   2.3840   1.0525
2117   3.7734   1.0525
2118 1645.9884   1.0525
2119   1.7596   1.0525
2120   6.0589   1.0525
2121   1.6610   1.0525
2122   4.3975   1.0525
2123  18.0195   1.0525
2124   6.9022   1.0525
2125   2.3994   1.0525
2126   3.4509   1.0525
2127   2.4733   1.0525
2128   2.4083   1.0525
2129 1069.8521   1.0525
2130  20.7461   1.0525
2131  15.7320   1.0525
2132   3.3895   1.0525
2133  19.2174   1.0525
2134 1155.6187   1.0525
2135   2.0149   1.0525
2136  35.8637   1.0525
2137   2.4340   1.0525
2138   3.1452   1.0525
2139  35.8400   1.0525
2140  65.8409   1.0525
2141   2.5192   1.0525
2142  14.1693   1.0525
2143   2.4354   1.0525
2144  41.8536   1.0525
2145  35.0034   1.0525
2146 6865.2359   1.0525
2147   1.8292   1.0525
2148   2.3320   1.0525
2149   3.2076   1.0525
2150  54.1486   1.0525
2151   2.3080   1.0525
2152  14.1716   1.0525
2153   2.1659   1.0525
2154 119.6519   1.0525
2155  10.0200   1.0525
2156   2.4297   1.0525
2157  10.7179   1.0525
2158  35.1257   1.0525
2159 1240.7345   1.0525
2160   6.5976   1.0525
2161   4.4944   1.0525
2162   2.2863   1.0525
2163   3.8453   1.0525
2164  50.0446   1.0525
2165  18.7306   1.0525
2166  34.0009   1.0525
2167   2.5105   1.0525
2168  15.4011   1.0525
2169   1.9845   1.0525
2170  20.5583   1.0525
2171 122.0548   1.0525
2172   4.5274   1.0525
2173   2.3384   1.0525
2174   1.8295   1.0525
2175   2.2107   1.0525
2176  12.7032   1.0525
2177   2.4589   1.0525
2178   3.2797   1.0525
2179  13.7950   1.0525
2180   2.6920   1.0525
2181  30.3961   1.0525
2182   2.4480   1.0525
2183   2.5250   1.0525
2184   2.7059   1.0525
2185   2.5250   1.0525
2186   1.6012   1.0525
2187   7.2656   1.0525
2188  18.5621   1.0525
2189   2.3254   1.0525
2190   2.5891   1.0525
2191 24971.5000   1.0525
2192   3.4731   1.0525
2193 1600.9400   1.0525
2194   2.3914   1.0525
2195   2.4512   1.0525
2196   4.5778   1.0525
2197  14.9025   1.0525
2198  13.2673   1.0525
2199  12.8119   1.0525
2200   1.5371   1.0525
2201   2.5785   1.0525
2202   2.4929   1.0525
2203   3.4099   1.0525
2204   1.6637   1.0525
2205  17.9170   1.0525
2206  16.3874   1.0525
2207  14.4168   1.0525
2208   1.7596   1.0525
2209  18.8415   1.0525
2210  25.8105   1.0525
2211   3.3221   1.0525
2212   2.8940   1.0525
2213   7.2357   1.0525
2214   2.5283   1.0525
2215  44.1551   1.0525
2216   5.9410   1.0525
2217  12.1340   1.0525
2218   1.8639   1.0525
2219 1281.4618   1.0525
2220   2.5706   1.0525
2221   1.7931   1.0525
2222   2.1824   1.0525
2223   2.5850   1.0525
2224   5.9663   1.0525
2225   4.0863   1.0525
2226   2.4807   1.0525
2227   2.4824   1.0525
2228   2.5766   1.0525
2229   2.4340   1.0525
2230   5.9796   1.0525
2231   2.1323   1.0525
2232  11.3398   1.0525
2233   6.3616   1.0525
2234   2.6314   1.0525
2235  20.3943   1.0525
2236  12.9106   1.0525
2237  44.8595   1.0525
2238   4.7930   1.0525
2239 261.7528   1.0525
2240  25.2306   1.0525
2241   4.4127   1.0525
2242 992.5063   1.0525
2243   3.2810   1.0525
2244  12.1472   1.0525
2245   2.5414   1.0525
2246   2.3840   1.0525
2247   2.4874   1.0525
2248  12.5460   1.0525
2249   2.4262   1.0525
2250   2.4864   1.0525
2251   3.1887   1.0525
2252   2.4637   1.0525
2253   3.7706   1.0525
2254   2.1670   1.0525
2255   9.2027   1.0525
2256   2.5250   1.0525
2257  11.0339   1.0525
2258  15.7890   1.0525
2259  64.0450   1.0525
2260  25.8105   1.0525
2261   2.3809   1.0525
2262   2.5359   1.0525
2263   2.4340   1.0525
2264   4.2745   1.0525
2265   2.4354   1.0525
2266   6.9960   1.0525
2267   2.4805   1.0525
2268   1.8366   1.0525
2269   1.9861   1.0525
2270 628.7585   1.0525
2271   5.1944   1.0525
2272   4.7728   1.0525
2273 1747.5141   1.0525
2274   2.4952   1.0525
2275   9.7398   1.0525
2276   2.3535   1.0525
2277  25.8105   1.0525
2278 1783.1256   1.0525
2279  50.5453   1.0525
2280   9.0391   1.0525
2281   2.7489   1.0525
2282   2.2918   1.0525
2283   2.6686   1.0525
2284   2.1473   1.0525
2285   2.2778   1.0525
2286   2.4065   1.0525
2287   2.3032   1.0525
2288   2.8649   1.0525
2289   2.4657   1.0525
2290   2.7632   1.0525
2291 1635.8986   1.0525
2292 884.6740   1.0525
2293   2.5437   1.0525
2294   3.8092   1.0525
2295 2332.1085   1.0525
2296   1.4922   1.0525
2297   2.4340   1.0525
2298   4.5513   1.0525
2299 3276.9359   1.0525
2300   2.4274   1.0525
2301   2.5250   1.0525
2302   1.1885   1.0525
2303  20.0994   1.0525
2304   6.3860   1.0525
2305   2.2446   1.0525
2306   2.4895   1.0525
2307   1.8318   1.0525
2308  28.8726   1.0525
2309   1.7596   1.0525
2310   2.4280   1.0525
2311   2.8136   1.0525
2312  20.9178   1.0525
2313   2.4340   1.0525
2314   2.5553   1.0525
2315   6.8493   1.0525
2316   2.5776   1.0525
2317   3.0841   1.0525
2318 1472.9260   1.0525
2319   2.4574   1.0525
2320 2227.3191   1.0525
2321   2.7820   1.0525
2322 801.3419   1.0525
2323      Inf   1.0525
2324   4.0199   1.0525
2325   2.4340   1.0525
2326 14842.7036   1.0525
2327   8.3790   1.0525
2328  16.3223   1.0525
2329  20.8632   1.0525
2330   2.3840   1.0525
2331   4.6056   1.0525
2332   4.2469   1.0525
2333   2.5250   1.0525
2334 5468.3859   1.0525
2335   3.0111   1.0525
2336  13.3812   1.0525
2337  27.6419   1.0525
2338   4.0807   1.0525
2339   1.7596   1.0525
2340   3.2594   1.0525
2341   3.2422   1.0525
2342   2.5597   1.0525
2343   1.4510   1.0525
2344      Inf   1.0525
2345  21.5643   1.0525
2346   1.7746   1.0525
2347  11.8829   1.0525
2348 1716.8859   1.0525
2349  25.8329   1.0525
2350      Inf   1.0525
2351   2.5103   1.0525
2352   2.3656   1.0525
2353   2.4787   1.0525
2354  33.6522   1.0525
2355   2.4062   1.0525
2356   2.4033   1.0525
2357   7.5067   1.0525
2358   1.7957   1.0525
2359 136.4645   1.0525
2360   6.9629   1.0525
2361 1540.4097   1.0525
2362   1.7508   1.0525
2363   2.5717   1.0525
2364 1663.9765   1.0525
2365   2.4854   1.0525
2366   1.7162   1.0525
2367   2.5322   1.0525
2368   2.4504   1.0525
2369   2.3311   1.0525
2370   2.4989   1.0525
2371 778.0017   1.0525
2372   1.9217   1.0525
2373   2.4128   1.0525
2374  18.1047   1.0525
2375   2.6373   1.0525
2376   2.4340   1.0525
2377 1115.3202   1.0525
2378   2.4712   1.0525
2379   2.5070   1.0525
2380   2.4507   1.0525
2381  11.4331   1.0525
2382   5.7653   1.0525
2383  20.7295   1.0525
2384   2.5145   1.0525
2385   2.5049   1.0525
2386   3.0233   1.0525
2387 2167.2107   1.0525
2388   2.5086   1.0525
2389  24.3130   1.0525
2390  37.6681   1.0525
2391   2.5074   1.0525
2392   6.9022   1.0525
2393 3358.0859   1.0525
2394   1.7922   1.0525
2395   1.9849   1.0525
2396 1527.9468   1.0525
2397   2.4422   1.0525
2398   2.5466   1.0525
2399   2.4509   1.0525
2400   2.3684   1.0525
2401  47.9910   1.0525
2402   5.2036   1.0525
2403   2.5097   1.0525
2404   2.4362   1.0525
2405   7.0100   1.0525
2406   2.4389   1.0525
2407   4.7874   1.0525
2408 1661.6597   1.0525
2409  11.2247   1.0525
2410   2.6076   1.0525
2411   2.5250   1.0525
2412  25.4801   1.0525
2413   2.4845   1.0525
2414   1.8605   1.0525
2415   2.8548   1.0525
2416   2.3840   1.0525
2417   2.7943   1.0525
2418  12.1916   1.0525
2419  34.7289   1.0525
2420   8.6863   1.0525
2421   2.8260   1.0525
2422 2739.3383   1.0525
2423   4.1276   1.0525
2424   2.4480   1.0525
2425 6415.8096   1.0525
2426   2.5250   1.0525
2427   2.4982   1.0525
2428   2.5816   1.0525
2429   5.8228   1.0525
2430   2.6778   1.0525
2431   3.0372   1.0525
2432   2.4798   1.0525
2433   2.3840   1.0525
2434  17.7255   1.0525
2435   2.0989   1.0525
2436 896.4291   1.0525
2437   3.4220   1.0525
2438   3.9373   1.0525
2439 7905.4493   1.0525
2440   2.4324   1.0525
2441   3.1738   1.0525
2442   2.9682   1.0525
2443   2.2438   1.0525
2444 1217.7489   1.0525
2445   2.4957   1.0525
2446   2.4946   1.0525
2447   2.0220   1.0525
2448   2.7935   1.0525
2449   2.3890   1.0525
2450   2.4404   1.0525
2451   5.7753   1.0525
2452   2.4629   1.0525
2453   6.6303   1.0525
2454   2.5018   1.0525
2455   2.5774   1.0525
2456   2.6469   1.0525
2457   1.6243   1.0525
2458   3.1917   1.0525
2459   2.5672   1.0525
2460   2.4843   1.0525
2461   5.8807   1.0525
2462   9.8906   1.0525
2463   4.9480   1.0525
2464   6.9742   1.0525
2465   3.3550   1.0525
2466   1.7638   1.0525
2467 1313.9218   1.0525
2468   2.4914   1.0525
2469 186.0669   1.0525
2470   2.4267   1.0525
2471   3.8285   1.0525
2472 1022.0024   1.0525
2473   2.4394   1.0525
2474 219.0305   1.0525
2475   2.6008   1.0525
2476   2.0335   1.0525
2477   1.8415   1.0525
2478 933.2700   1.0525
2479   2.4340   1.0525
2480  12.4845   1.0525
2481  38.1939   1.0525
2482   9.0623   1.0525
2483   4.3644   1.0525
2484   2.3840   1.0525
2485   9.4681   1.0525
2486   2.6558   1.0525
2487   2.5020   1.0525
2488   3.7487   1.0525
2489  16.1833   1.0525
2490   2.4799   1.0525
2491  81.9012   1.0525
2492   4.6773   1.0525
2493   2.5250   1.0525
2494   2.1894   1.0525
2495   2.5250   1.0525
2496   2.5089   1.0525
2497   6.1488   1.0525
2498   7.4746   1.0525
2499  19.7428   1.0525
2500   2.8530   1.0525
2501   3.2514   1.0525
2502   2.4345   1.0525
2503  25.8105   1.0525
2504 1239.3308   1.0525
2505   2.4318   1.0525
2506   2.3840   1.0525
2507   6.8914   1.0525
2508   2.4340   1.0525
2509 1177.2217   1.0525
2510   2.5145   1.0525
2511   2.5152   1.0525
2512 887.6931   1.0525
2513   2.3443   1.0525
2514   2.5067   1.0525
2515   1.7967   1.0525
2516   1.7596   1.0525
2517 4940.8437   1.0525
2518  10.3694   1.0525
2519   2.4424   1.0525
2520   2.3653   1.0525
2521   3.1545   1.0525
2522   1.8083   1.0525
2523   2.5213   1.0525
2524 275.9108   1.0525
2525   2.4802   1.0525
2526  39.5977   1.0525
2527   2.5229   1.0525
2528 9423.9714   1.0525
2529 845.1663   1.0525
2530 11509.3356   1.0525
2531   5.5904   1.0525
2532  34.8044   1.0525
2533   1.8586   1.0525
2534   3.1271   1.0525
2535   1.8969   1.0525
2536   4.0803   1.0525
2537   2.6226   1.0525
2538 889.1311   1.0525
2539   3.5946   1.0525
2540  25.8105   1.0525
2541   2.4284   1.0525
2542   5.0280   1.0525
2543  54.4361   1.0525
2544 13862.8973   1.0525
2545   6.7858   1.0525
2546 1098.0741   1.0525
2547 6662.3359   1.0525
2548   2.4723   1.0525
2549   2.5505   1.0525
2550   2.5364   1.0525
2551   1.5115   1.0525
2552   2.5015   1.0525
2553   2.5395   1.0525
2554  37.7727   1.0525
2555  62.6821   1.0525
2556   2.4720   1.0525
2557   2.5466   1.0525
2558   2.5778   1.0525
2559   2.4655   1.0525
2560   1.9730   1.0525
2561 25169.6073   1.0525
2562  25.8105   1.0525
2563   2.4253   1.0525
2564   2.4525   1.0525
2565   5.1749   1.0525
2566  21.8691   1.0525
2567  25.8528   1.0525
2568   2.3217   1.0525
2569  36.9473   1.0525
2570 167.5040   1.0525
2571 722.4185   1.0525
2572   2.4335   1.0525
2573   2.5322   1.0525
2574   2.5474   1.0525
2575 2818.7141   1.0525
2576   2.3413   1.0525
2577 1170.9825   1.0525
2578   2.4428   1.0525
2579   2.4167   1.0525
2580  20.0597   1.0525
2581   2.5823   1.0525
2582   6.5322   1.0525
2583   1.8545   1.0525
2584   5.1279   1.0525
2585   5.9041   1.0525
2586   3.0816   1.0525
2587   1.6491   1.0525
2588   2.4562   1.0525
2589   2.5250   1.0525
2590   6.9993   1.0525
2591   2.3840   1.0525
2592   2.4677   1.0525
2593   6.9022   1.0525
2594   5.3589   1.0525
2595   6.4594   1.0525
2596   2.6015   1.0525
2597   2.5250   1.0525
2598   2.6694   1.0525
2599   1.7596   1.0525
2600   2.3764   1.0525
2601 1652.6494   1.0525
2602 168.4148   1.0525
2603   2.6215   1.0525
2604  18.8057   1.0525
2605   1.5914   1.0525
2606   2.0858   1.0525
2607   2.9099   1.0525
2608   2.5085   1.0525
2609   2.4658   1.0525
2610   3.7056   1.0525
2611   8.0218   1.0525
2612   1.7611   1.0525
2613  57.2890   1.0525
2614   2.4870   1.0525
2615   3.3060   1.0525
2616   2.5557   1.0525
2617   6.9022   1.0525
2618   2.6621   1.0525
2619   2.5332   1.0525
2620   2.4642   1.0525
2621  29.0484   1.0525
2622   2.4797   1.0525
2623   2.4854   1.0525
2624   2.4340   1.0525
2625   2.7613   1.0525
2626 24868.3505   1.0525
2627   2.4340   1.0525
2628   5.8290   1.0525
2629   8.7138   1.0525
2630  11.6773   1.0525
2631   2.3125   1.0525
2632   2.5150   1.0525
2633   6.9629   1.0525
2634   7.5669   1.0525
2635   3.5223   1.0525
2636   5.2034   1.0525
2637   2.5973   1.0525
2638   3.2985   1.0525
2639   3.6422   1.0525
2640   2.5597   1.0525
2641   1.4808   1.0525
2642 103.6654   1.0525
2643   3.4573   1.0525
2644   1.7369   1.0525
2645  11.9161   1.0525
2646   2.3493   1.0525
2647 1201.1559   1.0525
2648   2.4340   1.0525
2649   2.6566   1.0525
2650 5213.0141   1.0525
2651 3603.0859   1.0525
2652  28.2384   1.0525
2653   2.5821   1.0525
2654   2.3840   1.0525
2655 2134.1859   1.0525
2656   2.4832   1.0525
2657   2.2080   1.0525
2658 892.0257   1.0525
2659 1121.7985   1.0525
2660   2.6055   1.0525
2661   2.5250   1.0525
2662 141.5790   1.0525
2663   2.5120   1.0525
2664 14062.5810   1.0525
2665   7.0086   1.0525
2666   2.4955   1.0525
2667   2.4091   1.0525
2668   2.4372   1.0525
2669   2.5778   1.0525
2670   2.4841   1.0525
2671   1.7596   1.0525
2672   4.0463   1.0525
2673   2.3840   1.0525
2674  11.9465   1.0525
2675  56.0218   1.0525
2676   4.7433   1.0525
2677   2.4340   1.0525
2678   2.1387   1.0525
2679   2.3289   1.0525
2680   8.7374   1.0525
2681   2.2255   1.0525
2682   2.4905   1.0525
2683   1.9307   1.0525
2684   2.4340   1.0525
2685   1.8497   1.0525
2686   2.5252   1.0525
2687   2.5485   1.0525
2688  12.3721   1.0525
2689   6.8469   1.0525
2690   2.5103   1.0525
2691   1.7681   1.0525
2692   1.3120   1.0525
2693   3.7408   1.0525
2694   2.3946   1.0525
2695  25.8105   1.0525
2696   2.4340   1.0525
2697   2.5250   1.0525
2698 6896.4364   1.0525
2699   2.5006   1.0525
2700   2.4463   1.0525
2701   2.4527   1.0525
2702   3.5610   1.0525
2703   6.9022   1.0525
2704  26.9051   1.0525
2705 1201.0967   1.0525
2706  63.1046   1.0525
2707   2.4933   1.0525
2708  30.4207   1.0525
2709   2.5294   1.0525
2710   6.3569   1.0525
2711   2.4786   1.0525
2712   2.3842   1.0525
2713   2.5560   1.0525
2714   6.9112   1.0525
2715   3.2240   1.0525
2716   2.3104   1.0525
2717   7.1241   1.0525
2718   2.8906   1.0525
2719   2.3083   1.0525
2720 1598.8188   1.0525
2721  10.0651   1.0525
2722   3.5144   1.0525
2723   2.5011   1.0525
2724   2.7109   1.0525
2725   5.0380   1.0525
2726   2.5183   1.0525
2727  13.6951   1.0525
2728  29.2303   1.0525
2729   2.3661   1.0525
2730 1390.7449   1.0525
2731   2.1682   1.0525
2732      Inf   1.0525
2733   6.9022   1.0525
2734   1.8747   1.0525
2735 1652.6222   1.0525
2736   2.5716   1.0525
2737   3.2156   1.0525
2738  13.2067   1.0525
2739  38.5606   1.0525
2740   2.4424   1.0525
2741 3093.7570   1.0525
2742  61.6302   1.0525
2743   2.4340   1.0525
2744 842.0221   1.0525
2745   2.5927   1.0525
2746  10.9620   1.0525
2747   1.7596   1.0525
2748 1055.5465   1.0525
2749  53.8924   1.0525
2750  10.0908   1.0525
2751   2.4340   1.0525
2752  34.5603   1.0525
2753 2219.7366   1.0525
2754   2.5751   1.0525
2755   5.2983   1.0525
2756   9.3944   1.0525
2757   3.5260   1.0525
2758 1983.8434   1.0525
2759  20.2432   1.0525
2760   1.3263   1.0525
2761   2.5250   1.0525
2762   8.2184   1.0525
2763 819.6073   1.0525
2764 1307.3715   1.0525
2765   2.6733   1.0525
2766 1306.8343   1.0525
2767   2.4090   1.0525
2768   2.5250   1.0525
2769  28.4555   1.0525
2770   2.5091   1.0525
2771   8.1284   1.0525
2772   4.9363   1.0525
2773  16.7157   1.0525
2774   3.7461   1.0525
2775   7.3921   1.0525
2776  19.4377   1.0525
2777   1.7355   1.0525
2778   2.3853   1.0525
2779   6.9022   1.0525
2780   2.3954   1.0525
2781   6.1843   1.0525
2782      Inf   1.0525
2783  25.8105   1.0525
2784   6.2349   1.0525
2785 241.7310   1.0525
2786  34.0487   1.0525
2787 957.2819   1.0525
2788   8.1679   1.0525
2789  57.5667   1.0525
2790 3412.4205   1.0525
2791   2.4868   1.0525
2792  12.0685   1.0525
2793   2.2552   1.0525
2794   2.3460   1.0525
2795 3018.4316   1.0525
2796   6.5144   1.0525
2797   5.8511   1.0525
2798   2.0882   1.0525
2799   2.4340   1.0525
2800   2.5778   1.0525
2801   1.8278   1.0525
2802  11.4883   1.0525
2803 132.0470   1.0525
2804  25.8105   1.0525
2805   2.4359   1.0525
2806   2.5472   1.0525
2807 731.4817   1.0525
2808 2884.3641   1.0525
2809   2.4807   1.0525
2810  12.4845   1.0525
2811   2.5587   1.0525
2812  11.5487   1.0525
2813   2.5031   1.0525
2814   5.8876   1.0525
2815   6.9845   1.0525
2816   4.6854   1.0525
2817 17903.9298   1.0525
2818   2.5248   1.0525
2819  10.3637   1.0525
2820  16.3094   1.0525
2821   3.3136   1.0525
2822 5024.9272   1.0525
2823   4.6488   1.0525
2824 761.8204   1.0525
2825   2.4534   1.0525
2826   2.4976   1.0525
2827   2.0320   1.0525
2828 630.4182   1.0525
2829   2.5873   1.0525
2830 171.4122   1.0525
2831   2.4611   1.0525
2832  16.7317   1.0525
2833  69.4081   1.0525
2834   2.4340   1.0525
2835 4025.1359   1.0525
2836   2.5250   1.0525
2837   2.7504   1.0525
2838   2.8352   1.0525
2839   2.5234   1.0525
2840   3.1632   1.0525
2841  87.2897   1.0525
2842   2.5147   1.0525
2843   2.7768   1.0525
2844   3.1913   1.0525
2845   6.1512   1.0525
2846   3.2897   1.0525
2847  27.5557   1.0525
2848   2.8818   1.0525
2849   6.9022   1.0525
2850  37.0172   1.0525
2851 730.4380   1.0525
2852   3.2644   1.0525
2853   2.4385   1.0525
2854  43.2232   1.0525
2855 992.9390   1.0525
2856   2.9519   1.0525
2857   2.5039   1.0525
2858   3.8319   1.0525
2859  52.2925   1.0525
2860   4.0728   1.0525
2861 2918.8641   1.0525
2862   2.5050   1.0525
2863   2.5073   1.0525
2864   1.9509   1.0525
2865 614.6682   1.0525
2866   2.5205   1.0525
2867   2.4417   1.0525
2868   2.4131   1.0525
2869  61.6555   1.0525
2870   5.1699   1.0525
2871 472.3797   1.0525
2872   3.0973   1.0525
2873   2.3840   1.0525
2874   1.9340   1.0525
2875   2.4501   1.0525
2876 6261.1141   1.0525
2877   3.3083   1.0525
2878   2.4656   1.0525
2879   2.5873   1.0525
2880 1682.1333   1.0525
2881   2.5321   1.0525
2882  20.6437   1.0525
2883   2.5108   1.0525
2884  13.5805   1.0525
2885   1.8569   1.0525
2886  25.8105   1.0525
2887  12.5617   1.0525
2888   6.9022   1.0525
2889   1.7596   1.0525
2890   2.4154   1.0525
2891  12.8405   1.0525
2892  12.5047   1.0525
2893   2.6026   1.0525
2894   2.4106   1.0525
2895   2.5036   1.0525
2896   2.4982   1.0525
2897  57.9453   1.0525
2898   2.5086   1.0525
2899   3.1973   1.0525
2900   5.7854   1.0525
2901   2.5472   1.0525
2902   7.7345   1.0525
2903   2.3840   1.0525
2904  10.2904   1.0525
2905   2.1361   1.0525
2906   2.4340   1.0525
2907  13.2814   1.0525
2908  30.0700   1.0525
2909   1.5574   1.0525
2910   2.3148   1.0525
2911   2.6626   1.0525
2912   2.2635   1.0525
2913  25.8105   1.0525
2914   3.1025   1.0525
2915   5.5261   1.0525
2916   2.5168   1.0525
2917   1.8360   1.0525
2918   3.0602   1.0525
2919   3.1006   1.0525
2920   3.4636   1.0525
2921   3.5650   1.0525
2922  61.6400   1.0525
2923   8.3192   1.0525
2924  13.5709   1.0525
2925   3.2829   1.0525
2926 5441.8741   1.0525
2927   2.4655   1.0525
2928   2.3590   1.0525
2929  24.7497   1.0525
2930  20.5191   1.0525
2931   2.1404   1.0525
2932   3.0376   1.0525
2933 1468.6546   1.0525
2934   2.4267   1.0525
2935   2.4340   1.0525
2936   3.6445   1.0525
2937   2.8797   1.0525
2938   1.7952   1.0525
2939   2.5418   1.0525
2940   2.5033   1.0525
2941   6.1688   1.0525
2942  12.0443   1.0525
2943   2.5720   1.0525
2944   2.5750   1.0525
2945 5883.7894   1.0525
2946   2.4777   1.0525
2947   2.6501   1.0525
2948 628.8682   1.0525
2949   2.4963   1.0525
2950  40.7450   1.0525
2951   2.6718   1.0525
2952   2.2326   1.0525
2953   4.6638   1.0525
2954  44.2147   1.0525
2955   2.7871   1.0525
2956 1040.0409   1.0525
2957  25.8105   1.0525
2958   3.3367   1.0525
2959   2.5616   1.0525
2960   7.3301   1.0525
2961   2.7465   1.0525
2962   4.2045   1.0525
2963   2.4903   1.0525
2964   4.4755   1.0525
2965   5.3465   1.0525
2966 892.4112   1.0525
2967   3.7980   1.0525
2968   3.5059   1.0525
2969 1019.2175   1.0525
2970  19.0253   1.0525
2971   3.5804   1.0525
2972 976.6616   1.0525
2973   4.7465   1.0525
2974   2.4007   1.0525
2975   6.9022   1.0525
2976   1.1035   1.0525
2977   2.4839   1.0525
2978   7.6527   1.0525
2979   2.3053   1.0525
2980   1.3518   1.0525
2981   2.3840   1.0525
2982   5.7569   1.0525
2983  11.5063   1.0525
2984 5141.3641   1.0525
2985   5.5392   1.0525
2986  29.0703   1.0525
2987  17.2740   1.0525
2988   2.1267   1.0525
2989 14387.7748   1.0525
2990  26.4688   1.0525
2991 5991.8859   1.0525
2992  24.0050   1.0525
2993   4.4030   1.0525
2994   2.4853   1.0525
2995   2.5316   1.0525
2996 4251.3641   1.0525
2997   2.5108   1.0525
2998 1926.3859   1.0525
2999   2.6200   1.0525
3000 1543.4990   1.0525
