1   2.4483   2.4483
2 661.8952   2.4483
3   9.4447   2.4483
4  10.5385   2.4483
5   1.7596   1.7596
6   8.3110   1.7596
7   2.5262   1.7596
8  10.5457   1.7596
9   2.3604   1.7596
10   2.5951   1.7596
11   2.5348   1.7596
12  14.7629   1.7596
13  11.7207   1.7596
14 157.4395   1.7596
15   2.2232   1.7596
16  42.1274   1.7596
17   6.0385   1.7596
18 1536.5482   1.7596
19   2.4594   1.7596
20   1.9956   1.7596
21   2.5692   1.7596
22   2.6462   1.7596
23   2.4630   1.7596
24   6.9098   1.7596
25   2.2837   1.7596
26   2.5190   1.7596
27   2.4143   1.7596
28   2.3165   1.7596
29 24129.6703   1.7596
30   2.5096   1.7596
31   2.2012   1.7596
32  22.7221   1.7596
33   6.9567   1.7596
34   2.4231   1.7596
35   2.4412   1.7596
36  68.3528   1.7596
37  11.3891   1.7596
38   2.4907   1.7596
39 1067.6857   1.7596
40   2.4302   1.7596
41   2.4323   1.7596
42      Inf   1.7596
43   2.2942   1.7596
44   4.1252   1.7596
45   2.3068   1.7596
46 887.7542   1.7596
47   2.4344   1.7596
48   2.4937   1.7596
49   2.5250   1.7596
50   6.9022   1.7596
51  52.9439   1.7596
52   2.4722   1.7596
53 970.3627   1.7596
54   2.9339   1.7596
55 838.2340   1.7596
56   2.4953   1.7596
57   2.5252   1.7596
58   2.5050   1.7596
59   2.1693   1.7596
60   1.8478   1.7596
61   2.4319   1.7596
62   2.4518   1.7596
63  13.2053   1.7596
64   6.9022   1.7596
65 4993.5359   1.7596
66   3.6215   1.7596
67   5.4598   1.7596
68   2.4932   1.7596
69   2.3564   1.7596
70   5.6891   1.7596
71   2.4572   1.7596
72 1276.9192   1.7596
73   2.4412   1.7596
74   7.0082   1.7596
75  76.0467   1.7596
76   2.9930   1.7596
77   2.1348   1.7596
78   1.5998   1.5998
79   2.4841   1.5998
80   2.2579   1.5998
81   8.0080   1.5998
82   2.5161   1.5998
83   2.8167   1.5998
84 1592.0102   1.5998
85 8999.3449   1.5998
86   2.5227   1.5998
87 1758.0997   1.5998
88   1.8689   1.5998
89   3.1829   1.5998
90 497.3477   1.5998
91   2.6572   1.5998
92  13.6901   1.5998
93   2.5860   1.5998
94   1.8538   1.5998
95   2.4886   1.5998
96   6.9022   1.5998
97   2.3777   1.5998
98   8.8818   1.5998
99  78.9902   1.5998
100   4.0331   1.5998
101  41.3787   1.5998
102   2.4278   1.5998
103   3.0871   1.5998
104   2.4594   1.5998
105   2.4683   1.5998
106   2.5104   1.5998
107   2.5208   1.5998
108   2.5788   1.5998
109   2.5014   1.5998
110   4.0211   1.5998
111 37533.8542   1.5998
112  62.9013   1.5998
113   2.5843   1.5998
114   2.4775   1.5998
115  44.2961   1.5998
116  18.1349   1.5998
117   2.4634   1.5998
118   2.4936   1.5998
119   3.6174   1.5998
120   1.7596   1.5998
121  43.5781   1.5998
122 903.8345   1.5998
123   2.4609   1.5998
124   1.7691   1.5998
125   4.3121   1.5998
126  16.3405   1.5998
127   2.4340   1.5998
128   2.4340   1.5998
129   1.8504   1.5998
130   6.9022   1.5998
131 1622.3320   1.5998
132   2.7543   1.5998
133  25.8720   1.5998
134  27.0993   1.5998
135   2.2456   1.5998
136   1.7596   1.5998
137   1.7124   1.5998
138  20.2334   1.5998
139   4.8207   1.5998
140   2.6276   1.5998
141 1195.4007   1.5998
142   2.6295   1.5998
143   2.4850   1.5998
144   2.1944   1.5998
145   2.7015   1.5998
146   6.9560   1.5998
147   2.4649   1.5998
148 3482.4905   1.5998
149   2.4788   1.5998
150  26.5803   1.5998
151   2.7735   1.5998
152   2.4830   1.5998
153   4.1000   1.5998
154      Inf   1.5998
155   9.2851   1.5998
156   2.5177   1.5998
157   2.3656   1.5998
158   1.3298   1.3298
159   4.7191   1.3298
160   2.4854   1.3298
161   3.3926   1.3298
162   8.5182   1.3298
163   1.7596   1.3298
164   2.4945   1.3298
165   2.4340   1.3298
166   2.5150   1.3298
167   6.2933   1.3298
168   2.5011   1.3298
169  21.2410   1.3298
170 880.8138   1.3298
171 3711.7209   1.3298
172   2.3840   1.3298
173   2.4936   1.3298
174   2.4823   1.3298
175   2.2106   1.3298
176   2.4340   1.3298
177   1.2098   1.2098
178 4289.4448   1.2098
179   2.6450   1.2098
180   1.5461   1.2098
181   2.4259   1.2098
182   4.7757   1.2098
183   8.0745   1.2098
184   2.4327   1.2098
185   3.0792   1.2098
186   1.7596   1.2098
187   3.8159   1.2098
188   5.7408   1.2098
189   5.2599   1.2098
190   2.5050   1.2098
191 701.0109   1.2098
192   6.9742   1.2098
193   2.4999   1.2098
194   2.4746   1.2098
195   2.3675   1.2098
196  12.2723   1.2098
197   2.4536   1.2098
198   2.2182   1.2098
199   1.8045   1.2098
200   2.4212   1.2098
201  18.9519   1.2098
202   2.4849   1.2098
203   2.4504   1.2098
204   2.5014   1.2098
205   2.5061   1.2098
206 841.1034   1.2098
207   4.0116   1.2098
208   1.9527   1.2098
209   2.3182   1.2098
210   1.8202   1.2098
211   2.5126   1.2098
212   2.5681   1.2098
213 114.7721   1.2098
214   2.4757   1.2098
215   2.2785   1.2098
216   2.4457   1.2098
217   2.7683   1.2098
218  23.6507   1.2098
219   9.5718   1.2098
220 5116.9598   1.2098
221 2410.2359   1.2098
222   2.4807   1.2098
223   3.2193   1.2098
224  38.4135   1.2098
225  14.4025   1.2098
226   3.2426   1.2098
227   2.3234   1.2098
228   2.4963   1.2098
229   3.9789   1.2098
230  28.9742   1.2098
231   8.2692   1.2098
232  12.7209   1.2098
233   5.5846   1.2098
234 1276.9127   1.2098
235   2.4340   1.2098
236   2.7639   1.2098
237   1.7104   1.2098
238   2.4069   1.2098
239 3263.0520   1.2098
240   2.2131   1.2098
241   4.1685   1.2098
242   4.4328   1.2098
243  13.9207   1.2098
244   5.7646   1.2098
245   2.5505   1.2098
246   5.1000   1.2098
247   6.9329   1.2098
248  31.8771   1.2098
249   8.4038   1.2098
250 12213.3655   1.2098
251   2.4307   1.2098
252   2.8272   1.2098
253   2.4874   1.2098
254   2.5250   1.2098
255 150.9886   1.2098
256   2.9431   1.2098
257  11.5293   1.2098
258   2.4862   1.2098
259   2.6769   1.2098
260 1547.7755   1.2098
261   2.4915   1.2098
262 10684.5238   1.2098
263  35.0185   1.2098
264  14.8254   1.2098
265   2.4340   1.2098
266  38.3674   1.2098
267  30.4020   1.2098
268   5.2513   1.2098
269 673.3160   1.2098
270 2510.4859   1.2098
271   2.6104   1.2098
272   2.4165   1.2098
273 2108.3311   1.2098
274   2.5928   1.2098
275   2.5025   1.2098
276   6.9845   1.2098
277   2.3967   1.2098
278   2.5250   1.2098
279   2.5025   1.2098
280   2.5605   1.2098
281   2.4884   1.2098
282  12.4846   1.2098
283   2.4657   1.2098
284  20.5662   1.2098
285   5.7487   1.2098
286  20.3053   1.2098
287  37.3659   1.2098
288   6.9042   1.2098
289      Inf   1.2098
290   2.3840   1.2098
291   1.7652   1.2098
292   4.6200   1.2098
293   9.0476   1.2098
294   3.3154   1.2098
295  30.5491   1.2098
296   1.9420   1.2098
297   2.3090   1.2098
298   7.2362   1.2098
299  11.5431   1.2098
300   4.8184   1.2098
301   1.8123   1.2098
302   2.3840   1.2098
303      Inf   1.2098
304   6.9717   1.2098
305   2.5919   1.2098
306   3.7162   1.2098
307   6.1407   1.2098
308   2.5029   1.2098
309   6.9022   1.2098
310  87.7523   1.2098
311   2.5166   1.2098
312   5.1423   1.2098
313   3.3267   1.2098
314   1.5422   1.2098
315   1.8892   1.2098
316   2.2567   1.2098
317   2.7476   1.2098
318   2.4750   1.2098
319   5.3370   1.2098
320   8.8731   1.2098
321   2.4318   1.2098
322   2.8615   1.2098
323   2.4651   1.2098
324 1257.3755   1.2098
325   2.5335   1.2098
326   2.5321   1.2098
327   1.7624   1.2098
328   2.6732   1.2098
329   3.0739   1.2098
330   2.5425   1.2098
331   2.3882   1.2098
332 2396.6359   1.2098
333   2.4907   1.2098
334  30.0962   1.2098
335   3.1499   1.2098
336 4906.0049   1.2098
337   2.5059   1.2098
338   2.4340   1.2098
339   2.3068   1.2098
340   2.5672   1.2098
341   2.4804   1.2098
342  37.2344   1.2098
343   2.5046   1.2098
344   4.6801   1.2098
345   2.3840   1.2098
346   2.6624   1.2098
347   1.8541   1.2098
348   2.4340   1.2098
349 21399.9030   1.2098
350   7.9377   1.2098
351   2.5604   1.2098
352   3.5016   1.2098
353   1.7683   1.2098
354   2.5785   1.2098
355   6.3622   1.2098
356   2.7142   1.2098
357   2.6045   1.2098
358   7.8672   1.2098
359   2.4723   1.2098
360 1644.5291   1.2098
361   2.3653   1.2098
362 876.8117   1.2098
363  20.7165   1.2098
364  25.8105   1.2098
365   2.5864   1.2098
366   2.7482   1.2098
367   3.2500   1.2098
368   1.7596   1.2098
369   9.1258   1.2098
370  20.9830   1.2098
371  10.6054   1.2098
372   2.5293   1.2098
373   2.3843   1.2098
374   2.4871   1.2098
375 6830.8876   1.2098
376  11.6986   1.2098
377   2.5163   1.2098
378   2.4932   1.2098
379   2.4312   1.2098
380  25.8105   1.2098
381   2.5250   1.2098
382 170.5119   1.2098
383   2.4501   1.2098
384   5.7618   1.2098
385   2.6869   1.2098
386   2.1323   1.2098
387  16.9763   1.2098
388   2.3840   1.2098
389   2.2542   1.2098
390   1.7596   1.2098
391  13.1443   1.2098
392 10832.0647   1.2098
393  17.3818   1.2098
394   1.4482   1.2098
395   9.4392   1.2098
396   4.0154   1.2098
397 4545.2141   1.2098
398      NaN   1.2098
399   7.4330   1.2098
400   2.6768   1.2098
401   2.3656   1.2098
402   2.3871   1.2098
403   2.4335   1.2098
404   2.7804   1.2098
405  17.8476   1.2098
406   2.5214   1.2098
407   4.2667   1.2098
408 19104.1745   1.2098
409   2.5395   1.2098
410   2.5530   1.2098
411   2.4994   1.2098
412   7.3190   1.2098
413   2.4875   1.2098
414 1268.0449   1.2098
415   2.3470   1.2098
416  14.3384   1.2098
417  39.2158   1.2098
418  25.8105   1.2098
419   2.5250   1.2098
420   2.4199   1.2098
421  41.4372   1.2098
422  33.7021   1.2098
423   2.4848   1.2098
424  31.9489   1.2098
425   2.6975   1.2098
426   2.4595   1.2098
427   1.7611   1.2098
428   2.5243   1.2098
429   2.4539   1.2098
430   2.5672   1.2098
431   2.5250   1.2098
432   4.6895   1.2098
433   2.5315   1.2098
434  58.5174   1.2098
435   1.5515   1.2098
436   2.7432   1.2098
437   2.9413   1.2098
438   2.4263   1.2098
439   2.5261   1.2098
440 265.8870   1.2098
441  10.0494   1.2098
442   3.9983   1.2098
443   1.9006   1.2098
444   2.4823   1.2098
445   2.5095   1.2098
446 1037.4982   1.2098
447   2.4340   1.2098
448   3.6862   1.2098
449   2.4340   1.2098
450   2.6137   1.2098
451   2.5297   1.2098
452   2.3294   1.2098
453 187.0779   1.2098
454  32.1978   1.2098
455  57.5992   1.2098
456   4.0449   1.2098
457   2.4340   1.2098
458   6.9022   1.2098
459  12.0021   1.2098
460   4.3759   1.2098
461   8.0759   1.2098
462 1077.8736   1.2098
463   2.4800   1.2098
464   1.3870   1.2098
465 211.3428   1.2098
466  45.5793   1.2098
467   7.3973   1.2098
468   3.3905   1.2098
469   3.7699   1.2098
470   2.5317   1.2098
471   2.1449   1.2098
472   2.5262   1.2098
473 926.6202   1.2098
474 1958.7928   1.2098
475   2.7270   1.2098
476   6.9815   1.2098
477   6.1870   1.2098
478   6.4424   1.2098
479   2.4869   1.2098
480   2.3859   1.2098
481  13.5312   1.2098
482 2186.9641   1.2098
483  47.5523   1.2098
484   2.4340   1.2098
485  15.3886   1.2098
486   2.6457   1.2098
487   2.4967   1.2098
488   2.5470   1.2098
489   7.0329   1.2098
490   3.2009   1.2098
491   2.4861   1.2098
492   2.4761   1.2098
493   6.9022   1.2098
494  67.2877   1.2098
495   2.3876   1.2098
496  25.8105   1.2098
497   3.6623   1.2098
498   2.4047   1.2098
499 1603.7091   1.2098
500  27.0521   1.2098
501   3.4321   1.2098
502   2.4994   1.2098
503 1479.3730   1.2098
504   2.5029   1.2098
505   5.1910   1.2098
506  10.5749   1.2098
507 989.5713   1.2098
508   9.4057   1.2098
509  37.7301   1.2098
510 1127.2435   1.2098
511  11.0703   1.2098
512   2.5262   1.2098
513   2.4751   1.2098
514  11.0877   1.2098
515   8.3373   1.2098
516   3.2291   1.2098
517  11.2958   1.2098
518 1148.7276   1.2098
519   1.9552   1.2098
520 138.8038   1.2098
521   2.5537   1.2098
522   6.9267   1.2098
523   4.3320   1.2098
524  10.2090   1.2098
525   1.9973   1.2098
526   2.8466   1.2098
527   2.4414   1.2098
528  48.9358   1.2098
529   2.5511   1.2098
530   2.4628   1.2098
531   2.6941   1.2098
532  44.1666   1.2098
533  16.6967   1.2098
534  33.7272   1.2098
535   3.8468   1.2098
536   2.6136   1.2098
537   2.4869   1.2098
538   2.3647   1.2098
539   4.0333   1.2098
540   2.5012   1.2098
541   9.5193   1.2098
542   2.5782   1.2098
543   4.0559   1.2098
544 128.8856   1.2098
545   1.5412   1.2098
546 5381.9641   1.2098
547   2.4320   1.2098
548 689.2047   1.2098
549   3.8454   1.2098
550   2.9992   1.2098
551   2.4840   1.2098
552   7.0887   1.2098
553 2269.8770   1.2098
554   2.3840   1.2098
555   2.4327   1.2098
556   2.5085   1.2098
557 299.4441   1.2098
558   1.8857   1.2098
559   9.6331   1.2098
560  15.4806   1.2098
561   2.3721   1.2098
562  54.5581   1.2098
563   2.4653   1.2098
564 13631.2954   1.2098
565   3.8976   1.2098
566   2.3917   1.2098
567   3.7473   1.2098
568   1.4841   1.2098
569   9.2113   1.2098
570   5.8566   1.2098
571 1619.8859   1.2098
572   2.3840   1.2098
573   2.3643   1.2098
574 1900.8588   1.2098
575   3.4999   1.2098
576   6.9022   1.2098
577   2.5250   1.2098
578 31045.4567   1.2098
579   2.1642   1.2098
580  24.4457   1.2098
581   2.6006   1.2098
582   1.2560   1.2098
583  10.1426   1.2098
584   2.4729   1.2098
585  14.7009   1.2098
586   2.4359   1.2098
587   2.6351   1.2098
588  13.8315   1.2098
589  48.1176   1.2098
590   2.5127   1.2098
591   2.4745   1.2098
592   2.5124   1.2098
593   6.6434   1.2098
594   1.7596   1.2098
595  38.0483   1.2098
596  12.3120   1.2098
597 4970.7359   1.2098
598   3.1926   1.2098
599   2.4848   1.2098
600  27.4237   1.2098
601   3.9882   1.2098
602  34.9967   1.2098
603   1.3812   1.2098
604   2.6172   1.2098
605   5.7482   1.2098
606   4.6635   1.2098
607   2.4654   1.2098
608   2.5155   1.2098
609   2.5430   1.2098
610   2.5436   1.2098
611   4.7661   1.2098
612   9.1018   1.2098
613  37.2275   1.2098
614   2.3840   1.2098
615   2.3840   1.2098
616  22.4070   1.2098
617   2.3840   1.2098
618   2.5196   1.2098
619   3.0050   1.2098
620   2.4843   1.2098
621 1661.9778   1.2098
622   2.2806   1.2098
623   2.4018   1.2098
624   2.3973   1.2098
625   2.3353   1.2098
626   2.8747   1.2098
627   3.0963   1.2098
628  14.5670   1.2098
629   1.9032   1.2098
630   6.3930   1.2098
631   2.3317   1.2098
632   2.1652   1.2098
633   1.9646   1.2098
634 1565.1199   1.2098
635 158.2314   1.2098
636   2.4878   1.2098
637   1.7596   1.2098
638   2.4602   1.2098
639   2.5786   1.2098
640  32.2920   1.2098
641   2.4902   1.2098
642   4.2157   1.2098
643   2.3201   1.2098
644 1017.6136   1.2098
645 102.3548   1.2098
646   7.7841   1.2098
647 1218.8826   1.2098
648   6.9397   1.2098
649   2.4229   1.2098
650  17.7914   1.2098
651  16.6285   1.2098
652  42.6879   1.2098
653  58.2053   1.2098
654   2.2582   1.2098
655   2.4727   1.2098
656  25.3583   1.2098
657  22.9117   1.2098
658   2.9827   1.2098
659   3.2147   1.2098
660  12.2550   1.2098
661   2.3971   1.2098
662  25.8005   1.2098
663   2.5107   1.2098
664   2.4222   1.2098
665  25.8105   1.2098
666   5.9934   1.2098
667 21772.8669   1.2098
668  26.2248   1.2098
669 2199.3359   1.2098
670 3292.5616   1.2098
671   1.7938   1.2098
672  81.3754   1.2098
673   2.4947   1.2098
674  21.2061   1.2098
675   2.5256   1.2098
676   4.7682   1.2098
677   2.4896   1.2098
678   2.4340   1.2098
679   2.6177   1.2098
680  35.9115   1.2098
681   5.1184   1.2098
682 10204.2034   1.2098
683   4.4466   1.2098
684   2.6154   1.2098
685   2.5331   1.2098
686   4.0629   1.2098
687   2.6039   1.2098
688  24.9879   1.2098
689   7.8406   1.2098
690   2.3260   1.2098
691   3.1759   1.2098
692   2.3972   1.2098
693  36.7774   1.2098
694  10.4869   1.2098
695  29.6377   1.2098
696   1.7596   1.2098
697   2.3840   1.2098
698   2.3606   1.2098
699   2.5098   1.2098
700   2.6243   1.2098
701   2.6982   1.2098
702   3.0944   1.2098
703   1.9479   1.2098
704   3.0886   1.2098
705   2.6684   1.2098
706   1.7728   1.2098
707   2.2682   1.2098
708  50.9113   1.2098
709 1204.4693   1.2098
710   5.5603   1.2098
711   2.5976   1.2098
712   2.3990   1.2098
713  12.2478   1.2098
714   2.5050   1.2098
715   2.5478   1.2098
716  34.3874   1.2098
717   3.2912   1.2098
718  36.5948   1.2098
719   2.3912   1.2098
720   2.4974   1.2098
721   7.9017   1.2098
722   2.4720   1.2098
723  26.1037   1.2098
724   1.8358   1.2098
725 2772.1845   1.2098
726  36.2274   1.2098
727  56.5451   1.2098
728   3.0637   1.2098
729 137.8472   1.2098
730   2.5373   1.2098
731   2.4340   1.2098
732   8.9544   1.2098
733   4.5032   1.2098
734 3424.6859   1.2098
735   2.7767   1.2098
736  10.6955   1.2098
737   2.6420   1.2098
738   1.7596   1.2098
739   2.6333   1.2098
740   2.5262   1.2098
741   1.1298   1.1298
742   3.7813   1.1298
743   2.0540   1.1298
744   2.7220   1.1298
745   1.7596   1.1298
746   3.8257   1.1298
747   2.6702   1.1298
748  10.0588   1.1298
749   6.6158   1.1298
750  14.5133   1.1298
751   6.1980   1.1298
752   2.4575   1.1298
753   2.5383   1.1298
754  39.8098   1.1298
755  14.3815   1.1298
756  90.6014   1.1298
757   2.3840   1.1298
758   2.4337   1.1298
759  83.3778   1.1298
760   2.4883   1.1298
761 1348.4048   1.1298
762   5.5277   1.1298
763   1.8455   1.1298
764   2.5263   1.1298
765      NaN   1.1298
766 14231.2037   1.1298
767   5.4731   1.1298
768   2.3859   1.1298
769  10.1694   1.1298
770   1.8397   1.1298
771   2.6222   1.1298
772   2.5527   1.1298
773 2090.0386   1.1298
774   2.5936   1.1298
775 798.7281   1.1298
776   4.1314   1.1298
777 11702.7466   1.1298
778   2.4751   1.1298
779   2.4652   1.1298
780  21.3405   1.1298
781  41.1481   1.1298
782   2.4253   1.1298
783   2.4095   1.1298
784  14.4813   1.1298
785   3.6533   1.1298
786   2.5301   1.1298
787  12.9055   1.1298
788   3.3119   1.1298
789   2.5107   1.1298
790 1668.8678   1.1298
791   2.4340   1.1298
792  11.6833   1.1298
793   2.6783   1.1298
794 958.7007   1.1298
795   4.5186   1.1298
796  25.8120   1.1298
797  38.1485   1.1298
798  63.5508   1.1298
799  88.0162   1.1298
800  12.2751   1.1298
801  23.7212   1.1298
802   9.5342   1.1298
803   2.2308   1.1298
804   2.5379   1.1298
805 2491.1859   1.1298
806   6.4387   1.1298
807   2.4340   1.1298
808 947.6360   1.1298
809  34.9006   1.1298
810   1.7596   1.1298
811   2.6148   1.1298
812   9.5618   1.1298
813   2.6421   1.1298
814   2.4690   1.1298
815   3.3747   1.1298
816   2.4367   1.1298
817   3.2142   1.1298
818   2.7552   1.1298
819  17.6699   1.1298
820  53.2751   1.1298
821   2.5186   1.1298
822 1961.2756   1.1298
823   2.5289   1.1298
824  94.8417   1.1298
825   2.3516   1.1298
826   1.8205   1.1298
827   2.5609   1.1298
828  30.7803   1.1298
829 880.6548   1.1298
830   2.8023   1.1298
831  37.0362   1.1298
832   2.5496   1.1298
833  18.0022   1.1298
834   2.1284   1.1298
835   2.4421   1.1298
836   1.7596   1.1298
837   4.2970   1.1298
838   2.5250   1.1298
839   2.5463   1.1298
840   2.4802   1.1298
841   3.5777   1.1298
842   2.7057   1.1298
843  10.4671   1.1298
844   2.5769   1.1298
845  10.9903   1.1298
846   2.5091   1.1298
847   1.7596   1.1298
848   1.2639   1.1298
849   6.9022   1.1298
850   2.4650   1.1298
851  12.2512   1.1298
852   5.0593   1.1298
853 1043.4537   1.1298
854   1.9223   1.1298
855 3921.7582   1.1298
856  15.9506   1.1298
857 1594.5974   1.1298
858 1471.5412   1.1298
859  27.5158   1.1298
860   5.5973   1.1298
861   3.4893   1.1298
862  51.8630   1.1298
863  17.9462   1.1298
864   2.5250   1.1298
865 237.0474   1.1298
866   1.5605   1.1298
867   4.5537   1.1298
868  41.7721   1.1298
869   2.3684   1.1298
870   2.5659   1.1298
871 144.6088   1.1298
872   2.5250   1.1298
873   2.4809   1.1298
874   2.6965   1.1298
875  37.7708   1.1298
876   2.3053   1.1298
877   4.8541   1.1298
878  45.1028   1.1298
879   4.1684   1.1298
880  39.0170   1.1298
881  25.7566   1.1298
882   2.4999   1.1298
883  14.2048   1.1298
884   2.4927   1.1298
885  11.4847   1.1298
886   6.2142   1.1298
887   1.7596   1.1298
888   2.4658   1.1298
889   2.3949   1.1298
890   2.5830   1.1298
891   2.4615   1.1298
892   2.4351   1.1298
893   2.4598   1.1298
894   2.5503   1.1298
895   3.2368   1.1298
896   2.6189   1.1298
897   2.4174   1.1298
898   2.5115   1.1298
899  20.1286   1.1298
900   3.1745   1.1298
901   1.8378   1.1298
902   2.5091   1.1298
903   2.3840   1.1298
904   2.5033   1.1298
905   6.3884   1.1298
906   1.7596   1.1298
907  10.6598   1.1298
908   3.0060   1.1298
909   1.2067   1.1298
910  96.0149   1.1298
911   6.5284   1.1298
912   1.7596   1.1298
913   2.4340   1.1298
914   7.9837   1.1298
915   1.7523   1.1298
916   1.7596   1.1298
917   8.8570   1.1298
918   2.5158   1.1298
919   2.2954   1.1298
920 31711.7455   1.1298
921   2.4666   1.1298
922   1.7596   1.1298
923 977.4931   1.1298
924   5.4954   1.1298
925   2.0101   1.1298
926   2.7827   1.1298
927 905.3193   1.1298
928   2.5356   1.1298
929   1.9325   1.1298
930   3.7153   1.1298
931   2.4784   1.1298
932   2.4628   1.1298
933   5.7024   1.1298
934 8699.1969   1.1298
935  38.6584   1.1298
936   2.5207   1.1298
937   2.3877   1.1298
938   2.2838   1.1298
939   6.9039   1.1298
940   2.5286   1.1298
941 1821.0511   1.1298
942 239.3377   1.1298
943   2.3323   1.1298
944   2.2536   1.1298
945   2.2814   1.1298
946   2.3018   1.1298
947 1217.4534   1.1298
948  22.7490   1.1298
949   2.4967   1.1298
950   3.3065   1.1298
951   1.8328   1.1298
952   2.5315   1.1298
953   2.4340   1.1298
954   2.0775   1.1298
955   2.5259   1.1298
956 124.6756   1.1298
957   2.3840   1.1298
958   2.4515   1.1298
959  27.1670   1.1298
960   2.4715   1.1298
961  49.2165   1.1298
962 40322.4329   1.1298
963   6.7775   1.1298
964   2.8429   1.1298
965  11.3584   1.1298
966   2.1828   1.1298
967   2.6958   1.1298
968   2.4141   1.1298
969      Inf   1.1298
970   7.5761   1.1298
971   4.7743   1.1298
972   2.5945   1.1298
973  25.6557   1.1298
974   1.7635   1.1298
975   7.2348   1.1298
976   6.9022   1.1298
977   2.3415   1.1298
978   2.4726   1.1298
979   2.4049   1.1298
980   1.4828   1.1298
981   2.9012   1.1298
982   1.7596   1.1298
983  10.0934   1.1298
984 1450.8894   1.1298
985 114.8819   1.1298
986   9.9627   1.1298
987 1065.8875   1.1298
988   1.9043   1.1298
989   2.4838   1.1298
990 675.5631   1.1298
991   1.7596   1.1298
992  42.4647   1.1298
993  25.2695   1.1298
994  38.2723   1.1298
995  13.1577   1.1298
996   2.4470   1.1298
997 1682.4215   1.1298
998   2.4909   1.1298
999   6.9022   1.1298
1000 1585.8089   1.1298
1001   2.5479   1.1298
1002   3.0110   1.1298
1003   2.4169   1.1298
1004  13.1138   1.1298
1005   1.7596   1.1298
1006   6.6784   1.1298
1007 920.7105   1.1298
1008 914.4838   1.1298
1009   2.6653   1.1298
1010 10781.5726   1.1298
1011   2.4888   1.1298
1012   4.1714   1.1298
1013   2.5325   1.1298
1014   2.5201   1.1298
1015   2.5246   1.1298
1016 1510.9432   1.1298
1017   1.7596   1.1298
1018   3.1623   1.1298
1019   2.5832   1.1298
1020  26.0031   1.1298
1021   2.4206   1.1298
1022  41.5383   1.1298
1023   2.5581   1.1298
1024   2.5221   1.1298
1025 16889.8710   1.1298
1026   2.4941   1.1298
1027 142.2668   1.1298
1028   6.9022   1.1298
1029   2.5247   1.1298
1030   2.5154   1.1298
1031   2.6375   1.1298
1032   2.5491   1.1298
1033   6.6756   1.1298
1034   2.2084   1.1298
1035   2.3068   1.1298
1036   5.7880   1.1298
1037   2.6468   1.1298
1038   2.5763   1.1298
1039  78.6640   1.1298
1040   2.5087   1.1298
1041   1.7596   1.1298
1042   2.5250   1.1298
1043   2.3108   1.1298
1044   2.5250   1.1298
1045   2.4859   1.1298
1046  26.5600   1.1298
1047   6.9838   1.1298
1048  10.8937   1.1298
1049   2.1314   1.1298
1050   2.8244   1.1298
1051   4.5553   1.1298
1052   2.3077   1.1298
1053 1145.8800   1.1298
1054   2.4358   1.1298
1055   2.5355   1.1298
1056  28.6259   1.1298
1057   2.5772   1.1298
1058   1.8246   1.1298
1059  10.2338   1.1298
1060 21099.3937   1.1298
1061  19.2688   1.1298
1062   2.9954   1.1298
1063   2.5039   1.1298
1064   2.4732   1.1298
1065   2.5278   1.1298
1066  25.8105   1.1298
1067   5.0596   1.1298
1068   6.9798   1.1298
1069  39.1377   1.1298
1070   3.5563   1.1298
1071   4.0294   1.1298
1072 161.1805   1.1298
1073   1.7893   1.1298
1074   2.0349   1.1298
1075   2.5292   1.1298
1076  31.4046   1.1298
1077 7916.4832   1.1298
1078   3.3537   1.1298
1079  49.7601   1.1298
1080   2.4338   1.1298
1081   2.5250   1.1298
1082   2.4768   1.1298
1083   2.4940   1.1298
1084   7.0319   1.1298
1085   2.4672   1.1298
1086   2.5250   1.1298
1087   2.4696   1.1298
1088   2.4690   1.1298
1089   2.4340   1.1298
1090   2.5729   1.1298
1091 2865.4641   1.1298
1092   2.4850   1.1298
1093  40.6764   1.1298
1094 262.3914   1.1298
1095      Inf   1.1298
1096   2.5334   1.1298
1097   2.3810   1.1298
1098   2.3490   1.1298
1099   5.8116   1.1298
1100  50.8132   1.1298
1101   8.4541   1.1298
1102  18.5915   1.1298
1103  81.8715   1.1298
1104   3.9859   1.1298
1105   2.3814   1.1298
1106   2.7334   1.1298
1107   2.4820   1.1298
1108   2.4229   1.1298
1109   2.3579   1.1298
1110   2.5089   1.1298
1111   3.2500   1.1298
1112   2.3068   1.1298
1113   6.9652   1.1298
1114 1083.1167   1.1298
1115   2.4606   1.1298
1116   2.7016   1.1298
1117   2.4819   1.1298
1118   3.2296   1.1298
1119  15.8433   1.1298
1120   2.5208   1.1298
1121   1.6943   1.1298
1122   3.3608   1.1298
1123   2.3535   1.1298
1124   4.5875   1.1298
1125 970.8344   1.1298
1126   3.3576   1.1298
1127   2.5412   1.1298
1128   2.4340   1.1298
1129   2.3672   1.1298
1130   2.4738   1.1298
1131   2.5611   1.1298
1132 130.2145   1.1298
1133  26.2066   1.1298
1134   2.4340   1.1298
1135   1.8451   1.1298
1136   2.5434   1.1298
1137 703.5905   1.1298
1138 1546.1468   1.1298
1139   7.8930   1.1298
1140   1.8109   1.1298
1141 1469.9854   1.1298
1142  15.0250   1.1298
1143  10.7880   1.1298
1144 6138.4941   1.1298
1145   2.7633   1.1298
1146   2.2927   1.1298
1147   2.8935   1.1298
1148   2.5073   1.1298
1149   1.8211   1.1298
1150  33.9616   1.1298
1151   2.4354   1.1298
1152 1532.9896   1.1298
1153 121.3695   1.1298
1154   1.5425   1.1298
1155  23.6514   1.1298
1156  32.6604   1.1298
1157   7.3291   1.1298
1158  25.8105   1.1298
1159 2532.5440   1.1298
1160      Inf   1.1298
1161   3.3460   1.1298
1162   3.7329   1.1298
1163   2.5099   1.1298
1164   2.5092   1.1298
1165   2.3958   1.1298
1166  18.1711   1.1298
1167   2.5803   1.1298
1168   4.5474   1.1298
1169   2.4591   1.1298
1170   3.6337   1.1298
1171   3.3965   1.1298
1172  21.9266   1.1298
1173   2.8733   1.1298
1174  30.4345   1.1298
1175   2.5124   1.1298
1176   5.7684   1.1298
1177   7.1442   1.1298
1178   6.8944   1.1298
1179  40.3119   1.1298
1180  18.7683   1.1298
1181  37.6700   1.1298
1182 5909.0231   1.1298
1183 121.5381   1.1298
1184  34.6399   1.1298
1185   4.9530   1.1298
1186  63.8418   1.1298
1187   3.7963   1.1298
1188   6.5433   1.1298
1189   2.5276   1.1298
1190   2.4163   1.1298
1191   1.7389   1.1298
1192   2.7767   1.1298
1193   2.4947   1.1298
1194   2.4727   1.1298
1195   2.6167   1.1298
1196   2.5924   1.1298
1197   2.4340   1.1298
1198 1245.7217   1.1298
1199   2.3185   1.1298
1200   9.8050   1.1298
1201  19.8441   1.1298
1202   2.4965   1.1298
1203   2.4948   1.1298
1204   6.9447   1.1298
1205   2.2435   1.1298
1206  76.0522   1.1298
1207   2.5271   1.1298
1208 182.2479   1.1298
1209 1912.2859   1.1298
1210 101.6671   1.1298
1211   2.4552   1.1298
1212   2.4591   1.1298
1213   2.3231   1.1298
1214   2.4340   1.1298
1215 11750.9683   1.1298
1216   2.5160   1.1298
1217   6.9042   1.1298
1218 888.8254   1.1298
1219   1.1257   1.1257
1220   2.5004   1.1257
1221   2.5526   1.1257
1222   9.6908   1.1257
1223   2.0867   1.1257
1224   2.4367   1.1257
1225   3.4643   1.1257
1226   2.4234   1.1257
1227   4.1860   1.1257
1228 1675.3481   1.1257
1229   2.3840   1.1257
1230   2.3840   1.1257
1231   2.5262   1.1257
1232   2.4755   1.1257
1233   3.6533   1.1257
1234   5.1420   1.1257
1235 1683.4004   1.1257
1236   2.1662   1.1257
1237 1829.4441   1.1257
1238   2.8168   1.1257
1239   3.4118   1.1257
1240   2.5250   1.1257
1241   9.2367   1.1257
1242   1.1068   1.1068
1243  11.8266   1.1068
1244   1.5578   1.1068
1245   2.4261   1.1068
1246  13.0568   1.1068
1247  32.1597   1.1068
1248   5.5097   1.1068
1249   2.4370   1.1068
1250  27.6337   1.1068
1251  25.8105   1.1068
1252   2.1402   1.1068
1253 190.6051   1.1068
1254   2.5730   1.1068
1255   4.6422   1.1068
1256   2.5175   1.1068
1257   1.8133   1.1068
1258   4.8225   1.1068
1259   3.2202   1.1068
1260   2.4989   1.1068
1261   2.5406   1.1068
1262   2.5431   1.1068
1263   9.7565   1.1068
1264  47.1886   1.1068
1265   5.3851   1.1068
1266   8.0768   1.1068
1267  45.5520   1.1068
1268  10.7932   1.1068
1269   2.6341   1.1068
1270   4.8226   1.1068
1271   1.9502   1.1068
1272   2.5250   1.1068
1273   2.5179   1.1068
1274   8.3836   1.1068
1275  17.3223   1.1068
1276  11.9097   1.1068
1277   3.2277   1.1068
1278   2.5115   1.1068
1279   2.3840   1.1068
1280 1049.7633   1.1068
1281 1682.1826   1.1068
1282   3.6013   1.1068
1283   3.7733   1.1068
1284  22.6910   1.1068
1285   2.5643   1.1068
1286  20.6645   1.1068
1287   2.9354   1.1068
1288   2.4855   1.1068
1289   6.3772   1.1068
1290  18.1632   1.1068
1291   1.9755   1.1068
1292   2.1469   1.1068
1293   2.5849   1.1068
1294   2.4340   1.1068
1295  25.8105   1.1068
1296   2.4340   1.1068
1297   2.4357   1.1068
1298  15.1293   1.1068
1299   2.4126   1.1068
1300  68.9025   1.1068
1301  25.8105   1.1068
1302   6.8425   1.1068
1303   2.5755   1.1068
1304   2.6394   1.1068
1305   2.4523   1.1068
1306  23.2545   1.1068
1307   1.0819   1.0819
1308   2.3213   1.0819
1309   3.3163   1.0819
1310   1.8647   1.0819
1311   4.4154   1.0819
1312   1.7596   1.0819
1313   2.5479   1.0819
1314   2.5018   1.0819
1315   2.4482   1.0819
1316   2.5309   1.0819
1317      Inf   1.0819
1318   2.4750   1.0819
1319 1341.4393   1.0819
1320   2.5250   1.0819
1321   5.5076   1.0819
1322   2.5285   1.0819
1323   6.9022   1.0819
1324   2.3840   1.0819
1325   5.2418   1.0819
1326   7.2734   1.0819
1327  37.4337   1.0819
1328   2.4560   1.0819
1329   3.4712   1.0819
1330   2.5250   1.0819
1331  79.9078   1.0819
1332   2.5100   1.0819
1333  29.6702   1.0819
1334   2.3840   1.0819
1335  10.0586   1.0819
1336   2.4105   1.0819
1337   2.5397   1.0819
1338   2.4302   1.0819
1339   9.2224   1.0819
1340  26.1605   1.0819
1341   3.3536   1.0819
1342  10.8757   1.0819
1343 1380.7350   1.0819
1344   2.8678   1.0819
1345   2.9221   1.0819
1346   3.6282   1.0819
1347   3.2120   1.0819
1348   2.3552   1.0819
1349   2.7208   1.0819
1350   1.7596   1.0819
1351   3.0897   1.0819
1352   2.4182   1.0819
1353  12.6015   1.0819
1354   2.8543   1.0819
1355   2.4596   1.0819
1356   2.2649   1.0819
1357 1672.3223   1.0819
1358   2.5429   1.0819
1359   2.5515   1.0819
1360 1056.7435   1.0819
1361  80.8265   1.0819
1362   2.5367   1.0819
1363   2.2429   1.0819
1364  35.4352   1.0819
1365  39.6581   1.0819
1366   2.5252   1.0819
1367   5.7071   1.0819
1368   3.4321   1.0819
1369   2.4340   1.0819
1370   2.4720   1.0819
1371   8.1411   1.0819
1372   2.4027   1.0819
1373   3.5113   1.0819
1374   2.2877   1.0819
1375  10.8800   1.0819
1376   2.5288   1.0819
1377   4.5722   1.0819
1378  24.9899   1.0819
1379   2.4336   1.0819
1380   1.8330   1.0819
1381   2.4911   1.0819
1382   6.5857   1.0819
1383  71.6756   1.0819
1384   3.4721   1.0819
1385   2.5536   1.0819
1386   2.6408   1.0819
1387   3.5076   1.0819
1388   2.3322   1.0819
1389   5.0227   1.0819
1390   2.6534   1.0819
1391   2.5072   1.0819
1392   2.4368   1.0819
1393  61.4696   1.0819
1394   1.9762   1.0819
1395  25.8105   1.0819
1396   6.1776   1.0819
1397  26.7792   1.0819
1398 1206.8538   1.0819
1399 1906.5641   1.0819
1400   2.5090   1.0819
1401 3413.1141   1.0819
1402   2.4426   1.0819
1403   9.5428   1.0819
1404   2.4889   1.0819
1405   3.6391   1.0819
1406   2.4515   1.0819
1407   2.4718   1.0819
1408   9.9513   1.0819
1409   2.3840   1.0819
1410   1.3459   1.0819
1411   2.4704   1.0819
1412 185.3315   1.0819
1413   2.5811   1.0819
1414  17.8209   1.0819
1415  28.5357   1.0819
1416 883.1072   1.0819
1417   2.2316   1.0819
1418  14.8199   1.0819
1419   2.5115   1.0819
1420 1061.3922   1.0819
1421   8.4155   1.0819
1422   6.8336   1.0819
1423   2.6608   1.0819
1424   2.4940   1.0819
1425   2.5319   1.0819
1426   7.4591   1.0819
1427   2.4689   1.0819
1428  31.0135   1.0819
1429  10.4637   1.0819
1430   2.4275   1.0819
1431  12.4658   1.0819
1432   2.6241   1.0819
1433   2.4909   1.0819
1434  19.2139   1.0819
1435   1.7949   1.0819
1436   1.8832   1.0819
1437   6.1117   1.0819
1438   1.8252   1.0819
1439      Inf   1.0819
1440   6.9465   1.0819
1441   4.1922   1.0819
1442   2.5778   1.0819
1443   2.6397   1.0819
1444   6.8957   1.0819
1445   2.4314   1.0819
1446 1975.1601   1.0819
1447   3.1894   1.0819
1448   1.4923   1.0819
1449   2.7194   1.0819
1450   8.5818   1.0819
1451   1.7752   1.0819
1452   5.7496   1.0819
1453   5.8062   1.0819
1454   1.9716   1.0819
1455 683.2937   1.0819
1456   2.5320   1.0819
1457 1668.4996   1.0819
1458   2.4340   1.0819
1459   3.2900   1.0819
1460  56.3632   1.0819
1461   9.0927   1.0819
1462 1635.3551   1.0819
1463   8.8544   1.0819
1464  21.0548   1.0819
1465  27.0032   1.0819
1466   2.5273   1.0819
1467  16.6436   1.0819
1468  50.2759   1.0819
1469  15.2988   1.0819
1470   1.8625   1.0819
1471   6.9022   1.0819
1472  24.7038   1.0819
1473   7.0256   1.0819
1474   5.6960   1.0819
1475  11.6670   1.0819
1476      NaN   1.0819
1477   6.9022   1.0819
1478 1725.7859   1.0819
1479   2.5466   1.0819
1480   5.4237   1.0819
1481   2.5580   1.0819
1482   2.5426   1.0819
1483   4.8586   1.0819
1484   1.8421   1.0819
1485   2.2913   1.0819
1486   2.5078   1.0819
1487 1355.4280   1.0819
1488 1676.6349   1.0819
1489   8.0645   1.0819
1490   1.9109   1.0819
1491   2.5069   1.0819
1492   2.4285   1.0819
1493   2.4712   1.0819
1494  29.8679   1.0819
1495   2.3172   1.0819
1496   2.5205   1.0819
1497   2.9746   1.0819
1498   2.8592   1.0819
1499   3.9759   1.0819
1500   2.5070   1.0819
1501 660.5017   1.0819
1502   2.4452   1.0819
1503   6.6611   1.0819
1504   2.4641   1.0819
1505   1.9366   1.0819
1506  17.2926   1.0819
1507 8535.5269   1.0819
1508   4.3616   1.0819
1509   2.4471   1.0819
1510   9.6688   1.0819
1511   2.2983   1.0819
1512   3.7291   1.0819
1513   4.5125   1.0819
1514   4.6354   1.0819
1515   2.8356   1.0819
1516  54.1901   1.0819
1517   2.3312   1.0819
1518   2.5898   1.0819
1519   3.4427   1.0819
1520  11.8659   1.0819
1521   2.4594   1.0819
1522   2.5388   1.0819
1523   2.1306   1.0819
1524  31.9366   1.0819
1525 1243.2498   1.0819
1526   2.4225   1.0819
1527   2.5284   1.0819
1528   2.5672   1.0819
1529   6.9832   1.0819
1530   3.4402   1.0819
1531   2.5737   1.0819
1532   2.3791   1.0819
1533   7.4432   1.0819
1534  11.2793   1.0819
1535   2.8454   1.0819
1536 1410.7320   1.0819
1537 1594.6902   1.0819
1538   2.5250   1.0819
1539   2.4340   1.0819
1540  19.2779   1.0819
1541   2.4340   1.0819
1542   1.9855   1.0819
1543   1.7596   1.0819
1544   2.4403   1.0819
1545   2.9453   1.0819
1546  12.3789   1.0819
1547   2.3054   1.0819
1548 758.0650   1.0819
1549   2.3324   1.0819
1550   2.4542   1.0819
1551   2.5409   1.0819
1552   2.4340   1.0819
1553   2.7211   1.0819
1554 19775.3932   1.0819
1555  11.2361   1.0819
1556   2.0312   1.0819
1557  25.8105   1.0819
1558 6420.1930   1.0819
1559   5.2742   1.0819
1560  17.2027   1.0819
1561  24.7922   1.0819
1562   1.7596   1.0819
1563 3898.9641   1.0819
1564 4252.9359   1.0819
1565   2.9572   1.0819
1566   1.7600   1.0819
1567  62.5862   1.0819
1568   3.7879   1.0819
1569   1.7205   1.0819
1570   2.3840   1.0819
1571 1619.3928   1.0819
1572   2.3744   1.0819
1573   2.4557   1.0819
1574   2.4762   1.0819
1575   2.5009   1.0819
1576   2.4531   1.0819
1577   2.7172   1.0819
1578   7.2333   1.0819
1579   2.5572   1.0819
1580 7641.4141   1.0819
1581   2.4340   1.0819
1582   2.5920   1.0819
1583   2.7167   1.0819
1584   2.5516   1.0819
1585   2.3068   1.0819
1586   2.4183   1.0819
1587 1476.2937   1.0819
1588   3.4778   1.0819
1589   3.8545   1.0819
1590   1.9072   1.0819
1591   2.4460   1.0819
1592   8.4897   1.0819
1593   4.3571   1.0819
1594   6.9845   1.0819
1595   2.3947   1.0819
1596   7.0725   1.0819
1597  13.1201   1.0819
1598   1.7795   1.0819
1599   8.7518   1.0819
1600  23.2994   1.0819
1601   2.6153   1.0819
1602  79.7290   1.0819
1603  48.1169   1.0819
1604   2.4124   1.0819
1605   1.8426   1.0819
1606   8.2765   1.0819
1607  41.1128   1.0819
1608 1132.5399   1.0819
1609 927.3369   1.0819
1610   2.4841   1.0819
1611   7.0633   1.0819
1612  58.9805   1.0819
1613   7.0442   1.0819
1614   2.4557   1.0819
1615   2.5680   1.0819
1616   1.7472   1.0819
1617 217.3072   1.0819
1618   1.5428   1.0819
1619  35.5892   1.0819
1620   2.8027   1.0819
1621   2.4007   1.0819
1622  99.2094   1.0819
1623   2.4650   1.0819
1624   3.5457   1.0819
1625  16.2352   1.0819
1626   6.7155   1.0819
1627   2.7330   1.0819
1628   3.6036   1.0819
1629 152.9516   1.0819
1630   2.4709   1.0819
1631   2.5375   1.0819
1632  21.1526   1.0819
1633  10.1718   1.0819
1634   1.5965   1.0819
1635   1.7596   1.0819
1636  15.6368   1.0819
1637   5.9955   1.0819
1638   2.5379   1.0819
1639   3.1773   1.0819
1640   2.4544   1.0819
1641   2.4340   1.0819
1642   2.4751   1.0819
1643   1.7506   1.0819
1644 237.1058   1.0819
1645 1519.1566   1.0819
1646   2.9174   1.0819
1647   5.6825   1.0819
1648  25.8105   1.0819
1649   2.0922   1.0819
1650   2.4150   1.0819
1651   5.2420   1.0819
1652   2.4373   1.0819
1653   1.8557   1.0819
1654  12.5826   1.0819
1655  46.7500   1.0819
1656   2.5067   1.0819
1657   2.3858   1.0819
1658 17517.3934   1.0819
1659  26.9023   1.0819
1660   2.8501   1.0819
1661   2.4476   1.0819
1662  71.0839   1.0819
1663   2.4601   1.0819
1664 1673.9172   1.0819
1665   6.3069   1.0819
1666  29.8240   1.0819
1667   2.4927   1.0819
1668   2.4340   1.0819
1669  11.5072   1.0819
1670   2.3969   1.0819
1671   2.4793   1.0819
1672   2.3198   1.0819
1673   2.4651   1.0819
1674 982.8868   1.0819
1675   2.5091   1.0819
1676   4.5316   1.0819
1677   2.4495   1.0819
1678   2.3558   1.0819
1679  79.0862   1.0819
1680   2.5063   1.0819
1681   8.8036   1.0819
1682   1.7596   1.0819
1683   2.3753   1.0819
1684   6.8338   1.0819
1685   2.3107   1.0819
1686   2.4708   1.0819
1687   1.7596   1.0819
1688   2.7752   1.0819
1689   7.7379   1.0819
1690 2070.1041   1.0819
1691   7.5760   1.0819
1692   2.7209   1.0819
1693   1.7596   1.0819
1694  32.1222   1.0819
1695   2.1755   1.0819
1696  16.2685   1.0819
1697 884.1347   1.0819
1698   2.4180   1.0819
1699   6.9022   1.0819
1700  26.4638   1.0819
1701 163.3803   1.0819
1702   2.4786   1.0819
1703  79.7893   1.0819
1704      NaN   1.0819
1705   3.4093   1.0819
1706   2.3967   1.0819
1707   5.3985   1.0819
1708   6.6871   1.0819
1709   1.7596   1.0819
1710 945.1239   1.0819
1711  56.1490   1.0819
1712 4212.8066   1.0819
1713   2.2966   1.0819
1714   3.6833   1.0819
1715   2.4638   1.0819
1716   2.4639   1.0819
1717   7.4630   1.0819
1718   1.8372   1.0819
1719   2.4328   1.0819
1720   6.9329   1.0819
1721  12.5425   1.0819
1722   7.2092   1.0819
1723   2.4516   1.0819
1724   3.3066   1.0819
1725   2.4649   1.0819
1726   4.1435   1.0819
1727   2.2606   1.0819
1728   2.3003   1.0819
1729   2.5263   1.0819
1730  16.8561   1.0819
1731   4.2562   1.0819
1732   6.9022   1.0819
1733 2948.9641   1.0819
1734   2.5072   1.0819
1735   9.3530   1.0819
1736   2.3068   1.0819
1737   2.5726   1.0819
1738   2.2160   1.0819
1739      Inf   1.0819
1740   2.5633   1.0819
1741   2.5250   1.0819
1742 1460.0615   1.0819
1743   2.3068   1.0819
1744  26.3952   1.0819
1745   2.7112   1.0819
1746 3139.9391   1.0819
1747   7.6483   1.0819
1748   2.5921   1.0819
1749   3.1786   1.0819
1750 1185.3705   1.0819
1751 925.1207   1.0819
1752   8.8009   1.0819
1753  25.8132   1.0819
1754 1522.4523   1.0819
1755   2.5939   1.0819
1756   2.2195   1.0819
1757   1.5900   1.0819
1758   3.3344   1.0819
1759   2.5036   1.0819
1760   1.7596   1.0819
1761   2.5168   1.0819
1762  15.4463   1.0819
1763   2.5377   1.0819
1764   4.2499   1.0819
1765   2.4315   1.0819
1766 2074.2564   1.0819
1767   2.2112   1.0819
1768   2.4851   1.0819
1769   6.4603   1.0819
1770  10.0280   1.0819
1771  75.6876   1.0819
1772   2.5664   1.0819
1773   6.9692   1.0819
1774 4324.2359   1.0819
1775   2.1626   1.0819
1776   2.4340   1.0819
1777 6936.3859   1.0819
1778   9.1108   1.0819
1779   9.8033   1.0819
1780  46.5371   1.0819
1781   1.9902   1.0819
1782   2.5250   1.0819
1783   8.2334   1.0819
1784   5.8729   1.0819
1785 1372.2919   1.0819
1786   6.4859   1.0819
1787   1.9561   1.0819
1788   3.1631   1.0819
1789  26.2074   1.0819
1790   2.5061   1.0819
1791  13.3089   1.0819
1792   3.1409   1.0819
1793  42.0886   1.0819
1794   2.5090   1.0819
1795   2.4993   1.0819
1796   3.3847   1.0819
1797   2.4899   1.0819
1798  30.8737   1.0819
1799   3.0410   1.0819
1800   2.3966   1.0819
1801   1.7728   1.0819
1802   2.5265   1.0819
1803   2.3768   1.0819
1804  35.8306   1.0819
1805 509.0149   1.0819
1806   1.8930   1.0819
1807  21.1182   1.0819
1808   2.5415   1.0819
1809 4540.1859   1.0819
1810   1.7596   1.0819
1811   2.2213   1.0819
1812   2.4938   1.0819
1813   3.1114   1.0819
1814   1.4840   1.0819
1815 223.6944   1.0819
1816  16.2337   1.0819
1817   2.4906   1.0819
1818   2.2597   1.0819
1819   2.5047   1.0819
1820   2.4512   1.0819
1821   2.6581   1.0819
1822   2.4413   1.0819
1823   2.6306   1.0819
1824   2.2729   1.0819
1825  13.1773   1.0819
1826   2.4340   1.0819
1827 1339.9935   1.0819
1828   2.1501   1.0819
1829   2.5167   1.0819
1830   3.3916   1.0819
1831  15.0801   1.0819
1832   6.0247   1.0819
1833   2.3840   1.0819
1834   2.4061   1.0819
1835   2.5046   1.0819
1836   2.2315   1.0819
1837   2.4608   1.0819
1838  15.9967   1.0819
1839  10.2378   1.0819
1840   2.1592   1.0819
1841   2.8061   1.0819
1842   2.3068   1.0819
1843   2.5250   1.0819
1844 1368.1653   1.0819
1845   4.8427   1.0819
1846   1.6430   1.0819
1847   2.3494   1.0819
1848   2.4587   1.0819
1849   1.5735   1.0819
1850  20.7150   1.0819
1851 188.3456   1.0819
1852   2.5694   1.0819
1853   4.0692   1.0819
1854   2.5547   1.0819
1855   2.4063   1.0819
1856   1.7301   1.0819
1857   1.8802   1.0819
1858   3.5379   1.0819
1859   2.4163   1.0819
1860   1.8159   1.0819
1861   5.0572   1.0819
1862 236.6854   1.0819
1863   2.4884   1.0819
1864  22.7895   1.0819
1865   2.5483   1.0819
1866   2.5031   1.0819
1867   3.1312   1.0819
1868 1621.2230   1.0819
1869   4.3791   1.0819
1870   2.0567   1.0819
1871   2.3962   1.0819
1872   1.7596   1.0819
1873  10.6745   1.0819
1874   3.5798   1.0819
1875   2.5163   1.0819
1876  10.8553   1.0819
1877   5.5888   1.0819
1878   4.4155   1.0819
1879   2.4983   1.0819
1880   6.9022   1.0819
1881   1.4124   1.0819
1882   8.6540   1.0819
1883  35.2544   1.0819
1884   4.5325   1.0819
1885   1.9637   1.0819
1886   2.4373   1.0819
1887   2.4262   1.0819
1888   1.2550   1.0819
1889   4.8997   1.0819
1890   2.4957   1.0819
1891   3.4622   1.0819
1892   2.3660   1.0819
1893  21.2657   1.0819
1894   1.8802   1.0819
1895   8.2185   1.0819
1896   2.3072   1.0819
1897   5.4453   1.0819
1898   3.4796   1.0819
1899   2.4992   1.0819
1900   2.4667   1.0819
1901 1399.3437   1.0819
1902   2.4340   1.0819
1903   2.4873   1.0819
1904   2.9721   1.0819
1905   2.4764   1.0819
1906   1.9005   1.0819
1907  11.9840   1.0819
1908   2.5865   1.0819
1909   1.7596   1.0819
1910   2.5095   1.0819
1911   9.1827   1.0819
1912   8.4904   1.0819
1913   4.3273   1.0819
1914 156.1418   1.0819
1915   7.4693   1.0819
1916   3.1574   1.0819
1917   2.7023   1.0819
1918   2.5147   1.0819
1919   5.8557   1.0819
1920   2.5220   1.0819
1921 2118.6671   1.0819
1922   2.5539   1.0819
1923   2.5360   1.0819
1924  16.3600   1.0819
1925   6.4035   1.0819
1926   1.7610   1.0819
1927   2.4331   1.0819
1928   9.6838   1.0819
1929   7.1567   1.0819
1930   2.5078   1.0819
1931 4283.6241   1.0819
1932   5.1559   1.0819
1933 1642.5825   1.0819
1934  19.7779   1.0819
1935   3.4183   1.0819
1936   1.9300   1.0819
1937   3.0140   1.0819
1938   2.5250   1.0819
1939   2.5377   1.0819
1940   2.2773   1.0819
1941   5.2696   1.0819
1942  49.9196   1.0819
1943  10.0631   1.0819
1944   2.8503   1.0819
1945   7.3369   1.0819
1946   2.5002   1.0819
1947   1.6434   1.0819
1948  57.7276   1.0819
1949 4096.0141   1.0819
1950   7.0685   1.0819
1951   2.4059   1.0819
1952   5.6822   1.0819
1953  25.8105   1.0819
1954 5973.8291   1.0819
1955   2.3840   1.0819
1956   5.7208   1.0819
1957   2.0485   1.0819
1958   2.4775   1.0819
1959   2.1263   1.0819
1960   1.0616   1.0616
1961  36.1665   1.0616
1962  21.8517   1.0616
1963   2.4846   1.0616
1964 171.4016   1.0616
1965   2.6103   1.0616
1966   1.0514   1.0514
1967   2.4921   1.0514
1968   2.4852   1.0514
1969   5.2514   1.0514
1970   2.4927   1.0514
1971   2.4340   1.0514
1972   2.5074   1.0514
1973   2.3147   1.0514
1974   2.4961   1.0514
1975  21.5844   1.0514
1976  22.0248   1.0514
1977  25.8105   1.0514
1978   2.4340   1.0514
1979   2.5861   1.0514
1980   2.5250   1.0514
1981   7.9471   1.0514
1982 4855.2024   1.0514
1983   1.5458   1.0514
1984   2.5684   1.0514
1985   2.5074   1.0514
1986   2.3207   1.0514
1987   1.3984   1.0514
1988      Inf   1.0514
1989   7.0226   1.0514
1990   8.0627   1.0514
1991   2.5216   1.0514
1992 13304.9541   1.0514
1993  53.8935   1.0514
1994   2.5069   1.0514
1995      Inf   1.0514
1996 2420.4959   1.0514
1997   2.5063   1.0514
1998   3.7940   1.0514
1999   3.0985   1.0514
2000   2.4340   1.0514
2001   2.4912   1.0514
2002  35.9532   1.0514
2003   1.8930   1.0514
2004   4.8175   1.0514
2005   5.6876   1.0514
2006   2.5749   1.0514
2007   2.3790   1.0514
2008   2.4353   1.0514
2009   2.5462   1.0514
2010   1.2240   1.0514
2011   2.4671   1.0514
2012 168.1156   1.0514
2013   2.0358   1.0514
2014   2.5587   1.0514
2015   2.4820   1.0514
2016   2.4705   1.0514
2017   7.6015   1.0514
2018   2.3068   1.0514
2019   2.4577   1.0514
2020   1.9834   1.0514
2021   2.5246   1.0514
2022   2.4954   1.0514
2023   2.5135   1.0514
2024   1.7596   1.0514
2025  60.5156   1.0514
2026   1.7596   1.0514
2027   9.7614   1.0514
2028   2.4135   1.0514
2029  38.3544   1.0514
2030  17.8530   1.0514
2031   2.5155   1.0514
2032   2.5809   1.0514
2033   6.3308   1.0514
2034  11.6327   1.0514
2035   3.0524   1.0514
2036   2.3428   1.0514
2037   2.4661   1.0514
2038   2.5265   1.0514
2039 2011.1641   1.0514
2040   6.0724   1.0514
2041   2.2193   1.0514
2042 1248.6321   1.0514
2043   1.2698   1.0514
2044 345.8001   1.0514
2045   2.8581   1.0514
2046   2.6781   1.0514
2047  14.5210   1.0514
2048   2.4408   1.0514
2049   7.0645   1.0514
2050   4.8986   1.0514
2051  45.0804   1.0514
2052   2.7705   1.0514
2053   2.5153   1.0514
2054 14785.3859   1.0514
2055   2.7901   1.0514
2056 1417.3840   1.0514
2057   2.6290   1.0514
2058  28.1382   1.0514
2059   2.5178   1.0514
2060   4.1691   1.0514
2061 1510.5739   1.0514
2062   1.8192   1.0514
2063   3.8521   1.0514
2064   3.8030   1.0514
2065   2.5042   1.0514
2066   2.5129   1.0514
2067 1533.6758   1.0514
2068   2.7212   1.0514
2069  18.8691   1.0514
2070   2.5462   1.0514
2071   2.4992   1.0514
2072   1.6164   1.0514
2073   2.4913   1.0514
2074  87.4049   1.0514
2075   2.3732   1.0514
2076  19.7779   1.0514
2077   2.7084   1.0514
2078   7.4427   1.0514
2079   2.4406   1.0514
2080   3.3438   1.0514
2081   2.5172   1.0514
2082   2.7678   1.0514
2083   2.5287   1.0514
2084 150.4205   1.0514
2085 1621.9322   1.0514
2086  34.3889   1.0514
2087  25.8105   1.0514
2088  15.7452   1.0514
2089   2.6480   1.0514
2090   4.6128   1.0514
2091   7.4027   1.0514
2092   2.4127   1.0514
2093 1680.6995   1.0514
2094   2.3841   1.0514
2095   2.4340   1.0514
2096  22.1492   1.0514
2097   2.4041   1.0514
2098   1.2702   1.0514
2099   1.2838   1.0514
2100  62.1877   1.0514
2101   2.5014   1.0514
2102   2.8473   1.0514
2103  18.6766   1.0514
2104  10.6350   1.0514
2105 897.5468   1.0514
2106   4.2860   1.0514
2107   2.2344   1.0514
2108   2.5195   1.0514
2109   2.4340   1.0514
2110   2.9922   1.0514
2111   2.2030   1.0514
2112   6.0500   1.0514
2113   4.9649   1.0514
2114   2.7951   1.0514
2115   2.4764   1.0514
2116   3.6011   1.0514
2117  10.8136   1.0514
2118   7.8534   1.0514
2119 1644.0201   1.0514
2120   3.2500   1.0514
2121   7.6644   1.0514
2122  38.4864   1.0514
2123   2.3309   1.0514
2124   8.2223   1.0514
2125   2.8084   1.0514
2126   1.7596   1.0514
2127  29.1051   1.0514
2128 6207.9859   1.0514
2129   2.4752   1.0514
2130   7.2123   1.0514
2131   2.5515   1.0514
2132  25.8105   1.0514
2133   2.3840   1.0514
2134  21.2657   1.0514
2135   2.4635   1.0514
2136   2.5118   1.0514
2137  76.2307   1.0514
2138 10835.9622   1.0514
2139   1.7646   1.0514
2140 3882.0359   1.0514
2141   2.3206   1.0514
2142   2.4411   1.0514
2143   2.5942   1.0514
2144   2.4496   1.0514
2145   3.3620   1.0514
2146  81.9838   1.0514
2147   2.1620   1.0514
2148  39.1218   1.0514
2149  15.0535   1.0514
2150  14.7512   1.0514
2151   2.5939   1.0514
2152  26.6384   1.0514
2153  12.2382   1.0514
2154  11.7711   1.0514
2155   2.5035   1.0514
2156   2.3456   1.0514
2157 8175.4241   1.0514
2158   3.0031   1.0514
2159   2.3068   1.0514
2160   2.4304   1.0514
2161  11.5063   1.0514
2162   5.9160   1.0514
2163 1533.8112   1.0514
2164   2.4810   1.0514
2165   3.3667   1.0514
2166   2.5814   1.0514
2167   5.2566   1.0514
2168   4.6318   1.0514
2169   2.4562   1.0514
2170   2.4767   1.0514
2171   2.5087   1.0514
2172   7.9941   1.0514
2173   4.1279   1.0514
2174   3.6833   1.0514
2175   3.3013   1.0514
2176  19.2031   1.0514
2177 133687.4811   1.0514
2178   1.2778   1.0514
2179 108.6531   1.0514
2180  20.1293   1.0514
2181  16.6236   1.0514
2182 3533.9702   1.0514
2183 4780.3503   1.0514
2184   3.8401   1.0514
2185   3.1683   1.0514
2186 6349.5034   1.0514
2187  15.2135   1.0514
2188   2.6642   1.0514
2189   2.5250   1.0514
2190   3.1910   1.0514
2191   2.7205   1.0514
2192   1.9976   1.0514
2193   2.5046   1.0514
2194 3920.9694   1.0514
2195 1046.7888   1.0514
2196   2.4527   1.0514
2197   2.5250   1.0514
2198 20165.3440   1.0514
2199   1.7695   1.0514
2200   2.5001   1.0514
2201   2.5751   1.0514
2202   1.6795   1.0514
2203   2.4340   1.0514
2204  14.5746   1.0514
2205   2.5840   1.0514
2206   2.7013   1.0514
2207  11.6057   1.0514
2208  22.3631   1.0514
2209   2.4830   1.0514
2210   1.7596   1.0514
2211   9.6310   1.0514
2212   2.3945   1.0514
2213  30.3961   1.0514
2214   1.3980   1.0514
2215   2.8763   1.0514
2216 1579.9296   1.0514
2217   2.1589   1.0514
2218   2.5250   1.0514
2219 1198.0476   1.0514
2220 633.4136   1.0514
2221   2.4054   1.0514
2222  11.2343   1.0514
2223   1.4677   1.0514
2224   2.4340   1.0514
2225 231.6669   1.0514
2226   4.3035   1.0514
2227   2.5467   1.0514
2228 8053.3634   1.0514
2229  10.5042   1.0514
2230   4.5227   1.0514
2231   2.4368   1.0514
2232   2.4850   1.0514
2233 699.3194   1.0514
2234 888.4381   1.0514
2235   2.0240   1.0514
2236   2.4882   1.0514
2237   4.6548   1.0514
2238  12.8757   1.0514
2239   2.3912   1.0514
2240   9.3977   1.0514
2241   2.4476   1.0514
2242  23.1807   1.0514
2243   2.4340   1.0514
2244   2.4528   1.0514
2245   6.9022   1.0514
2246  36.8000   1.0514
2247   4.6585   1.0514
2248   7.2377   1.0514
2249  26.0959   1.0514
2250 1340.0479   1.0514
2251   2.5083   1.0514
2252 234.5955   1.0514
2253   2.8647   1.0514
2254   6.9022   1.0514
2255  28.8409   1.0514
2256   1.7596   1.0514
2257  12.0881   1.0514
2258   2.4758   1.0514
2259 883.3093   1.0514
2260  35.7850   1.0514
2261 1683.4420   1.0514
2262   3.0882   1.0514
2263   6.9022   1.0514
2264   2.4952   1.0514
2265 13443.9141   1.0514
2266   2.3840   1.0514
2267   1.5004   1.0514
2268   4.9267   1.0514
2269  13.5567   1.0514
2270   2.4886   1.0514
2271   2.5244   1.0514
2272   2.4836   1.0514
2273   2.5227   1.0514
2274   3.4919   1.0514
2275   2.5254   1.0514
2276 929.8736   1.0514
2277   2.7788   1.0514
2278   2.5869   1.0514
2279   1.8162   1.0514
2280   1.2700   1.0514
2281   3.2546   1.0514
2282   1.9984   1.0514
2283   2.4832   1.0514
2284   2.4340   1.0514
2285 2422.9641   1.0514
2286   1.7910   1.0514
2287   2.4932   1.0514
2288   1.5800   1.0514
2289   2.4192   1.0514
2290 4224.6838   1.0514
2291  34.4753   1.0514
2292   3.0987   1.0514
2293 5138.6141   1.0514
2294   9.7697   1.0514
2295   2.6398   1.0514
2296 1344.6723   1.0514
2297   6.2963   1.0514
2298 890.7796   1.0514
2299 948.2272   1.0514
2300   9.0041   1.0514
2301   3.5204   1.0514
2302   5.6972   1.0514
2303 5880.4641   1.0514
2304   6.2426   1.0514
2305  10.9092   1.0514
2306 1668.4338   1.0514
2307   2.3283   1.0514
2308   5.7567   1.0514
2309   3.3577   1.0514
2310   2.6074   1.0514
2311   9.2512   1.0514
2312   2.4331   1.0514
2313   2.5008   1.0514
2314   2.0665   1.0514
2315   2.1371   1.0514
2316   3.8060   1.0514
2317   2.4127   1.0514
2318   2.4944   1.0514
2319   2.5420   1.0514
2320 6669.3141   1.0514
2321      Inf   1.0514
2322   2.7002   1.0514
2323  34.0537   1.0514
2324   2.5168   1.0514
2325   6.4589   1.0514
2326  17.2209   1.0514
2327   2.8099   1.0514
2328  14.0471   1.0514
2329   2.3998   1.0514
2330   2.9712   1.0514
2331   2.4340   1.0514
2332   1.2271   1.0514
2333   6.8484   1.0514
2334   2.6104   1.0514
2335 1403.0759   1.0514
2336   2.3085   1.0514
2337   2.2317   1.0514
2338   2.4340   1.0514
2339  29.8096   1.0514
2340   5.5894   1.0514
2341   2.4340   1.0514
2342   2.4488   1.0514
2343   3.0571   1.0514
2344   2.9884   1.0514
2345   3.5644   1.0514
2346 1618.1430   1.0514
2347   3.8479   1.0514
2348   3.2011   1.0514
2349   2.4340   1.0514
2350   8.4020   1.0514
2351  38.7762   1.0514
2352   2.5052   1.0514
2353   2.3800   1.0514
2354  26.6260   1.0514
2355 1292.5830   1.0514
2356  36.7964   1.0514
2357   1.2518   1.0514
2358   2.5799   1.0514
2359  14.7876   1.0514
2360  25.8105   1.0514
2361 5879.5641   1.0514
2362   3.3314   1.0514
2363   2.4800   1.0514
2364 1229.7817   1.0514
2365  16.4649   1.0514
2366   1.3432   1.0514
2367   2.4859   1.0514
2368   2.5555   1.0514
2369   2.4450   1.0514
2370 1341.2157   1.0514
2371   6.9022   1.0514
2372 173.0481   1.0514
2373   1.8913   1.0514
2374   2.3625   1.0514
2375   2.4381   1.0514
2376  11.5063   1.0514
2377   2.4647   1.0514
2378  28.4666   1.0514
2379   2.6818   1.0514
2380   6.9889   1.0514
2381   2.4825   1.0514
2382   2.3988   1.0514
2383  15.0355   1.0514
2384   1.7596   1.0514
2385   2.3840   1.0514
2386  40.1133   1.0514
2387   6.7314   1.0514
2388  36.6114   1.0514
2389   1.1997   1.0514
2390   2.4764   1.0514
2391 917.4311   1.0514
2392  25.7135   1.0514
2393   9.1959   1.0514
2394   1.4791   1.0514
2395   4.1548   1.0514
2396   6.1529   1.0514
2397   1.7596   1.0514
2398  17.9870   1.0514
2399   2.7802   1.0514
2400   6.9022   1.0514
2401   2.5337   1.0514
2402   2.5376   1.0514
2403   8.9939   1.0514
2404  39.5997   1.0514
2405   2.5122   1.0514
2406   2.5062   1.0514
2407   2.3914   1.0514
2408   2.3068   1.0514
2409   1.8852   1.0514
2410   2.3110   1.0514
2411   3.3245   1.0514
2412   3.1511   1.0514
2413   2.3984   1.0514
2414  26.2414   1.0514
2415   2.6626   1.0514
2416   5.7318   1.0514
2417      Inf   1.0514
2418   3.2911   1.0514
2419  47.9246   1.0514
2420   2.5360   1.0514
2421  37.4975   1.0514
2422   2.5245   1.0514
2423  16.4640   1.0514
2424   4.4248   1.0514
2425   1.7896   1.0514
2426  22.9406   1.0514
2427   1.5155   1.0514
2428   2.5848   1.0514
2429   2.5142   1.0514
2430   3.1183   1.0514
2431   1.8867   1.0514
2432   3.3592   1.0514
2433   1.3278   1.0514
2434   5.5528   1.0514
2435  26.3654   1.0514
2436   2.4340   1.0514
2437   2.4883   1.0514
2438   4.2213   1.0514
2439   2.6630   1.0514
2440   2.5212   1.0514
2441  67.0344   1.0514
2442   6.6210   1.0514
2443   6.8978   1.0514
2444   2.5479   1.0514
2445   3.7389   1.0514
2446   1.8643   1.0514
2447  10.2454   1.0514
2448  29.7641   1.0514
2449   2.9137   1.0514
2450   2.4876   1.0514
2451  28.7659   1.0514
2452   2.4116   1.0514
2453   2.5892   1.0514
2454  26.4145   1.0514
2455   3.4287   1.0514
2456   2.6539   1.0514
2457   9.7846   1.0514
2458 881.3741   1.0514
2459   2.4059   1.0514
2460   1.9067   1.0514
2461   3.5541   1.0514
2462   2.5327   1.0514
2463   4.7064   1.0514
2464  26.2344   1.0514
2465   1.2964   1.0514
2466 3342.6859   1.0514
2467   4.6125   1.0514
2468   2.5394   1.0514
2469   2.4642   1.0514
2470   2.4684   1.0514
2471   1.7596   1.0514
2472   2.6557   1.0514
2473   2.6623   1.0514
2474   2.6928   1.0514
2475 1383.5501   1.0514
2476   6.7668   1.0514
2477   3.1470   1.0514
2478   2.9621   1.0514
2479   2.3776   1.0514
2480   2.5250   1.0514
2481   3.4699   1.0514
2482   2.5170   1.0514
2483   1.7596   1.0514
2484   3.4073   1.0514
2485   2.4998   1.0514
2486   2.5066   1.0514
2487   2.5442   1.0514
2488   5.9153   1.0514
2489   2.6588   1.0514
2490  12.4871   1.0514
2491 1396.5069   1.0514
2492   2.4471   1.0514
2493   2.5499   1.0514
2494   2.5028   1.0514
2495   7.8624   1.0514
2496   2.5052   1.0514
2497   8.8642   1.0514
2498   2.2003   1.0514
2499   1.2980   1.0514
2500 913.6836   1.0514
2501   4.1187   1.0514
2502   4.3814   1.0514
2503 3086.6359   1.0514
2504   2.7778   1.0514
2505   1.6376   1.0514
2506   2.5006   1.0514
2507   3.8316   1.0514
2508   2.5155   1.0514
2509   3.7149   1.0514
2510   2.5385   1.0514
2511   2.4894   1.0514
2512   2.2294   1.0514
2513   2.3934   1.0514
2514   3.7400   1.0514
2515   2.3927   1.0514
2516   1.7711   1.0514
2517   3.1243   1.0514
2518   3.3786   1.0514
2519 282.6920   1.0514
2520   2.5373   1.0514
2521   2.4521   1.0514
2522   2.7577   1.0514
2523  13.3137   1.0514
2524   2.5792   1.0514
2525  10.8793   1.0514
2526   2.4155   1.0514
2527   1.9770   1.0514
2528   2.4340   1.0514
2529   2.4840   1.0514
2530   3.1142   1.0514
2531   2.4412   1.0514
2532   2.5006   1.0514
2533   2.3530   1.0514
2534   2.4303   1.0514
2535 832.3187   1.0514
2536   2.4696   1.0514
2537  54.5174   1.0514
2538   2.2568   1.0514
2539   2.3599   1.0514
2540 955.2257   1.0514
2541   2.6886   1.0514
2542   2.4906   1.0514
2543 1437.6801   1.0514
2544   4.5305   1.0514
2545   1.5061   1.0514
2546   1.7596   1.0514
2547   1.7596   1.0514
2548 1074.4122   1.0514
2549   6.7929   1.0514
2550   2.5133   1.0514
2551   2.3914   1.0514
2552  25.8210   1.0514
2553   4.9357   1.0514
2554   2.4943   1.0514
2555   2.4725   1.0514
2556  32.0297   1.0514
2557   3.1901   1.0514
2558   4.2634   1.0514
2559   4.6883   1.0514
2560   7.0097   1.0514
2561   6.0589   1.0514
2562   2.5817   1.0514
2563 127.4017   1.0514
2564   4.6179   1.0514
2565   9.1322   1.0514
2566   2.3884   1.0514
2567   9.1463   1.0514
2568   1.7449   1.0514
2569  21.2657   1.0514
2570   3.9005   1.0514
2571   4.2383   1.0514
2572  10.6935   1.0514
2573  18.1575   1.0514
2574  33.6909   1.0514
2575   2.5516   1.0514
2576   2.5247   1.0514
2577   7.0875   1.0514
2578  25.8526   1.0514
2579  16.9475   1.0514
2580   2.9320   1.0514
2581   1.7269   1.0514
2582   3.1354   1.0514
2583   1.7596   1.0514
2584   2.4805   1.0514
2585 1143.5291   1.0514
2586   2.3367   1.0514
2587   2.4906   1.0514
2588   2.2649   1.0514
2589 7652.7141   1.0514
2590  41.2298   1.0514
2591  30.4494   1.0514
2592 1200.0827   1.0514
2593 1594.8813   1.0514
2594   2.4123   1.0514
2595 4316.0509   1.0514
2596   1.8052   1.0514
2597   4.5742   1.0514
2598  30.7699   1.0514
2599   2.9110   1.0514
2600   2.5219   1.0514
2601   2.2873   1.0514
2602   2.7213   1.0514
2603  18.0090   1.0514
2604   6.2921   1.0514
2605 2032.3139   1.0514
2606  30.2924   1.0514
2607   2.4705   1.0514
2608   2.5506   1.0514
2609   2.3532   1.0514
2610  19.8882   1.0514
2611   2.4683   1.0514
2612   4.4601   1.0514
2613   2.5794   1.0514
2614   3.7123   1.0514
2615  11.8274   1.0514
2616  10.7319   1.0514
2617   2.5536   1.0514
2618   2.5623   1.0514
2619   2.4898   1.0514
2620   8.2408   1.0514
2621   3.9747   1.0514
2622 1082.1873   1.0514
2623 1992.1139   1.0514
2624 21630.2310   1.0514
2625   2.4251   1.0514
2626   2.2786   1.0514
2627   2.5715   1.0514
2628 1063.6338   1.0514
2629   2.4340   1.0514
2630   2.3492   1.0514
2631   8.6379   1.0514
2632 839.2745   1.0514
2633   6.0780   1.0514
2634   2.2125   1.0514
2635 1172.0527   1.0514
2636 939.0754   1.0514
2637  51.4908   1.0514
2638   1.9814   1.0514
2639   4.1367   1.0514
2640   2.5292   1.0514
2641  42.8291   1.0514
2642   2.4382   1.0514
2643 1839.4643   1.0514
2644   2.8183   1.0514
2645   4.4082   1.0514
2646   7.2980   1.0514
2647   2.5297   1.0514
2648  18.8122   1.0514
2649   6.1700   1.0514
2650 219.8281   1.0514
2651   2.5677   1.0514
2652   9.8302   1.0514
2653   2.2274   1.0514
2654   2.4819   1.0514
2655   3.4327   1.0514
2656  25.7567   1.0514
2657   1.6111   1.0514
2658   2.4704   1.0514
2659   2.6417   1.0514
2660   8.0555   1.0514
2661   2.9230   1.0514
2662  86.2329   1.0514
2663   2.3918   1.0514
2664      Inf   1.0514
2665   2.4999   1.0514
2666 1004.9507   1.0514
2667   3.0004   1.0514
2668  10.8870   1.0514
2669 1665.8555   1.0514
2670   1.8690   1.0514
2671   2.5233   1.0514
2672   2.5402   1.0514
2673   4.9783   1.0514
2674  30.4864   1.0514
2675   2.4886   1.0514
2676 5469.6859   1.0514
2677   7.0005   1.0514
2678   3.4824   1.0514
2679   2.4640   1.0514
2680  11.3603   1.0514
2681  68.5724   1.0514
2682   2.0981   1.0514
2683   1.6876   1.0514
2684   2.4128   1.0514
2685  28.2104   1.0514
2686   2.5188   1.0514
2687  69.3040   1.0514
2688   2.4228   1.0514
2689   2.5250   1.0514
2690  37.5467   1.0514
2691  35.2395   1.0514
2692   2.4103   1.0514
2693   1.5275   1.0514
2694   1.7755   1.0514
2695   6.1844   1.0514
2696 194.5167   1.0514
2697   4.2268   1.0514
2698 923.3470   1.0514
2699   2.4291   1.0514
2700   2.5473   1.0514
2701   2.4384   1.0514
2702  13.3426   1.0514
2703   3.2196   1.0514
2704   2.5088   1.0514
2705 1625.0475   1.0514
2706   1.8492   1.0514
2707  23.5313   1.0514
2708   2.4811   1.0514
2709  34.5150   1.0514
2710  27.4845   1.0514
2711   1.5707   1.0514
2712  16.8626   1.0514
2713 7532.5359   1.0514
2714   2.2888   1.0514
2715 2590.7946   1.0514
2716   2.5164   1.0514
2717   6.0500   1.0514
2718   2.4765   1.0514
2719  16.0459   1.0514
2720   2.6176   1.0514
2721   8.1448   1.0514
2722      Inf   1.0514
2723   2.7198   1.0514
2724  26.6210   1.0514
2725   2.4437   1.0514
2726   1.7719   1.0514
2727   2.1967   1.0514
2728 1566.9276   1.0514
2729   5.6125   1.0514
2730   2.5278   1.0514
2731   9.9316   1.0514
2732   2.4740   1.0514
2733   2.4879   1.0514
2734   6.9780   1.0514
2735   2.3659   1.0514
2736   2.4037   1.0514
2737 227.9134   1.0514
2738   8.4614   1.0514
2739   2.5288   1.0514
2740   3.5057   1.0514
2741  14.8077   1.0514
2742  25.8105   1.0514
2743   3.0807   1.0514
2744   2.5250   1.0514
2745   1.6171   1.0514
2746   5.1828   1.0514
2747   2.3068   1.0514
2748  57.1027   1.0514
2749   1.8176   1.0514
2750   1.7596   1.0514
2751   2.5515   1.0514
2752   2.4009   1.0514
2753   5.5094   1.0514
2754   2.8945   1.0514
2755  16.5482   1.0514
2756  74.9654   1.0514
2757  12.0786   1.0514
2758   2.4944   1.0514
2759   2.4340   1.0514
2760   8.6807   1.0514
2761  30.8987   1.0514
2762 241.2357   1.0514
2763   2.5748   1.0514
2764   2.4897   1.0514
2765 8127.2141   1.0514
2766   2.3413   1.0514
2767   3.1898   1.0514
2768  25.8105   1.0514
2769   1.0613   1.0514
2770   1.7969   1.0514
2771   1.7596   1.0514
2772  14.6554   1.0514
2773   2.5778   1.0514
2774   6.9022   1.0514
2775   2.5138   1.0514
2776  16.3698   1.0514
2777   2.3304   1.0514
2778   2.5266   1.0514
2779   2.5245   1.0514
2780   2.5267   1.0514
2781   7.1618   1.0514
2782   8.5453   1.0514
2783   2.5873   1.0514
2784 7778.2641   1.0514
2785 1615.3937   1.0514
2786  31.3647   1.0514
2787  10.1190   1.0514
2788   2.3398   1.0514
2789 1470.7835   1.0514
2790   2.4303   1.0514
2791   3.7867   1.0514
2792   2.9105   1.0514
2793   4.7123   1.0514
2794  31.0466   1.0514
2795   2.4969   1.0514
2796 1309.7241   1.0514
2797  18.7227   1.0514
2798   6.9995   1.0514
2799   5.8368   1.0514
2800 799.9415   1.0514
2801   2.6570   1.0514
2802 1164.5747   1.0514
2803   2.4374   1.0514
2804   2.5801   1.0514
2805   4.5934   1.0514
2806 3023.6359   1.0514
2807  10.3698   1.0514
2808 863.4305   1.0514
2809   2.4132   1.0514
2810 21238.4765   1.0514
2811   2.4501   1.0514
2812   2.7889   1.0514
2813   2.4011   1.0514
2814 9122.0137   1.0514
2815   2.4787   1.0514
2816   7.5297   1.0514
2817   1.7935   1.0514
2818   2.5026   1.0514
2819   2.4396   1.0514
2820   5.8376   1.0514
2821      NaN   1.0514
2822   2.4734   1.0514
2823   2.8626   1.0514
2824  16.9963   1.0514
2825   1.9914   1.0514
2826  45.2369   1.0514
2827   2.5837   1.0514
2828   2.5571   1.0514
2829  74.8480   1.0514
2830   2.5275   1.0514
2831   1.2580   1.0514
2832   2.4340   1.0514
2833   4.2094   1.0514
2834   2.5250   1.0514
2835  36.0773   1.0514
2836   2.4526   1.0514
2837   2.8505   1.0514
2838   5.7090   1.0514
2839 190.6051   1.0514
2840 1215.2188   1.0514
2841   2.4706   1.0514
2842   5.7763   1.0514
2843 743.7042   1.0514
2844   2.7126   1.0514
2845  22.1298   1.0514
2846   5.0364   1.0514
2847   2.4390   1.0514
2848   4.4902   1.0514
2849   5.6566   1.0514
2850   2.5253   1.0514
2851   2.2329   1.0514
2852   7.0407   1.0514
2853   5.7015   1.0514
2854  25.8105   1.0514
2855   3.3475   1.0514
2856   3.8242   1.0514
2857   2.3912   1.0514
2858   2.4902   1.0514
2859   3.5211   1.0514
2860 3084.0191   1.0514
2861 9317.0443   1.0514
2862 881.5015   1.0514
2863   3.5176   1.0514
2864   3.8037   1.0514
2865   4.6316   1.0514
2866   2.5274   1.0514
2867   4.0330   1.0514
2868 804.5421   1.0514
2869   2.2990   1.0514
2870   2.2799   1.0514
2871 106.1897   1.0514
2872  10.2884   1.0514
2873   2.4406   1.0514
2874   3.4674   1.0514
2875   2.4983   1.0514
2876   2.5418   1.0514
2877   2.5601   1.0514
2878   1.8362   1.0514
2879 1546.4640   1.0514
2880  44.1374   1.0514
2881   2.5250   1.0514
2882   2.4996   1.0514
2883   4.8461   1.0514
2884  31.0124   1.0514
2885 1291.5994   1.0514
2886  11.0982   1.0514
2887   2.5234   1.0514
2888 2054.0141   1.0514
2889   8.1037   1.0514
2890   2.7331   1.0514
2891   2.4685   1.0514
2892   6.9329   1.0514
2893   1.6484   1.0514
2894 792.0922   1.0514
2895   2.5344   1.0514
2896  23.5542   1.0514
2897   2.7468   1.0514
2898  14.4385   1.0514
2899   2.3886   1.0514
2900   2.4958   1.0514
2901 882.8745   1.0514
2902   2.5092   1.0514
2903   3.9754   1.0514
2904  10.0802   1.0514
2905   2.4788   1.0514
2906   2.5488   1.0514
2907   2.4817   1.0514
2908   8.7741   1.0514
2909   2.4705   1.0514
2910   1.3223   1.0514
2911  47.3299   1.0514
2912   2.5192   1.0514
2913  41.2259   1.0514
2914 252.0957   1.0514
2915   3.6377   1.0514
2916   2.5250   1.0514
2917   6.1282   1.0514
2918   1.7642   1.0514
2919 183.1671   1.0514
2920   4.7714   1.0514
2921   2.5253   1.0514
2922   4.5407   1.0514
2923  37.4944   1.0514
2924   2.5924   1.0514
2925   2.4745   1.0514
2926   2.4388   1.0514
2927  25.8105   1.0514
2928   2.5003   1.0514
2929  56.0849   1.0514
2930 8264.3101   1.0514
2931   2.4144   1.0514
2932  22.6114   1.0514
2933   2.4340   1.0514
2934   2.5121   1.0514
2935   2.4901   1.0514
2936   9.8102   1.0514
2937   2.3840   1.0514
2938   6.9845   1.0514
2939   3.5791   1.0514
2940   3.0921   1.0514
2941 12853.3083   1.0514
2942   5.0683   1.0514
2943   3.0393   1.0514
2944 2076.6002   1.0514
2945   2.5566   1.0514
2946   2.6758   1.0514
2947   2.2016   1.0514
2948   1.0850   1.0514
2949   2.4338   1.0514
2950   1.3069   1.0514
2951   2.4259   1.0514
2952 324.0949   1.0514
2953   2.4340   1.0514
2954   9.7357   1.0514
2955   5.6053   1.0514
2956  16.7747   1.0514
2957   2.4870   1.0514
2958   1.2417   1.0514
2959   2.4749   1.0514
2960   2.5248   1.0514
2961   7.3557   1.0514
2962   2.4778   1.0514
2963   1.7596   1.0514
2964   2.4838   1.0514
2965   2.6667   1.0514
2966   2.4737   1.0514
2967  32.7090   1.0514
2968   2.4931   1.0514
2969   2.5250   1.0514
2970   7.4999   1.0514
2971 899.2048   1.0514
2972  75.4276   1.0514
2973   2.5047   1.0514
2974   5.9220   1.0514
2975   7.0105   1.0514
2976 1253.3555   1.0514
2977 5310.3043   1.0514
2978  16.6993   1.0514
2979   6.9090   1.0514
2980   2.4679   1.0514
2981   3.1764   1.0514
2982  14.4631   1.0514
2983   3.4836   1.0514
2984   3.2049   1.0514
2985  48.5160   1.0514
2986   1.7950   1.0514
2987 956.7143   1.0514
2988   2.5241   1.0514
2989   2.2518   1.0514
2990 4526.2359   1.0514
2991  28.6325   1.0514
2992   2.0266   1.0514
2993   6.7810   1.0514
2994   2.5551   1.0514
2995   2.4872   1.0514
2996   2.2700   1.0514
2997   2.5045   1.0514
2998   1.7596   1.0514
2999  39.7805   1.0514
3000   4.3679   1.0514
