1 1659.2405 1659.2405
2  36.9745  36.9745
3   2.5298   2.5298
4 984.8711   2.5298
5 293.6955   2.5298
6   2.5235   2.5235
7   3.1842   2.5235
8   2.4924   2.4924
9   6.7933   2.4924
10  25.8105   2.4924
11   2.6087   2.4924
12  23.0712   2.4924
13   2.5390   2.4924
14  63.1370   2.4924
15 1208.9467   2.4924
16   3.2693   2.4924
17   2.5187   2.4924
18 1514.4063   2.4924
19   2.4907   2.4907
20   2.4483   2.4483
21   8.2805   2.4483
22   2.5276   2.4483
23   1.2738   1.2738
24   2.3535   1.2738
25   2.4893   1.2738
26   3.5961   1.2738
27   2.4340   1.2738
28  22.9690   1.2738
29   6.2746   1.2738
30  13.3368   1.2738
31   2.5169   1.2738
32  19.9030   1.2738
33   3.1064   1.2738
34   2.5482   1.2738
35   2.4550   1.2738
36   2.5250   1.2738
37   2.1112   1.2738
38   2.5572   1.2738
39   5.2329   1.2738
40   2.5066   1.2738
41   2.3463   1.2738
42   2.4271   1.2738
43   3.6179   1.2738
44   3.8174   1.2738
45  26.5214   1.2738
46   6.9022   1.2738
47  18.2089   1.2738
48   2.5817   1.2738
49 1416.4006   1.2738
50   2.3421   1.2738
51   2.4959   1.2738
52   6.9022   1.2738
53 1032.2131   1.2738
54   2.5192   1.2738
55   3.5020   1.2738
56   7.3873   1.2738
57   2.6698   1.2738
58   2.2856   1.2738
59   2.4413   1.2738
60   1.0495   1.0495
61  41.9141   1.0495
62   2.4337   1.0495
63   3.9529   1.0495
64   2.4340   1.0495
65   2.4340   1.0495
66 1140.0784   1.0495
67   6.9022   1.0495
68   2.3150   1.0495
69  11.6311   1.0495
70 1672.4158   1.0495
71   2.5484   1.0495
72   2.3999   1.0495
73   2.4983   1.0495
74   2.2191   1.0495
75   1.4489   1.0495
76  33.6120   1.0495
77 1670.5400   1.0495
78   1.9322   1.0495
79   2.7559   1.0495
80   1.9194   1.0495
81  10.7924   1.0495
82   2.5091   1.0495
83  56.3034   1.0495
84 1474.1254   1.0495
85   4.9489   1.0495
86  11.0692   1.0495
87 21648.3816   1.0495
88   2.6027   1.0495
89 1285.2909   1.0495
90   6.9022   1.0495
91   2.7463   1.0495
92 292.4701   1.0495
93   2.3773   1.0495
94 649.4985   1.0495
95   2.5250   1.0495
96  13.0158   1.0495
97   1.7955   1.0495
98   7.1731   1.0495
99   2.6534   1.0495
100   2.3548   1.0495
101   4.3249   1.0495
102  12.2902   1.0495
103   2.4472   1.0495
104   2.3068   1.0495
105   2.4873   1.0495
106   1.7596   1.0495
107   2.5096   1.0495
108  73.0581   1.0495
109   5.4818   1.0495
110   2.4340   1.0495
111   4.5057   1.0495
112   2.5439   1.0495
113   2.5007   1.0495
114   3.6747   1.0495
115 957.4554   1.0495
116   7.1978   1.0495
117   2.3550   1.0495
118   8.0390   1.0495
119   4.4448   1.0495
120   2.4052   1.0495
121   2.4697   1.0495
122   1.9555   1.0495
123 2646.7141   1.0495
124   2.4340   1.0495
125   1.7596   1.0495
126   2.5232   1.0495
127  21.9076   1.0495
128   2.3840   1.0495
129   2.4797   1.0495
130  25.8105   1.0495
131   2.4315   1.0495
132   3.2459   1.0495
133   2.4745   1.0495
134   2.6915   1.0495
135   6.9022   1.0495
136   2.6318   1.0495
137   5.4981   1.0495
138   2.4459   1.0495
139   4.0851   1.0495
140   1.5059   1.0495
141   2.4611   1.0495
142   3.8555   1.0495
143   2.5006   1.0495
144      Inf   1.0495
145   2.5085   1.0495
146  22.3861   1.0495
147   3.6522   1.0495
148   1.2677   1.0495
149   2.4813   1.0495
150   2.6736   1.0495
151   4.3552   1.0495
152   2.6913   1.0495
153  30.7434   1.0495
154   2.4795   1.0495
155   2.4897   1.0495
156   9.7060   1.0495
157   2.5048   1.0495
158   2.7353   1.0495
159   2.3648   1.0495
160   1.1494   1.0495
161   1.5044   1.0495
162   2.5936   1.0495
163 115.3347   1.0495
164   2.4003   1.0495
165   2.5017   1.0495
166   2.8520   1.0495
167   6.9022   1.0495
168   2.4526   1.0495
169 10319.3410   1.0495
170   1.7596   1.0495
171   2.3732   1.0495
172   2.5163   1.0495
173   2.2005   1.0495
174      Inf   1.0495
175   2.4378   1.0495
176   1.7597   1.0495
177  17.6735   1.0495
178  25.8105   1.0495
179   7.3143   1.0495
180   2.4010   1.0495
181   2.5457   1.0495
182   2.3840   1.0495
183  20.2083   1.0495
184  13.4826   1.0495
185   2.4647   1.0495
186   3.2086   1.0495
187   2.1724   1.0495
188   2.2766   1.0495
189   2.5250   1.0495
190   2.1673   1.0495
191   3.3871   1.0495
192   2.4296   1.0495
193   7.4300   1.0495
194  28.7878   1.0495
195 16755.7667   1.0495
196   7.3426   1.0495
197  60.1705   1.0495
198   2.5266   1.0495
199  25.8105   1.0495
200   7.1596   1.0495
201 894.3503   1.0495
202   2.4825   1.0495
203 110.5029   1.0495
204   6.4845   1.0495
205   2.3967   1.0495
206   2.4586   1.0495
207 7474.0372   1.0495
208   2.3360   1.0495
209 881.3797   1.0495
210  13.2122   1.0495
211 1593.2026   1.0495
212  14.7748   1.0495
213  34.4729   1.0495
214   2.1420   1.0495
215   2.4739   1.0495
216   2.5018   1.0495
217   5.4261   1.0495
218   1.7596   1.0495
219   2.6011   1.0495
220   2.5006   1.0495
221   2.4331   1.0495
222   2.5276   1.0495
223  11.3428   1.0495
224   7.0049   1.0495
225   2.4899   1.0495
226   2.4873   1.0495
227   8.3072   1.0495
228   7.3851   1.0495
229   2.3717   1.0495
230   2.4011   1.0495
231  11.7866   1.0495
232   1.9414   1.0495
233   2.4960   1.0495
234   4.8530   1.0495
235   2.1841   1.0495
236   2.1337   1.0495
237   2.4899   1.0495
238   3.7785   1.0495
239   2.3840   1.0495
240   2.4767   1.0495
241   2.8062   1.0495
242   1.7596   1.0495
243   2.4629   1.0495
244   6.9934   1.0495
245   2.5339   1.0495
246   2.5106   1.0495
247   2.6309   1.0495
248   6.9697   1.0495
249 1355.5458   1.0495
250   2.4785   1.0495
251   2.9880   1.0495
252   1.7596   1.0495
253   5.2868   1.0495
254  14.0222   1.0495
255  22.5566   1.0495
256 2893.3182   1.0495
257      Inf   1.0495
258 201.8026   1.0495
259   2.5331   1.0495
260   1.9680   1.0495
261   2.4880   1.0495
262  53.8935   1.0495
263   2.5224   1.0495
264  25.8105   1.0495
265   3.4045   1.0495
266 424.6248   1.0495
267   2.3776   1.0495
268   2.1503   1.0495
269   1.8595   1.0495
270  66.6783   1.0495
271   2.6029   1.0495
272   2.5250   1.0495
273   4.7147   1.0495
274   2.3128   1.0495
275   2.4340   1.0495
276   2.4601   1.0495
277   4.7131   1.0495
278   2.5145   1.0495
279   2.4340   1.0495
280   8.4763   1.0495
281 1274.2636   1.0495
282   5.9328   1.0495
283   2.4782   1.0495
284   2.5286   1.0495
285   2.5105   1.0495
286   2.4483   1.0495
287   2.5065   1.0495
288  12.8036   1.0495
289   2.3655   1.0495
290   3.5152   1.0495
291   2.5187   1.0495
292   2.4272   1.0495
293   2.5319   1.0495
294   2.3458   1.0495
295   2.5778   1.0495
296   2.5323   1.0495
297   2.4632   1.0495
298 981.0744   1.0495
299  51.0362   1.0495
300   2.4406   1.0495
301   2.2184   1.0495
302   2.4943   1.0495
303  11.9156   1.0495
304  59.3262   1.0495
305  18.0042   1.0495
306   2.4340   1.0495
307   4.2666   1.0495
308   2.4777   1.0495
309 1587.0558   1.0495
310      NaN   1.0495
311 1014.2489   1.0495
312 712.5847   1.0495
313   3.0874   1.0495
314   2.6173   1.0495
315   5.3063   1.0495
316  25.8105   1.0495
317   1.7596   1.0495
318 206.5274   1.0495
319   5.9955   1.0495
320   2.5605   1.0495
321  46.1511   1.0495
322  85.1339   1.0495
323   2.6342   1.0495
324   1.7822   1.0495
325   2.5295   1.0495
326   5.8388   1.0495
327   2.5012   1.0495
328   2.3359   1.0495
329 1589.0917   1.0495
330 940.2471   1.0495
331  32.2608   1.0495
332   2.5811   1.0495
333 748.7737   1.0495
334   2.6721   1.0495
335   3.4853   1.0495
336 1840.9756   1.0495
337   2.3418   1.0495
338  14.0962   1.0495
339   2.3919   1.0495
340   6.9022   1.0495
341   2.5250   1.0495
342  11.3505   1.0495
343  26.5496   1.0495
344  21.8253   1.0495
345  17.1760   1.0495
346   3.8694   1.0495
347 68354.5746   1.0495
348   1.8808   1.0495
349   3.7615   1.0495
350   6.2382   1.0495
351  10.4459   1.0495
352   2.4495   1.0495
353   5.0794   1.0495
354  27.7733   1.0495
355   2.4281   1.0495
356  10.5499   1.0495
357  18.4298   1.0495
358   3.1583   1.0495
359 888.3346   1.0495
360   2.4331   1.0495
361   3.5681   1.0495
362   2.4982   1.0495
363   2.7986   1.0495
364   2.0406   1.0495
365   7.3622   1.0495
366 110.9455   1.0495
367   4.1174   1.0495
368   4.4812   1.0495
369   3.3646   1.0495
370  25.8105   1.0495
371   1.7485   1.0495
372   3.5867   1.0495
373   2.3840   1.0495
374   2.5799   1.0495
375   2.3840   1.0495
376   2.5608   1.0495
377   9.7420   1.0495
378   2.0382   1.0495
379   1.6532   1.0495
380   3.6089   1.0495
381 3379.4418   1.0495
382   6.5964   1.0495
383   2.4340   1.0495
384   2.5715   1.0495
385   2.4615   1.0495
386   2.4340   1.0495
387 124.3773   1.0495
388   2.5075   1.0495
389   2.4261   1.0495
390 8488.1151   1.0495
391 1679.8185   1.0495
392  18.6309   1.0495
393  11.8391   1.0495
394   2.4353   1.0495
395 1675.0944   1.0495
396   7.3916   1.0495
397   2.5365   1.0495
398   2.5328   1.0495
399   7.0679   1.0495
400   1.1553   1.0495
401  50.9051   1.0495
402   2.4617   1.0495
403   2.4808   1.0495
404   2.2775   1.0495
405  15.7396   1.0495
406   2.5189   1.0495
407   7.0816   1.0495
408 247.5619   1.0495
409   2.6764   1.0495
410 125.6285   1.0495
411   3.8697   1.0495
412   6.1350   1.0495
413   2.4816   1.0495
414   9.0153   1.0495
415  50.0679   1.0495
416  19.9427   1.0495
417   2.6245   1.0495
418   1.8922   1.0495
419   6.1287   1.0495
420  16.2628   1.0495
421  11.9321   1.0495
422 765.5013   1.0495
423   3.2189   1.0495
424   2.4881   1.0495
425   2.5066   1.0495
426   2.5797   1.0495
427   2.3324   1.0495
428   6.6528   1.0495
429 8950.1641   1.0495
430  19.4234   1.0495
431      Inf   1.0495
432   2.4574   1.0495
433   2.3192   1.0495
434   2.3840   1.0495
435   5.3216   1.0495
436   2.4498   1.0495
437   2.5250   1.0495
438   3.2638   1.0495
439   3.4536   1.0495
440   2.3840   1.0495
441   1.7596   1.0495
442   6.8578   1.0495
443   4.3088   1.0495
444   2.3068   1.0495
445   3.7453   1.0495
446   7.1632   1.0495
447  24.3526   1.0495
448   3.2276   1.0495
449   1.7672   1.0495
450   1.7006   1.0495
451   7.1235   1.0495
452   2.5885   1.0495
453   2.4369   1.0495
454   4.0417   1.0495
455 1358.3309   1.0495
456   1.7855   1.0495
457   4.9181   1.0495
458   2.3840   1.0495
459   2.3840   1.0495
460 2768.1141   1.0495
461  28.6584   1.0495
462   2.3538   1.0495
463  25.8105   1.0495
464   1.9712   1.0495
465   4.4354   1.0495
466   1.7596   1.0495
467 1137.8646   1.0495
468   2.6540   1.0495
469   3.4106   1.0495
470  21.0595   1.0495
471   2.4340   1.0495
472   6.0372   1.0495
473   2.4668   1.0495
474   8.7566   1.0495
475   2.4489   1.0495
476   2.5093   1.0495
477   4.0508   1.0495
478   1.8423   1.0495
479   2.3233   1.0495
480   1.7313   1.0495
481   1.8485   1.0495
482   4.1608   1.0495
483   2.5192   1.0495
484   2.8829   1.0495
485   1.3847   1.0495
486   2.4340   1.0495
487  33.8198   1.0495
488  56.9987   1.0495
489   2.3068   1.0495
490 1167.3165   1.0495
491   2.5253   1.0495
492  14.4088   1.0495
493   8.4468   1.0495
494   2.5250   1.0495
495   3.2500   1.0495
496   8.1027   1.0495
497  36.4709   1.0495
498   5.3479   1.0495
499 199.3730   1.0495
500  25.8105   1.0495
501  14.7038   1.0495
502  16.1431   1.0495
503   2.6004   1.0495
504   2.5030   1.0495
505   8.8576   1.0495
506   2.3068   1.0495
507   2.5300   1.0495
508   8.7430   1.0495
509   2.6950   1.0495
510   1.7596   1.0495
511  35.6693   1.0495
512   6.1885   1.0495
513  19.7779   1.0495
514   2.0035   1.0495
515   2.5016   1.0495
516   2.5014   1.0495
517   9.2409   1.0495
518   2.5046   1.0495
519   2.3986   1.0495
520  45.7743   1.0495
521 4364.8641   1.0495
522  21.2053   1.0495
523   2.1880   1.0495
524 1149.2715   1.0495
525   2.5250   1.0495
526   2.3802   1.0495
527   2.5032   1.0495
528   2.3678   1.0495
529 3757.4859   1.0495
530   6.2184   1.0495
531   2.5397   1.0495
532   2.1365   1.0495
533   2.4064   1.0495
534   2.5183   1.0495
535   1.9835   1.0495
536   2.5785   1.0495
537   6.7832   1.0495
538   2.6822   1.0495
539   2.5571   1.0495
540  11.3197   1.0495
541   2.1884   1.0495
542   3.1358   1.0495
543 1371.3819   1.0495
544   2.4267   1.0495
545   2.4889   1.0495
546 1993.8098   1.0495
547   4.8988   1.0495
548   2.4457   1.0495
549   6.8509   1.0495
550   2.3104   1.0495
551   4.5440   1.0495
552 5382.7021   1.0495
553   1.7369   1.0495
554 1683.6123   1.0495
555   3.5665   1.0495
556   3.0538   1.0495
557   2.4314   1.0495
558   2.4655   1.0495
559 1538.2820   1.0495
560   4.0419   1.0495
561   2.4892   1.0495
562  14.7470   1.0495
563 885.0094   1.0495
564   2.6141   1.0495
565   2.4650   1.0495
566   7.3654   1.0495
567   2.4142   1.0495
568   2.7562   1.0495
569   2.6187   1.0495
570 1047.9066   1.0495
571   2.4523   1.0495
572   2.0575   1.0495
573   5.8519   1.0495
574 3122.2121   1.0495
575 1284.3178   1.0495
576   1.5116   1.0495
577   2.3793   1.0495
578  10.5746   1.0495
579   2.4571   1.0495
580   2.5394   1.0495
581   7.2849   1.0495
582   4.8127   1.0495
583   2.5250   1.0495
584 6427.4835   1.0495
585   2.6733   1.0495
586   2.5413   1.0495
587   3.1970   1.0495
588   2.4605   1.0495
589   2.4189   1.0495
590   9.8802   1.0495
591   2.3840   1.0495
592   1.7104   1.0495
593   2.4340   1.0495
594   2.5382   1.0495
595  36.2156   1.0495
596   7.1104   1.0495
597  36.3022   1.0495
598   1.3459   1.0495
599   5.3522   1.0495
600   2.5152   1.0495
601 1514.1159   1.0495
602 242.1075   1.0495
603 893.6121   1.0495
604   1.5695   1.0495
605   1.7596   1.0495
606   2.4088   1.0495
607 198.7497   1.0495
608 1488.5361   1.0495
609 1821.3439   1.0495
610   2.5253   1.0495
611 3836.0120   1.0495
612      Inf   1.0495
613   1.5149   1.0495
614   2.6022   1.0495
615  11.9586   1.0495
616   3.4316   1.0495
617   2.5099   1.0495
618   2.4857   1.0495
619   2.5210   1.0495
620   3.7671   1.0495
621   2.5189   1.0495
622   2.4944   1.0495
623   3.0613   1.0495
624   1.7596   1.0495
625  11.5668   1.0495
626 3291.2841   1.0495
627 6873.7141   1.0495
628   2.6461   1.0495
629 23745.7898   1.0495
630   3.8368   1.0495
631  24.2123   1.0495
632 1683.4602   1.0495
633   2.4964   1.0495
634   1.1357   1.0495
635   2.5346   1.0495
636   2.4910   1.0495
637  20.6435   1.0495
638   2.4340   1.0495
639   2.3050   1.0495
640   4.5810   1.0495
641   6.1838   1.0495
642   3.3686   1.0495
643   2.4653   1.0495
644   2.7931   1.0495
645   2.5391   1.0495
646   1.7596   1.0495
647 59550.4288   1.0495
648   1.7620   1.0495
649   6.5461   1.0495
650   2.4782   1.0495
651  10.3726   1.0495
652   2.5257   1.0495
653   2.5183   1.0495
654 881.7389   1.0495
655   2.4829   1.0495
656   2.5096   1.0495
657  42.6787   1.0495
658   1.1224   1.0495
659   3.7361   1.0495
660   6.9620   1.0495
661 146.1671   1.0495
662 9642.6624   1.0495
663   1.7776   1.0495
664  13.2868   1.0495
665   2.4676   1.0495
666   2.4774   1.0495
667  18.8563   1.0495
668   2.4591   1.0495
669   9.2207   1.0495
670   4.2495   1.0495
671 4076.8057   1.0495
672   2.5063   1.0495
673   2.4903   1.0495
674 221.3811   1.0495
675 1718.8419   1.0495
676  22.2665   1.0495
677  12.4845   1.0495
678   2.4949   1.0495
679 2067.9177   1.0495
680  11.4748   1.0495
681   2.5250   1.0495
682   2.0752   1.0495
683  17.9497   1.0495
684   2.2717   1.0495
685   1.9668   1.0495
686   2.5043   1.0495
687      Inf   1.0495
688   5.8094   1.0495
689   2.4176   1.0495
690  11.6221   1.0495
691   2.5061   1.0495
692   2.5263   1.0495
693   1.7596   1.0495
694   2.4933   1.0495
695 400.9880   1.0495
696   3.2066   1.0495
697   4.3966   1.0495
698 5202.2658   1.0495
699   5.6496   1.0495
700   3.1778   1.0495
701 2060.2266   1.0495
702   7.2732   1.0495
703   2.4962   1.0495
704   2.4340   1.0495
705  14.0396   1.0495
706   2.5267   1.0495
707   2.3798   1.0495
708   4.3747   1.0495
709   3.1889   1.0495
710 2974.8931   1.0495
711      Inf   1.0495
712   2.5028   1.0495
713  25.8105   1.0495
714  65.9906   1.0495
715   2.4897   1.0495
716 190.6051   1.0495
717   2.7390   1.0495
718   4.1254   1.0495
719   2.7562   1.0495
720  15.3715   1.0495
721   2.4815   1.0495
722  34.0953   1.0495
723  10.8438   1.0495
724   2.4386   1.0495
725   1.2100   1.0495
726  16.2223   1.0495
727   1.5023   1.0495
728   1.7596   1.0495
729   2.4874   1.0495
730   2.5894   1.0495
731   2.2021   1.0495
732   2.2877   1.0495
733   7.6355   1.0495
734   2.4875   1.0495
735   6.9022   1.0495
736  10.2883   1.0495
737   2.5333   1.0495
738   3.0321   1.0495
739   1.8387   1.0495
740 1647.0511   1.0495
741 5063.0302   1.0495
742   3.6055   1.0495
743   2.6017   1.0495
744   3.9472   1.0495
745   2.4697   1.0495
746   2.4747   1.0495
747   2.4534   1.0495
748   2.8180   1.0495
749   3.9769   1.0495
750   2.4541   1.0495
751 1217.0315   1.0495
752   8.8415   1.0495
753   1.8345   1.0495
754   2.6303   1.0495
755 912.1075   1.0495
756   2.5342   1.0495
757   2.5031   1.0495
758  73.0675   1.0495
759   1.5859   1.0495
760   7.5754   1.0495
761   7.1672   1.0495
762  42.9223   1.0495
763   2.2016   1.0495
764 1010.3362   1.0495
765 189.2893   1.0495
766   7.2348   1.0495
767  19.1935   1.0495
768  11.7614   1.0495
769   2.4934   1.0495
770   2.4227   1.0495
771   5.6142   1.0495
772 3691.3859   1.0495
773   2.6941   1.0495
774   2.5091   1.0495
775   2.0215   1.0495
776 1457.5566   1.0495
777   6.1110   1.0495
778  33.6559   1.0495
779   2.5091   1.0495
780 3768.4199   1.0495
781 5338.5691   1.0495
782   1.7596   1.0495
783   2.5250   1.0495
784   3.9680   1.0495
785   2.4523   1.0495
786   2.0619   1.0495
787 1301.3981   1.0495
788   1.8207   1.0495
789   2.3068   1.0495
790   1.8512   1.0495
791  11.8807   1.0495
792   1.9005   1.0495
793 2076.3859   1.0495
794   7.9697   1.0495
795   2.2499   1.0495
796 3439.1141   1.0495
797  28.0938   1.0495
798   2.8884   1.0495
799   3.1373   1.0495
800   3.4304   1.0495
801   3.9794   1.0495
802  13.0014   1.0495
803 2047.6641   1.0495
804  30.3961   1.0495
805  13.1058   1.0495
806 2905.2759   1.0495
807  81.7655   1.0495
808   2.5172   1.0495
809   1.4084   1.0495
810   2.3138   1.0495
811  34.6723   1.0495
812   2.4510   1.0495
813      NaN   1.0495
814   5.7233   1.0495
815   2.0689   1.0495
816   1.5399   1.0495
817  13.3793   1.0495
818   7.6786   1.0495
819   2.4954   1.0495
820   2.3697   1.0495
821 8096.9971   1.0495
822 27512.4408   1.0495
823   5.6681   1.0495
824 681.5560   1.0495
825   2.4159   1.0495
826   2.3589   1.0495
827   1.5853   1.0495
828   1.2559   1.0495
829   2.5250   1.0495
830  10.1192   1.0495
831   2.3539   1.0495
832 31332.2781   1.0495
833   2.4337   1.0495
834   4.6527   1.0495
835  20.3292   1.0495
836 1634.4199   1.0495
837 934.4805   1.0495
838   2.4689   1.0495
839   2.5255   1.0495
840   3.5045   1.0495
841   2.5099   1.0495
842   9.9240   1.0495
843   2.5406   1.0495
844   3.2287   1.0495
845   3.9543   1.0495
846 628.7513   1.0495
847   1.7742   1.0495
848   2.6991   1.0495
849   3.0447   1.0495
850   3.6883   1.0495
851   2.2860   1.0495
852   2.2659   1.0495
853   2.3714   1.0495
854   1.5799   1.0495
855   1.8493   1.0495
856   2.4998   1.0495
857   2.4438   1.0495
858  38.9179   1.0495
859   2.4373   1.0495
860  25.8105   1.0495
861   2.3356   1.0495
862  25.8105   1.0495
863   2.4381   1.0495
864   5.2066   1.0495
865   2.5568   1.0495
866   2.4685   1.0495
867   6.3360   1.0495
868   2.5128   1.0495
869  30.4266   1.0495
870   2.4836   1.0495
871   1.6252   1.0495
872      Inf   1.0495
873   2.5142   1.0495
874   9.3668   1.0495
875   1.7596   1.0495
876   0.9380   0.9380
877   2.5065   0.9380
878   2.3568   0.9380
879   2.4423   0.9380
880  14.6598   0.9380
881  11.0581   0.9380
882   1.7596   0.9380
883  29.3532   0.9380
884   3.0978   0.9380
885   2.6119   0.9380
886  62.4306   0.9380
887   2.3380   0.9380
888   1.5002   0.9380
889  18.3433   0.9380
890 180.8458   0.9380
891  33.0925   0.9380
892   2.5224   0.9380
893   2.4485   0.9380
894   2.6553   0.9380
895   2.4999   0.9380
896 1068.7480   0.9380
897 789.8880   0.9380
898   3.6209   0.9380
899      NaN   0.9380
900   3.4516   0.9380
901   2.5035   0.9380
902  17.8031   0.9380
903  17.9328   0.9380
904   2.5039   0.9380
905   2.4968   0.9380
906   2.4616   0.9380
907   2.4604   0.9380
908   1.0496   0.9380
909   2.4769   0.9380
910 913.3062   0.9380
911   2.4982   0.9380
912   2.6396   0.9380
913   2.5429   0.9380
914  12.7682   0.9380
915   2.4967   0.9380
916   2.4950   0.9380
917   2.4217   0.9380
918   2.5250   0.9380
919   2.5078   0.9380
920   2.5268   0.9380
921   3.0649   0.9380
922   2.5369   0.9380
923   2.4603   0.9380
924   3.6471   0.9380
925   1.5531   0.9380
926   3.6083   0.9380
927   1.7596   0.9380
928   2.5706   0.9380
929  24.5691   0.9380
930   2.3850   0.9380
931  25.0205   0.9380
932   3.2661   0.9380
933   2.4549   0.9380
934   2.5138   0.9380
935  12.2022   0.9380
936   2.4612   0.9380
937   2.0581   0.9380
938 938.5505   0.9380
939   9.9870   0.9380
940 803.3163   0.9380
941   2.5887   0.9380
942  25.8105   0.9380
943   7.2362   0.9380
944   8.1798   0.9380
945   8.7367   0.9380
946  17.1585   0.9380
947  48.0887   0.9380
948   7.7474   0.9380
949   2.5949   0.9380
950   6.5945   0.9380
951   1.9508   0.9380
952  41.3030   0.9380
953   2.4576   0.9380
954   3.4454   0.9380
955 118.4523   0.9380
956   2.4340   0.9380
957   2.3840   0.9380
958 15877.6673   0.9380
959   3.0185   0.9380
960   1.7499   0.9380
961   6.3791   0.9380
962   2.3593   0.9380
963  22.1023   0.9380
964  11.4254   0.9380
965 2314.3178   0.9380
966   2.5322   0.9380
967   6.8206   0.9380
968   5.3177   0.9380
969   2.4751   0.9380
970   4.2520   0.9380
971   2.5040   0.9380
972  36.2553   0.9380
973   7.6807   0.9380
974   2.5408   0.9380
975   1.6960   0.9380
976   6.9845   0.9380
977   1.6503   0.9380
978   6.9022   0.9380
979   3.4458   0.9380
980 4241.6859   0.9380
981   7.9816   0.9380
982   2.4015   0.9380
983   2.5201   0.9380
984   2.2827   0.9380
985  15.3040   0.9380
986   2.4537   0.9380
987   2.4478   0.9380
988   5.6445   0.9380
989   2.4501   0.9380
990 417.6927   0.9380
991   2.4672   0.9380
992   5.6309   0.9380
993   2.1568   0.9380
994   2.5394   0.9380
995   7.0932   0.9380
996   1.9264   0.9380
997   2.0330   0.9380
998  12.8975   0.9380
999   7.9661   0.9380
1000   2.1558   0.9380
1001  83.1417   0.9380
1002  25.8105   0.9380
1003      Inf   0.9380
1004   2.0085   0.9380
1005   1.9820   0.9380
1006   2.6195   0.9380
1007   6.9329   0.9380
1008  56.8103   0.9380
1009 318.7966   0.9380
1010  13.9214   0.9380
1011 881.1541   0.9380
1012 1111.2074   0.9380
1013 2210.4709   0.9380
1014   1.9069   0.9380
1015  10.5429   0.9380
1016   8.8166   0.9380
1017   3.9069   0.9380
1018   2.4966   0.9380
1019   3.4238   0.9380
1020  24.9850   0.9380
1021   2.4709   0.9380
1022  18.2210   0.9380
1023   2.5122   0.9380
1024   2.5138   0.9380
1025   2.5910   0.9380
1026   2.4340   0.9380
1027   6.2085   0.9380
1028   2.4208   0.9380
1029   2.4007   0.9380
1030   2.3840   0.9380
1031   2.4951   0.9380
1032   2.5055   0.9380
1033   2.6106   0.9380
1034   2.3705   0.9380
1035 853.2618   0.9380
1036   2.4435   0.9380
1037  21.3133   0.9380
1038   8.3133   0.9380
1039   1.8569   0.9380
1040   1.4897   0.9380
1041   3.0056   0.9380
1042 423.9617   0.9380
1043   2.5488   0.9380
1044   2.4340   0.9380
1045   2.4340   0.9380
1046  10.9590   0.9380
1047   2.5144   0.9380
1048  29.1396   0.9380
1049  17.0126   0.9380
1050  15.5712   0.9380
1051   2.5244   0.9380
1052  25.8401   0.9380
1053   3.0056   0.9380
1054  20.3414   0.9380
1055   2.6959   0.9380
1056   2.5110   0.9380
1057 919.8700   0.9380
1058      Inf   0.9380
1059   2.5200   0.9380
1060 1005.9706   0.9380
1061 3871.7641   0.9380
1062   2.8795   0.9380
1063   7.5816   0.9380
1064   2.0586   0.9380
1065 2841.5388   0.9380
1066  11.6765   0.9380
1067   2.4948   0.9380
1068   2.3866   0.9380
1069 645.7951   0.9380
1070  15.4564   0.9380
1071 1069.3665   0.9380
1072 1221.0185   0.9380
1073   2.5380   0.9380
1074   2.5342   0.9380
1075   5.7992   0.9380
1076  11.5429   0.9380
1077   2.7618   0.9380
1078   2.1706   0.9380
1079   3.5753   0.9380
1080   2.6387   0.9380
1081   2.5922   0.9380
1082  25.8105   0.9380
1083  17.1451   0.9380
1084   2.5128   0.9380
1085   1.4274   0.9380
1086  25.6037   0.9380
1087   1.6774   0.9380
1088   2.5847   0.9380
1089   4.5126   0.9380
1090  10.1213   0.9380
1091   2.4672   0.9380
1092  12.1558   0.9380
1093  25.8105   0.9380
1094   3.9159   0.9380
1095   1.0496   0.9380
1096   2.4340   0.9380
1097   2.1186   0.9380
1098   2.5615   0.9380
1099   2.2911   0.9380
1100  10.6042   0.9380
1101  16.7319   0.9380
1102  32.9737   0.9380
1103   3.9090   0.9380
1104   3.3693   0.9380
1105   2.4999   0.9380
1106   2.5178   0.9380
1107   4.0617   0.9380
1108   2.2702   0.9380
1109 103.3287   0.9380
1110   3.2605   0.9380
1111   7.8005   0.9380
1112   2.4851   0.9380
1113   1.2574   0.9380
1114   2.3618   0.9380
1115   2.3068   0.9380
1116   2.4049   0.9380
1117   2.7898   0.9380
1118   2.5654   0.9380
1119   1.7596   0.9380
1120 600.7954   0.9380
1121   2.2812   0.9380
1122   2.3034   0.9380
1123 1036.4048   0.9380
1124   2.5133   0.9380
1125   2.6340   0.9380
1126   3.2775   0.9380
1127   1.8933   0.9380
1128   2.4913   0.9380
1129   2.4963   0.9380
1130 1632.6935   0.9380
1131   2.6502   0.9380
1132 885.1171   0.9380
1133   3.9137   0.9380
1134   2.5218   0.9380
1135   2.5156   0.9380
1136 3972.3831   0.9380
1137  22.5667   0.9380
1138   2.6417   0.9380
1139   2.4938   0.9380
1140 1372.6259   0.9380
1141 6727.4666   0.9380
1142   3.3828   0.9380
1143 194.0773   0.9380
1144   3.6513   0.9380
1145  12.0346   0.9380
1146   2.4340   0.9380
1147   1.4409   0.9380
1148   3.6116   0.9380
1149   2.4340   0.9380
1150   2.3269   0.9380
1151   3.7028   0.9380
1152   2.5062   0.9380
1153   2.4906   0.9380
1154   2.6004   0.9380
1155   2.5701   0.9380
1156   2.3577   0.9380
1157   3.3172   0.9380
1158   2.4688   0.9380
1159   2.6624   0.9380
1160   3.3672   0.9380
1161   3.5715   0.9380
1162   2.8066   0.9380
1163   2.3840   0.9380
1164   3.3381   0.9380
1165   1.8400   0.9380
1166   1.7788   0.9380
1167   2.3844   0.9380
1168   2.4734   0.9380
1169   2.5643   0.9380
1170 890.7181   0.9380
1171   1.9241   0.9380
1172   2.4439   0.9380
1173 909.3987   0.9380
1174   2.5602   0.9380
1175  10.5822   0.9380
1176   2.5270   0.9380
1177   2.6113   0.9380
1178   2.4340   0.9380
1179   6.2691   0.9380
1180   2.4147   0.9380
1181  13.8163   0.9380
1182   2.3311   0.9380
1183   8.5022   0.9380
1184   3.5900   0.9380
1185  10.5364   0.9380
1186   1.2426   0.9380
1187   2.4564   0.9380
1188   2.3827   0.9380
1189   2.4534   0.9380
1190   2.5235   0.9380
1191   7.0784   0.9380
1192   2.4642   0.9380
1193   4.2500   0.9380
1194 1058.3765   0.9380
1195   2.2861   0.9380
1196   2.5399   0.9380
1197   2.0268   0.9380
1198   2.5741   0.9380
1199   5.2551   0.9380
1200  11.3253   0.9380
1201   2.1760   0.9380
1202   2.4928   0.9380
1203  25.8105   0.9380
1204   3.3032   0.9380
1205  48.4741   0.9380
1206   2.1398   0.9380
1207  16.6884   0.9380
1208 885.8331   0.9380
1209 112.3293   0.9380
1210   5.5336   0.9380
1211   2.5187   0.9380
1212   2.3822   0.9380
1213   3.0345   0.9380
1214   4.9193   0.9380
1215   5.4886   0.9380
1216   8.8624   0.9380
1217   2.0927   0.9380
1218   1.7597   0.9380
1219   1.7994   0.9380
1220   2.3840   0.9380
1221 686.9583   0.9380
1222   1.7824   0.9380
1223   2.5045   0.9380
1224   3.3434   0.9380
1225 1608.0526   0.9380
1226   4.6909   0.9380
1227   2.3840   0.9380
1228      NaN   0.9380
1229   2.5352   0.9380
1230   4.3771   0.9380
1231 1664.2168   0.9380
1232  25.8105   0.9380
1233   2.4583   0.9380
1234   5.8766   0.9380
1235   2.4691   0.9380
1236   2.2808   0.9380
1237   2.5430   0.9380
1238   1.9141   0.9380
1239  55.8036   0.9380
1240 1683.4459   0.9380
1241   2.3068   0.9380
1242   2.4372   0.9380
1243   5.3488   0.9380
1244 4636.0359   0.9380
1245 1180.0534   0.9380
1246 4256.7268   0.9380
1247   1.2697   0.9380
1248   2.0780   0.9380
1249   2.4760   0.9380
1250   3.3629   0.9380
1251   2.3068   0.9380
1252 720.4872   0.9380
1253   3.4934   0.9380
1254  30.3385   0.9380
1255   9.7649   0.9380
1256   1.2652   0.9380
1257   2.4750   0.9380
1258   1.8434   0.9380
1259  12.4558   0.9380
1260   4.9865   0.9380
1261   2.4340   0.9380
1262   8.0669   0.9380
1263   2.4791   0.9380
1264   3.1617   0.9380
1265   3.0692   0.9380
1266   3.9236   0.9380
1267   2.3068   0.9380
1268   2.5677   0.9380
1269   8.8401   0.9380
1270   2.7103   0.9380
1271   2.5263   0.9380
1272   2.6814   0.9380
1273   1.7596   0.9380
1274   5.0784   0.9380
1275   4.8983   0.9380
1276   4.5002   0.9380
1277 867.6499   0.9380
1278  18.2879   0.9380
1279 7300.4641   0.9380
1280   2.4119   0.9380
1281   2.6115   0.9380
1282   2.4340   0.9380
1283   2.5515   0.9380
1284   6.8351   0.9380
1285   7.2246   0.9380
1286   2.4212   0.9380
1287  23.9485   0.9380
1288   2.1330   0.9380
1289   2.3792   0.9380
1290   2.1643   0.9380
1291  10.9239   0.9380
1292   3.4619   0.9380
1293   2.7273   0.9380
1294 3718.4612   0.9380
1295   5.3108   0.9380
1296  19.7779   0.9380
1297   1.8274   0.9380
1298 203.1151   0.9380
1299 1192.8709   0.9380
1300   3.5246   0.9380
1301   3.3590   0.9380
1302   3.7430   0.9380
1303 879.7974   0.9380
1304 2551.3150   0.9380
1305   2.5164   0.9380
1306   9.1906   0.9380
1307   2.5219   0.9380
1308   2.4868   0.9380
1309 1037.6284   0.9380
1310  20.6678   0.9380
1311 1682.8610   0.9380
1312  23.1490   0.9380
1313   4.5648   0.9380
1314   2.5502   0.9380
1315   9.5805   0.9380
1316   1.7599   0.9380
1317  24.8913   0.9380
1318   5.7859   0.9380
1319   5.8071   0.9380
1320   2.5262   0.9380
1321   6.9179   0.9380
1322 3380.2641   0.9380
1323   2.4655   0.9380
1324   4.8641   0.9380
1325   2.5223   0.9380
1326  38.8122   0.9380
1327   2.6730   0.9380
1328   2.4371   0.9380
1329 960.7753   0.9380
1330 1571.5908   0.9380
1331 160.5272   0.9380
1332   3.3310   0.9380
1333   2.3840   0.9380
1334   6.9022   0.9380
1335   3.3919   0.9380
1336   2.4972   0.9380
1337 1628.0309   0.9380
1338   2.5069   0.9380
1339  25.8105   0.9380
1340  20.0907   0.9380
1341   4.8914   0.9380
1342   2.4077   0.9380
1343   1.7562   0.9380
1344   2.5044   0.9380
1345   2.5795   0.9380
1346 4420.0609   0.9380
1347 13536.7641   0.9380
1348   2.4319   0.9380
1349   1.8235   0.9380
1350   2.9485   0.9380
1351   2.5733   0.9380
1352   2.4340   0.9380
1353   2.4984   0.9380
1354   2.3940   0.9380
1355  12.5883   0.9380
1356   2.4340   0.9380
1357   4.1287   0.9380
1358   2.5715   0.9380
1359   6.9422   0.9380
1360  41.1386   0.9380
1361   5.7127   0.9380
1362 6320.7591   0.9380
1363  48.0686   0.9380
1364   2.5874   0.9380
1365   3.7487   0.9380
1366   1.6469   0.9380
1367   2.5133   0.9380
1368   6.9022   0.9380
1369   2.4340   0.9380
1370   7.7108   0.9380
1371   2.5853   0.9380
1372   1.5004   0.9380
1373   6.5025   0.9380
1374   2.5455   0.9380
1375   2.8807   0.9380
1376   2.5243   0.9380
1377   2.3321   0.9380
1378   2.5041   0.9380
1379   1.8680   0.9380
1380  10.3440   0.9380
1381   2.5972   0.9380
1382 923.8072   0.9380
1383 1610.3920   0.9380
1384   1.8445   0.9380
1385   4.3700   0.9380
1386   2.4340   0.9380
1387   3.8833   0.9380
1388 15519.2029   0.9380
1389   5.2139   0.9380
1390   6.9022   0.9380
1391 866.2948   0.9380
1392  18.9532   0.9380
1393   2.9696   0.9380
1394   2.5250   0.9380
1395   4.0434   0.9380
1396  10.5050   0.9380
1397   2.3607   0.9380
1398   3.6401   0.9380
1399   6.9138   0.9380
1400  71.3236   0.9380
1401   3.7805   0.9380
1402   9.5719   0.9380
1403   2.5738   0.9380
1404   2.4329   0.9380
1405  10.2270   0.9380
1406   2.1657   0.9380
1407 1569.1375   0.9380
1408   1.3092   0.9380
1409   3.6367   0.9380
1410   1.4096   0.9380
1411   1.7596   0.9380
1412  15.9030   0.9380
1413   1.7945   0.9380
1414 1356.5865   0.9380
1415   7.2534   0.9380
1416   4.0405   0.9380
1417   1.8814   0.9380
1418 1433.9531   0.9380
1419   2.3352   0.9380
1420   2.5527   0.9380
1421   3.3673   0.9380
1422   2.4944   0.9380
1423   2.5590   0.9380
1424  12.1867   0.9380
1425 967.4057   0.9380
1426  36.5587   0.9380
1427   2.3840   0.9380
1428   6.2718   0.9380
1429   2.5306   0.9380
1430  29.7294   0.9380
1431   2.4451   0.9380
1432   2.2766   0.9380
1433   2.4425   0.9380
1434   2.5829   0.9380
1435   4.4764   0.9380
1436   2.4844   0.9380
1437 1151.8349   0.9380
1438  25.8105   0.9380
1439 637.3520   0.9380
1440   2.0368   0.9380
1441   2.2971   0.9380
1442   2.3524   0.9380
1443   2.4238   0.9380
1444   2.4869   0.9380
1445 880.3034   0.9380
1446 2921.6791   0.9380
1447   3.8386   0.9380
1448   4.0256   0.9380
1449   4.1442   0.9380
1450   1.4674   0.9380
1451   2.4372   0.9380
1452  67.9323   0.9380
1453   1.9818   0.9380
1454   2.4380   0.9380
1455 3353.1931   0.9380
1456   2.5104   0.9380
1457   1.7788   0.9380
1458  11.2992   0.9380
1459   1.9560   0.9380
1460   2.5334   0.9380
1461   4.0625   0.9380
1462   2.3116   0.9380
1463   2.6156   0.9380
1464   4.1000   0.9380
1465   2.4340   0.9380
1466   1.3459   0.9380
1467   6.9022   0.9380
1468   1.7596   0.9380
1469 38133.0589   0.9380
1470  42.3245   0.9380
1471   2.4187   0.9380
1472   2.9423   0.9380
1473   1.9590   0.9380
1474  11.2485   0.9380
1475   9.1469   0.9380
1476   9.5343   0.9380
1477   2.4336   0.9380
1478  13.8782   0.9380
1479   3.9046   0.9380
1480  13.6975   0.9380
1481   2.4659   0.9380
1482   2.4944   0.9380
1483   3.1586   0.9380
1484  15.8075   0.9380
1485   1.3479   0.9380
1486   2.3906   0.9380
1487   1.7596   0.9380
1488   2.5388   0.9380
1489   7.1413   0.9380
1490   2.1113   0.9380
1491   6.7623   0.9380
1492  30.5173   0.9380
1493   2.4654   0.9380
1494   3.5015   0.9380
1495   2.5667   0.9380
1496   2.5258   0.9380
1497   6.3193   0.9380
1498  24.6990   0.9380
1499  11.4479   0.9380
1500  16.8929   0.9380
1501   3.0967   0.9380
1502   2.5238   0.9380
1503   2.5020   0.9380
1504   4.7111   0.9380
1505 13570.4252   0.9380
1506   1.7596   0.9380
1507   2.3306   0.9380
1508   6.4341   0.9380
1509  22.9614   0.9380
1510   8.3407   0.9380
1511  13.0608   0.9380
1512   2.4655   0.9380
1513   2.3844   0.9380
1514   2.4340   0.9380
1515 1634.5319   0.9380
1516   8.2912   0.9380
1517   6.9845   0.9380
1518   2.4967   0.9380
1519 898.7368   0.9380
1520   7.4341   0.9380
1521   2.4320   0.9380
1522 24913.3575   0.9380
1523   2.3596   0.9380
1524   2.4549   0.9380
1525   1.7596   0.9380
1526  11.5063   0.9380
1527 1606.7608   0.9380
1528   1.8017   0.9380
1529   5.2954   0.9380
1530   2.4791   0.9380
1531   7.5162   0.9380
1532   8.4180   0.9380
1533 351.5882   0.9380
1534   2.3800   0.9380
1535   1.6946   0.9380
1536      Inf   0.9380
1537   2.8388   0.9380
1538  14.4155   0.9380
1539   2.5250   0.9380
1540   2.3826   0.9380
1541  46.1049   0.9380
1542   1.3126   0.9380
1543   2.4858   0.9380
1544   1.7596   0.9380
1545   2.6871   0.9380
1546  69.0960   0.9380
1547  14.0496   0.9380
1548   8.7483   0.9380
1549   1.8553   0.9380
1550   1.7596   0.9380
1551 27401.6430   0.9380
1552 237.0356   0.9380
1553   6.7263   0.9380
1554   2.6259   0.9380
1555   1.7596   0.9380
1556   2.4340   0.9380
1557   2.6789   0.9380
1558 4915.2141   0.9380
1559   2.3823   0.9380
1560  92.4407   0.9380
1561  41.0102   0.9380
1562   1.7596   0.9380
1563   2.0919   0.9380
1564  38.4678   0.9380
1565   2.4465   0.9380
1566 5623.0859   0.9380
1567   1.7596   0.9380
1568   2.5066   0.9380
1569   9.0523   0.9380
1570   1.7420   0.9380
1571   2.4214   0.9380
1572   2.4354   0.9380
1573  80.7111   0.9380
1574   3.1439   0.9380
1575  78.3135   0.9380
1576   1.7668   0.9380
1577  61.9515   0.9380
1578   3.7649   0.9380
1579  81.7006   0.9380
1580  10.7395   0.9380
1581   2.5207   0.9380
1582   2.4220   0.9380
1583   6.8914   0.9380
1584   2.2191   0.9380
1585   2.4946   0.9380
1586   2.4076   0.9380
1587 937.9183   0.9380
1588   2.4549   0.9380
1589   8.0947   0.9380
1590  22.1618   0.9380
1591   2.7741   0.9380
1592   2.7343   0.9380
1593   8.2388   0.9380
1594   2.6463   0.9380
1595   6.3756   0.9380
1596   2.3695   0.9380
1597   2.2616   0.9380
1598 1473.2337   0.9380
1599   2.3068   0.9380
1600  73.5093   0.9380
1601   2.5730   0.9380
1602   3.1226   0.9380
1603   8.0061   0.9380
1604   2.5206   0.9380
1605   2.5254   0.9380
1606 130.9623   0.9380
1607   2.3847   0.9380
1608   1.8077   0.9380
1609   2.1112   0.9380
1610  20.6378   0.9380
1611 1682.8086   0.9380
1612  15.2125   0.9380
1613   2.4652   0.9380
1614   7.0811   0.9380
1615   2.8015   0.9380
1616   2.4340   0.9380
1617   2.3840   0.9380
1618   8.0373   0.9380
1619 1261.4726   0.9380
1620   2.4988   0.9380
1621   1.0733   0.9380
1622   3.4231   0.9380
1623   2.7180   0.9380
1624   2.0987   0.9380
1625  21.1165   0.9380
1626   2.5658   0.9380
1627   2.4870   0.9380
1628   2.9027   0.9380
1629  32.4171   0.9380
1630 1022.3488   0.9380
1631   2.4620   0.9380
1632   2.5250   0.9380
1633   5.7745   0.9380
1634   2.5329   0.9380
1635   2.4952   0.9380
1636   2.5455   0.9380
1637   1.9623   0.9380
1638   2.4644   0.9380
1639   2.3840   0.9380
1640   3.0617   0.9380
1641   2.7830   0.9380
1642   1.7647   0.9380
1643   4.3473   0.9380
1644   2.5979   0.9380
1645 1264.7509   0.9380
1646   2.4269   0.9380
1647 2649.2242   0.9380
1648   5.7331   0.9380
1649   6.7320   0.9380
1650 1729.5992   0.9380
1651   4.0519   0.9380
1652   2.1253   0.9380
1653  25.8105   0.9380
1654   1.8401   0.9380
1655 22569.0498   0.9380
1656   2.6615   0.9380
1657 1351.5580   0.9380
1658  25.8105   0.9380
1659 3318.8109   0.9380
1660   6.1316   0.9380
1661   1.7596   0.9380
1662 7472.1459   0.9380
1663 13980.1931   0.9380
1664   2.2629   0.9380
1665 386.8506   0.9380
1666   2.4292   0.9380
1667   2.5276   0.9380
1668   2.4215   0.9380
1669   2.4340   0.9380
1670   2.5174   0.9380
1671   2.4832   0.9380
1672   3.6811   0.9380
1673   7.6007   0.9380
1674   2.4751   0.9380
1675  15.4063   0.9380
1676   1.0824   0.9380
1677   7.5202   0.9380
1678  25.8105   0.9380
1679 556.9522   0.9380
1680   7.2602   0.9380
1681  19.3320   0.9380
1682   4.7116   0.9380
1683   2.6449   0.9380
1684   1.8456   0.9380
1685   2.5248   0.9380
1686   2.4908   0.9380
1687   2.3912   0.9380
1688   1.8520   0.9380
1689  84.6404   0.9380
1690   4.4086   0.9380
1691  18.5889   0.9380
1692   2.4536   0.9380
1693  18.3463   0.9380
1694   2.5148   0.9380
1695   2.4399   0.9380
1696   2.4771   0.9380
1697  15.7221   0.9380
1698   2.5190   0.9380
1699 160.4529   0.9380
1700   2.0019   0.9380
1701   1.9013   0.9380
1702 170.0425   0.9380
1703   2.5050   0.9380
1704   6.9042   0.9380
1705  20.1444   0.9380
1706 162.2502   0.9380
1707   2.3851   0.9380
1708   7.0436   0.9380
1709   2.5222   0.9380
1710   3.4586   0.9380
1711 13770.0259   0.9380
1712   2.4644   0.9380
1713   3.4532   0.9380
1714 1294.5354   0.9380
1715   3.8397   0.9380
1716   6.9665   0.9380
1717   7.9436   0.9380
1718   2.3271   0.9380
1719   5.8232   0.9380
1720   6.9022   0.9380
1721   2.3073   0.9380
1722  45.8897   0.9380
1723   1.5830   0.9380
1724 253.4469   0.9380
1725   6.9022   0.9380
1726  25.8105   0.9380
1727  26.0005   0.9380
1728   2.3929   0.9380
1729   2.8758   0.9380
1730   2.4914   0.9380
1731   2.4121   0.9380
1732   2.4575   0.9380
1733   2.8482   0.9380
1734 900.1500   0.9380
1735   9.5552   0.9380
1736   4.2367   0.9380
1737  25.4396   0.9380
1738   2.5012   0.9380
1739   8.7975   0.9380
1740   2.4500   0.9380
1741   4.5854   0.9380
1742 127.6910   0.9380
1743   2.2573   0.9380
1744   2.2690   0.9380
1745   1.3923   0.9380
1746   2.0581   0.9380
1747      NaN   0.9380
1748   2.5131   0.9380
1749  20.9718   0.9380
1750   2.4302   0.9380
1751 5086.8847   0.9380
1752   2.4873   0.9380
1753   1.9660   0.9380
1754   2.8376   0.9380
1755   6.8736   0.9380
1756   2.4854   0.9380
1757   4.4826   0.9380
1758   2.9791   0.9380
1759   2.6423   0.9380
1760   1.7596   0.9380
1761   1.9580   0.9380
1762   2.5298   0.9380
1763  31.4990   0.9380
1764   7.3681   0.9380
1765 1291.9953   0.9380
1766   2.5233   0.9380
1767   2.4818   0.9380
1768 1134.9022   0.9380
1769   2.0595   0.9380
1770   2.4602   0.9380
1771 4648.2141   0.9380
1772   2.5901   0.9380
1773   3.1979   0.9380
1774  32.6347   0.9380
1775   2.2040   0.9380
1776   2.5081   0.9380
1777   3.2475   0.9380
1778   9.3754   0.9380
1779 1236.2630   0.9380
1780  41.7769   0.9380
1781   7.2548   0.9380
1782   2.5731   0.9380
1783   2.5945   0.9380
1784   7.1267   0.9380
1785  10.2132   0.9380
1786   2.1439   0.9380
1787   4.6572   0.9380
1788   2.5044   0.9380
1789   2.5198   0.9380
1790 1539.2967   0.9380
1791      Inf   0.9380
1792   1.7596   0.9380
1793   2.3840   0.9380
1794   2.4354   0.9380
1795 979.7161   0.9380
1796   4.7679   0.9380
1797   7.8411   0.9380
1798   2.4621   0.9380
1799   2.6173   0.9380
1800  10.7399   0.9380
1801   2.3813   0.9380
1802   3.1237   0.9380
1803   2.6739   0.9380
1804  13.2565   0.9380
1805   9.3062   0.9380
1806 632.2695   0.9380
1807  17.7822   0.9380
1808   2.5250   0.9380
1809   3.5253   0.9380
1810  16.9657   0.9380
1811   2.5250   0.9380
1812   2.3840   0.9380
1813   1.7596   0.9380
1814  13.3119   0.9380
1815   2.4669   0.9380
1816   2.3351   0.9380
1817   2.5534   0.9380
1818   1.7596   0.9380
1819   2.8665   0.9380
1820   2.5979   0.9380
1821   2.5051   0.9380
1822   2.3998   0.9380
1823   2.4340   0.9380
1824   1.7596   0.9380
1825   2.2672   0.9380
1826   2.5250   0.9380
1827 1140.2703   0.9380
1828   2.3625   0.9380
1829  14.7445   0.9380
1830   3.3163   0.9380
1831   1.7596   0.9380
1832   2.5250   0.9380
1833   6.9329   0.9380
1834   9.9628   0.9380
1835   4.3302   0.9380
1836 1262.1416   0.9380
1837   2.4747   0.9380
1838   4.5929   0.9380
1839   2.5376   0.9380
1840  11.8751   0.9380
1841   1.1447   0.9380
1842   5.9987   0.9380
1843  28.5676   0.9380
1844  25.7713   0.9380
1845   2.5135   0.9380
1846   4.7041   0.9380
1847  26.5842   0.9380
1848   7.9549   0.9380
1849   2.6188   0.9380
1850   2.5115   0.9380
1851   2.7214   0.9380
1852   2.5344   0.9380
1853   2.4860   0.9380
1854 122.3553   0.9380
1855   2.5110   0.9380
1856   1.9083   0.9380
1857   1.7596   0.9380
1858 6313.9859   0.9380
1859   2.4340   0.9380
1860   2.1078   0.9380
1861   2.5057   0.9380
1862 1310.7021   0.9380
1863   2.4793   0.9380
1864   3.4193   0.9380
1865   8.1160   0.9380
1866   7.3185   0.9380
1867  27.9093   0.9380
1868   6.3757   0.9380
1869   5.1986   0.9380
1870   6.5660   0.9380
1871   7.8295   0.9380
1872   2.8011   0.9380
1873   2.4858   0.9380
1874   6.6205   0.9380
1875   5.1988   0.9380
1876   3.9106   0.9380
1877 633.6525   0.9380
1878   5.5297   0.9380
1879   2.7939   0.9380
1880  12.5446   0.9380
1881   3.1200   0.9380
1882   3.8470   0.9380
1883 1239.8830   0.9380
1884   8.8843   0.9380
1885  26.1881   0.9380
1886   2.6799   0.9380
1887   1.8512   0.9380
1888   3.1047   0.9380
1889   2.4876   0.9380
1890   2.4251   0.9380
1891   2.3708   0.9380
1892   2.3542   0.9380
1893   7.4419   0.9380
1894   1.8092   0.9380
1895 1407.5072   0.9380
1896  11.5549   0.9380
1897   5.5659   0.9380
1898   2.8719   0.9380
1899   2.4537   0.9380
1900   2.5083   0.9380
1901   3.4009   0.9380
1902   2.3268   0.9380
1903   1.5814   0.9380
1904   6.9260   0.9380
1905   2.5441   0.9380
1906  48.3521   0.9380
1907   7.0140   0.9380
1908   7.2895   0.9380
1909 1736.1689   0.9380
1910   2.2890   0.9380
1911   1.8084   0.9380
1912  25.8105   0.9380
1913   2.3840   0.9380
1914   7.8325   0.9380
1915   7.0033   0.9380
1916   1.9241   0.9380
1917 9748.9654   0.9380
1918   2.3068   0.9380
1919   2.4860   0.9380
1920   5.9699   0.9380
1921   2.5265   0.9380
1922   2.5467   0.9380
1923   2.5626   0.9380
1924 2258.1591   0.9380
1925 6180.4641   0.9380
1926   3.3729   0.9380
1927   2.4775   0.9380
1928   2.0939   0.9380
1929  17.3577   0.9380
1930 2127.2141   0.9380
1931   2.4921   0.9380
1932   2.0023   0.9380
1933   2.3840   0.9380
1934   2.4993   0.9380
1935  11.1057   0.9380
1936 1254.5924   0.9380
1937   2.5475   0.9380
1938   2.3840   0.9380
1939   3.1623   0.9380
1940   2.4483   0.9380
1941 1657.3017   0.9380
1942 1125.8600   0.9380
1943 36918.7633   0.9380
1944   2.4847   0.9380
1945   2.5744   0.9380
1946   1.7643   0.9380
1947 3885.5141   0.9380
1948   2.6720   0.9380
1949   2.5410   0.9380
1950 792.8719   0.9380
1951 1049.9667   0.9380
1952   2.5631   0.9380
1953   2.4591   0.9380
1954   2.3276   0.9380
1955  27.6196   0.9380
1956   2.4281   0.9380
1957   5.3154   0.9380
1958   2.4736   0.9380
1959   2.5569   0.9380
1960   2.4340   0.9380
1961  10.2359   0.9380
1962   2.5490   0.9380
1963   2.4872   0.9380
1964   4.0504   0.9380
1965   2.5389   0.9380
1966   2.4914   0.9380
1967   2.3705   0.9380
1968   2.5778   0.9380
1969   2.5092   0.9380
1970  11.1105   0.9380
1971  44.5798   0.9380
1972   2.1382   0.9380
1973  13.7352   0.9380
1974   3.8176   0.9380
1975  12.7306   0.9380
1976   2.5893   0.9380
1977   1.7596   0.9380
1978   3.7106   0.9380
1979  46.7445   0.9380
1980   2.0967   0.9380
1981   2.6063   0.9380
1982   2.3920   0.9380
1983   7.3294   0.9380
1984   2.7820   0.9380
1985 1319.1899   0.9380
1986   2.3942   0.9380
1987   5.1944   0.9380
1988  29.2008   0.9380
1989   2.5090   0.9380
1990   3.4318   0.9380
1991   3.2749   0.9380
1992   2.5040   0.9380
1993 5734.2517   0.9380
1994 1043.7945   0.9380
1995  15.7474   0.9380
1996   2.4663   0.9380
1997  10.2293   0.9380
1998   2.3327   0.9380
1999   3.7007   0.9380
2000   7.7281   0.9380
2001   2.5366   0.9380
2002   2.3840   0.9380
2003   4.5479   0.9380
2004   2.5781   0.9380
2005   2.1199   0.9380
2006  43.8309   0.9380
2007   5.7683   0.9380
2008 1523.6445   0.9380
2009  17.7783   0.9380
2010  63.6714   0.9380
2011   2.5382   0.9380
2012   6.0282   0.9380
2013 1862.5605   0.9380
2014   2.5624   0.9380
2015   2.5127   0.9380
2016   2.5753   0.9380
2017   2.6499   0.9380
2018 1020.8159   0.9380
2019   2.4520   0.9380
2020   2.6453   0.9380
2021  74.8624   0.9380
2022   2.4876   0.9380
2023   2.5025   0.9380
2024  16.8317   0.9380
2025   4.9226   0.9380
2026  74.8692   0.9380
2027   2.2945   0.9380
2028   9.0212   0.9380
2029   2.5300   0.9380
2030 356.6782   0.9380
2031 801.1858   0.9380
2032 642.0693   0.9380
2033   2.6396   0.9380
2034   2.5629   0.9380
2035   2.7696   0.9380
2036   9.6402   0.9380
2037   1.7599   0.9380
2038   2.4853   0.9380
2039  17.3312   0.9380
2040  23.9527   0.9380
2041   6.4949   0.9380
2042   2.3840   0.9380
2043  25.8105   0.9380
2044   2.4812   0.9380
2045   2.4705   0.9380
2046   8.8004   0.9380
2047   2.5250   0.9380
2048   4.3450   0.9380
2049 20288.5291   0.9380
2050   2.4481   0.9380
2051   1.7596   0.9380
2052   2.4724   0.9380
2053   5.9465   0.9380
2054   2.5250   0.9380
2055 4769.5359   0.9380
2056   2.3236   0.9380
2057   2.5250   0.9380
2058 7223.0754   0.9380
2059 1587.2263   0.9380
2060   2.8924   0.9380
2061  12.6840   0.9380
2062   7.7585   0.9380
2063   3.6080   0.9380
2064   2.0941   0.9380
2065   1.7596   0.9380
2066  27.7979   0.9380
2067   2.5013   0.9380
2068   2.5706   0.9380
2069  12.5576   0.9380
2070  29.7428   0.9380
2071   4.4881   0.9380
2072   3.2500   0.9380
2073   8.8535   0.9380
2074   2.5089   0.9380
2075   2.6721   0.9380
2076   1.5996   0.9380
2077   1.3455   0.9380
2078   6.8249   0.9380
2079   4.0810   0.9380
2080 967.8198   0.9380
2081   2.9371   0.9380
2082   8.0268   0.9380
2083   6.8494   0.9380
2084  25.8105   0.9380
2085   7.0002   0.9380
2086   2.5327   0.9380
2087  32.4291   0.9380
2088   3.9275   0.9380
2089   1.7596   0.9380
2090  20.5062   0.9380
2091 718.3214   0.9380
2092   3.1644   0.9380
2093  32.8842   0.9380
2094   1.6993   0.9380
2095  28.7731   0.9380
2096   1.7758   0.9380
2097   2.4340   0.9380
2098   2.0350   0.9380
2099 1447.0541   0.9380
2100   1.7817   0.9380
2101   7.4379   0.9380
2102  82.1208   0.9380
2103   2.5749   0.9380
2104   2.4487   0.9380
2105   2.5282   0.9380
2106   2.3221   0.9380
2107   2.4859   0.9380
2108   2.4086   0.9380
2109  25.8105   0.9380
2110   9.5893   0.9380
2111   3.4353   0.9380
2112   6.9402   0.9380
2113   3.0860   0.9380
2114 2511.5359   0.9380
2115   1.9916   0.9380
2116   2.4031   0.9380
2117   4.2049   0.9380
2118   4.8234   0.9380
2119   1.7689   0.9380
2120   3.9594   0.9380
2121   5.2750   0.9380
2122   2.4367   0.9380
2123   3.6431   0.9380
2124  26.5254   0.9380
2125   1.6688   0.9380
2126   2.5241   0.9380
2127   7.3373   0.9380
2128   2.5250   0.9380
2129   2.6296   0.9380
2130   2.1804   0.9380
2131   2.6118   0.9380
2132  11.5063   0.9380
2133   2.4340   0.9380
2134   2.5091   0.9380
2135   2.4875   0.9380
2136   2.5422   0.9380
2137   8.8441   0.9380
2138  23.6399   0.9380
2139   2.3592   0.9380
2140   6.5651   0.9380
2141   2.3514   0.9380
2142   2.3840   0.9380
2143   2.5649   0.9380
2144   2.4802   0.9380
2145   6.9060   0.9380
2146  39.7130   0.9380
2147   1.5936   0.9380
2148   3.0516   0.9380
2149   2.3496   0.9380
2150   3.7000   0.9380
2151   2.4545   0.9380
2152   1.9294   0.9380
2153   3.8371   0.9380
2154   3.6008   0.9380
2155   4.0537   0.9380
2156   2.4881   0.9380
2157   2.4340   0.9380
2158  13.9172   0.9380
2159   1.2605   0.9380
2160  13.4803   0.9380
2161   2.4571   0.9380
2162  42.1008   0.9380
2163   1.8746   0.9380
2164 9830.9787   0.9380
2165   2.4799   0.9380
2166   2.5041   0.9380
2167   1.5167   0.9380
2168   2.4661   0.9380
2169   8.2566   0.9380
2170  19.3290   0.9380
2171 922.3689   0.9380
2172  25.8105   0.9380
2173   2.7057   0.9380
2174   2.4512   0.9380
2175   6.9845   0.9380
2176   2.8473   0.9380
2177   2.4967   0.9380
2178  41.2469   0.9380
2179   6.9449   0.9380
2180 128.3541   0.9380
2181   3.4340   0.9380
2182   5.2690   0.9380
2183   6.4407   0.9380
2184   8.3786   0.9380
2185   1.0571   0.9380
2186   2.3840   0.9380
2187   2.4765   0.9380
2188   2.5436   0.9380
2189   1.8635   0.9380
2190   2.3840   0.9380
2191   2.3684   0.9380
2192   1.8929   0.9380
2193  15.3517   0.9380
2194   2.4477   0.9380
2195   5.8993   0.9380
2196   6.0767   0.9380
2197   2.6500   0.9380
2198   2.5370   0.9380
2199   6.5899   0.9380
2200   2.4098   0.9380
2201  25.8105   0.9380
2202   2.3158   0.9380
2203  41.2721   0.9380
2204   4.6512   0.9380
2205   3.2844   0.9380
2206 1893.3859   0.9380
2207  18.9583   0.9380
2208   2.4340   0.9380
2209   2.5160   0.9380
2210 1966.4192   0.9380
2211   3.3783   0.9380
2212   2.3511   0.9380
2213   1.8904   0.9380
2214  56.9081   0.9380
2215   1.5653   0.9380
2216   2.4867   0.9380
2217   3.1675   0.9380
2218   1.6544   0.9380
2219   2.6323   0.9380
2220   1.5453   0.9380
2221   6.5888   0.9380
2222   2.4205   0.9380
2223   2.3826   0.9380
2224   3.6822   0.9380
2225  37.6716   0.9380
2226 1810.3529   0.9380
2227   2.3417   0.9380
2228 231.6361   0.9380
2229  10.5128   0.9380
2230   5.7477   0.9380
2231   3.9585   0.9380
2232  26.7318   0.9380
2233   2.4734   0.9380
2234  25.8990   0.9380
2235   7.5718   0.9380
2236   2.3153   0.9380
2237   2.6536   0.9380
2238   2.4741   0.9380
2239   2.3723   0.9380
2240   5.3687   0.9380
2241 2938.1859   0.9380
2242 6982.1641   0.9380
2243   2.5276   0.9380
2244   2.4340   0.9380
2245   2.4514   0.9380
2246   7.8472   0.9380
2247   2.4843   0.9380
2248   2.4920   0.9380
2249  20.4321   0.9380
2250   2.5629   0.9380
2251   2.3906   0.9380
2252   3.3999   0.9380
2253   2.5046   0.9380
2254 1003.9877   0.9380
2255  12.1387   0.9380
2256 899.7318   0.9380
2257   2.5301   0.9380
2258 3832.5359   0.9380
2259   3.0704   0.9380
2260   3.9102   0.9380
2261   4.1588   0.9380
2262   2.4674   0.9380
2263   9.8335   0.9380
2264   1.9758   0.9380
2265   2.1508   0.9380
2266  40.2013   0.9380
2267  30.8551   0.9380
2268  35.5945   0.9380
2269  11.2150   0.9380
2270   2.4340   0.9380
2271   2.4899   0.9380
2272   2.4850   0.9380
2273   2.2103   0.9380
2274   2.5323   0.9380
2275   8.7351   0.9380
2276   2.5108   0.9380
2277 793.9488   0.9380
2278   2.4813   0.9380
2279   1.9862   0.9380
2280 130.1768   0.9380
2281   2.6283   0.9380
2282   2.5029   0.9380
2283   2.4920   0.9380
2284   2.6832   0.9380
2285   2.3559   0.9380
2286   1.3034   0.9380
2287   2.4619   0.9380
2288   2.3851   0.9380
2289   1.8181   0.9380
2290   2.4646   0.9380
2291   4.2809   0.9380
2292 118.8180   0.9380
2293   4.8587   0.9380
2294   2.4785   0.9380
2295   2.3735   0.9380
2296   2.4416   0.9380
2297   2.4905   0.9380
2298   2.3840   0.9380
2299   2.5092   0.9380
2300  29.0148   0.9380
2301  11.9997   0.9380
2302   1.9175   0.9380
2303   2.7981   0.9380
2304   2.5093   0.9380
2305   2.3326   0.9380
2306  10.5026   0.9380
2307  25.8105   0.9380
2308   2.3416   0.9380
2309   2.5250   0.9380
2310   3.5533   0.9380
2311   2.5072   0.9380
2312 1333.8977   0.9380
2313   2.3189   0.9380
2314   2.5069   0.9380
2315   2.5052   0.9380
2316   2.4160   0.9380
2317   2.4149   0.9380
2318   2.5900   0.9380
2319 152.1583   0.9380
2320   5.9873   0.9380
2321 7167.2017   0.9380
2322   4.8009   0.9380
2323 1683.1324   0.9380
2324   7.1503   0.9380
2325   3.9473   0.9380
2326   2.8250   0.9380
2327   2.5244   0.9380
2328  24.7196   0.9380
2329   2.3988   0.9380
2330   2.4408   0.9380
2331   1.7689   0.9380
2332   2.5037   0.9380
2333   2.4804   0.9380
2334   2.4748   0.9380
2335 1648.1703   0.9380
2336 8330.4141   0.9380
2337   2.0792   0.9380
2338   2.4317   0.9380
2339   2.4340   0.9380
2340   3.9549   0.9380
2341 117.5513   0.9380
2342   2.4268   0.9380
2343   1.9783   0.9380
2344   2.5609   0.9380
2345   8.8132   0.9380
2346   2.4385   0.9380
2347   2.4007   0.9380
2348   1.8281   0.9380
2349   5.2870   0.9380
2350  27.3712   0.9380
2351   5.8519   0.9380
2352   2.4800   0.9380
2353   6.7326   0.9380
2354   1.9466   0.9380
2355   5.2738   0.9380
2356 3964.8536   0.9380
2357 1106.3281   0.9380
2358 1097.1280   0.9380
2359   6.5173   0.9380
2360   7.3864   0.9380
2361   6.6759   0.9380
2362   2.3637   0.9380
2363   3.6497   0.9380
2364  37.4213   0.9380
2365 5172.8359   0.9380
2366   2.8959   0.9380
2367  24.5770   0.9380
2368  17.7279   0.9380
2369   7.5673   0.9380
2370 1111.2440   0.9380
2371  10.3717   0.9380
2372  19.1765   0.9380
2373  17.6339   0.9380
2374   2.9047   0.9380
2375   2.5257   0.9380
2376   2.4357   0.9380
2377  23.1568   0.9380
2378   5.3013   0.9380
2379   6.9496   0.9380
2380  24.1620   0.9380
2381   2.4797   0.9380
2382  31.6749   0.9380
2383 292.3769   0.9380
2384  53.8935   0.9380
2385   3.2555   0.9380
2386   1.7596   0.9380
2387  25.8105   0.9380
2388   7.5416   0.9380
2389   3.2500   0.9380
2390   1.2654   0.9380
2391   2.5170   0.9380
2392   2.4873   0.9380
2393   2.5713   0.9380
2394   2.8782   0.9380
2395   5.6166   0.9380
2396   1.4612   0.9380
2397   6.8326   0.9380
2398 1804.5359   0.9380
2399 1683.5843   0.9380
2400   2.4340   0.9380
2401   2.4340   0.9380
2402   1.7596   0.9380
2403  21.8474   0.9380
2404   2.7095   0.9380
2405   6.9022   0.9380
2406   2.4559   0.9380
2407   2.4919   0.9380
2408   2.4473   0.9380
2409   1.9687   0.9380
2410   5.3835   0.9380
2411   2.5037   0.9380
2412   2.5113   0.9380
2413   7.1060   0.9380
2414   2.4630   0.9380
2415   2.4498   0.9380
2416   2.8089   0.9380
2417   2.4049   0.9380
2418   1.7597   0.9380
2419  25.8105   0.9380
2420   2.4663   0.9380
2421   2.6763   0.9380
2422   5.7340   0.9380
2423   2.4356   0.9380
2424   2.5678   0.9380
2425 758.2099   0.9380
2426   3.3708   0.9380
2427  17.5918   0.9380
2428   3.4855   0.9380
2429   5.8752   0.9380
2430   2.6768   0.9380
2431   3.0745   0.9380
2432   2.4539   0.9380
2433   9.8313   0.9380
2434  22.4152   0.9380
2435   7.2914   0.9380
2436   2.2135   0.9380
2437   2.5803   0.9380
2438   2.5203   0.9380
2439   5.1420   0.9380
2440   2.4271   0.9380
2441   1.7596   0.9380
2442   2.0373   0.9380
2443   5.5904   0.9380
2444   2.4998   0.9380
2445   2.2877   0.9380
2446   3.0022   0.9380
2447   7.0371   0.9380
2448 5148.2832   0.9380
2449  29.4938   0.9380
2450   9.7675   0.9380
2451   3.0165   0.9380
2452   4.6947   0.9380
2453   7.4496   0.9380
2454   2.5172   0.9380
2455 167.8973   0.9380
2456   3.3989   0.9380
2457   2.3977   0.9380
2458 1199.3741   0.9380
2459   2.5153   0.9380
2460  37.6343   0.9380
2461   5.4107   0.9380
2462   2.5239   0.9380
2463   2.4820   0.9380
2464   5.8935   0.9380
2465   2.8928   0.9380
2466   2.7895   0.9380
2467   2.6451   0.9380
2468   2.0344   0.9380
2469   5.7045   0.9380
2470   3.0032   0.9380
2471   2.0033   0.9380
2472 493.8045   0.9380
2473 312.1848   0.9380
2474   2.5943   0.9380
2475   3.6294   0.9380
2476   2.3464   0.9380
2477 1334.1564   0.9380
2478   2.5150   0.9380
2479   2.5250   0.9380
2480   4.8703   0.9380
2481  25.8934   0.9380
2482   7.9003   0.9380
2483   6.2812   0.9380
2484  26.4297   0.9380
2485   9.4276   0.9380
2486   2.5728   0.9380
2487   6.8746   0.9380
2488   2.5250   0.9380
2489 1470.4597   0.9380
2490   2.3379   0.9380
2491   1.5477   0.9380
2492   2.4083   0.9380
2493   6.9787   0.9380
2494   8.7563   0.9380
2495  10.3926   0.9380
2496   1.7369   0.9380
2497   4.8524   0.9380
2498  26.5894   0.9380
2499   1.8410   0.9380
2500   2.3738   0.9380
2501   7.1878   0.9380
2502   2.5746   0.9380
2503   2.4747   0.9380
2504   7.7737   0.9380
2505   2.4340   0.9380
2506 106.7904   0.9380
2507   2.4443   0.9380
2508   3.6190   0.9380
2509   1.5097   0.9380
2510   6.5769   0.9380
2511   2.5016   0.9380
2512   1.9312   0.9380
2513   7.2808   0.9380
2514 1551.8934   0.9380
2515   2.5486   0.9380
2516   2.5182   0.9380
2517   7.3411   0.9380
2518 2607.5184   0.9380
2519  39.9326   0.9380
2520   4.4389   0.9380
2521   2.4342   0.9380
2522  11.8096   0.9380
2523   1.7644   0.9380
2524  56.1797   0.9380
2525   2.3068   0.9380
2526  61.8949   0.9380
2527   2.4859   0.9380
2528   1.8554   0.9380
2529   1.3264   0.9380
2530   6.8212   0.9380
2531   3.6001   0.9380
2532   3.8815   0.9380
2533   2.3457   0.9380
2534   2.4888   0.9380
2535   4.7090   0.9380
2536   2.6199   0.9380
2537  14.1865   0.9380
2538  18.9288   0.9380
2539   7.3775   0.9380
2540   3.4976   0.9380
2541   3.8444   0.9380
2542  11.6195   0.9380
2543   2.4885   0.9380
2544  34.9393   0.9380
2545   1.9451   0.9380
2546   2.6685   0.9380
2547   2.4982   0.9380
2548   7.5561   0.9380
2549   2.4465   0.9380
2550   3.0822   0.9380
2551 1731.9517   0.9380
2552 1260.0878   0.9380
2553   1.4777   0.9380
2554   2.5250   0.9380
2555  50.0981   0.9380
2556 464.5996   0.9380
2557  72.8301   0.9380
2558   2.4161   0.9380
2559  25.8404   0.9380
2560   4.2500   0.9380
2561   3.3244   0.9380
2562   6.7428   0.9380
2563   3.5984   0.9380
2564   2.3214   0.9380
2565  75.6262   0.9380
2566   6.9022   0.9380
2567  25.8105   0.9380
2568  14.9403   0.9380
2569   2.5027   0.9380
2570 1472.4624   0.9380
2571   2.5128   0.9380
2572   8.9486   0.9380
2573  11.2021   0.9380
2574   2.3840   0.9380
2575   2.5277   0.9380
2576 3657.5209   0.9380
2577 804.6491   0.9380
2578 996.2940   0.9380
2579   2.3823   0.9380
2580   2.4652   0.9380
2581   2.4085   0.9380
2582   4.2630   0.9380
2583   4.9176   0.9380
2584 1297.4775   0.9380
2585   7.3175   0.9380
2586  30.3961   0.9380
2587   2.5418   0.9380
2588   2.5250   0.9380
2589  12.3025   0.9380
2590  16.3075   0.9380
2591 6891.6641   0.9380
2592 4496.7747   0.9380
2593   2.4858   0.9380
2594   2.5980   0.9380
2595  12.1375   0.9380
2596 1596.2290   0.9380
2597  25.2730   0.9380
2598   8.5910   0.9380
2599   2.3480   0.9380
2600   2.4711   0.9380
2601 6427.8141   0.9380
2602   2.4332   0.9380
2603   2.3840   0.9380
2604   2.3181   0.9380
2605   2.5700   0.9380
2606   3.3458   0.9380
2607   2.4834   0.9380
2608   7.3874   0.9380
2609   2.4199   0.9380
2610   4.9047   0.9380
2611  29.5701   0.9380
2612 295.3374   0.9380
2613   2.3840   0.9380
2614  23.5752   0.9380
2615   5.0524   0.9380
2616  18.7853   0.9380
2617   8.4994   0.9380
2618   2.4340   0.9380
2619   4.3449   0.9380
2620  10.4416   0.9380
2621 1840.1640   0.9380
2622   3.8702   0.9380
2623   2.7828   0.9380
2624  27.8936   0.9380
2625   8.4535   0.9380
2626   6.9022   0.9380
2627   2.0824   0.9380
2628   2.2955   0.9380
2629   4.1777   0.9380
2630  63.8744   0.9380
2631   4.3256   0.9380
2632  35.9475   0.9380
2633   2.4340   0.9380
2634   2.5068   0.9380
2635   6.0869   0.9380
2636   2.4905   0.9380
2637   2.5123   0.9380
2638   2.5842   0.9380
2639   7.9844   0.9380
2640   2.3273   0.9380
2641   5.4293   0.9380
2642  19.1453   0.9380
2643   2.5968   0.9380
2644   3.2754   0.9380
2645  47.9098   0.9380
2646   2.3673   0.9380
2647   2.3979   0.9380
2648   2.5152   0.9380
2649   2.8494   0.9380
2650 1339.0809   0.9380
2651   2.5244   0.9380
2652  34.5648   0.9380
2653   3.7087   0.9380
2654   2.5378   0.9380
2655  13.5551   0.9380
2656   2.4340   0.9380
2657   2.3840   0.9380
2658   2.8607   0.9380
2659  25.2778   0.9380
2660   2.5227   0.9380
2661   2.5745   0.9380
2662 892.1505   0.9380
2663   9.6875   0.9380
2664 1282.1282   0.9380
2665  30.3961   0.9380
2666   2.4340   0.9380
2667 926.0249   0.9380
2668   1.7188   0.9380
2669 11312.8572   0.9380
2670  25.8105   0.9380
2671  23.1341   0.9380
2672   2.0571   0.9380
2673   2.4340   0.9380
2674   5.9218   0.9380
2675 630.8329   0.9380
2676   6.0961   0.9380
2677   2.3929   0.9380
2678   3.3783   0.9380
2679   5.1668   0.9380
2680   3.4631   0.9380
2681   2.4736   0.9380
2682   6.7814   0.9380
2683   1.8429   0.9380
2684   2.5250   0.9380
2685   2.4696   0.9380
2686   1.3137   0.9380
2687   2.5369   0.9380
2688   2.4340   0.9380
2689   2.3387   0.9380
2690   2.0178   0.9380
2691   3.1573   0.9380
2692   1.7596   0.9380
2693   2.8591   0.9380
2694  34.1250   0.9380
2695   1.1111   0.9380
2696   5.0817   0.9380
2697 899.9480   0.9380
2698   2.3535   0.9380
2699  11.9627   0.9380
2700   2.2446   0.9380
2701   1.3693   0.9380
2702   4.8614   0.9380
2703  54.5751   0.9380
2704   6.0922   0.9380
2705   4.1508   0.9380
2706   2.5159   0.9380
2707   1.6610   0.9380
2708  54.8896   0.9380
2709 166.6008   0.9380
2710   2.5056   0.9380
2711   2.5790   0.9380
2712   2.5053   0.9380
2713   1.7625   0.9380
2714   2.4969   0.9380
2715   2.4487   0.9380
2716   2.4898   0.9380
2717   3.0114   0.9380
2718   2.3474   0.9380
2719  26.2810   0.9380
2720  10.1512   0.9380
2721 3217.7141   0.9380
2722   2.4550   0.9380
2723   2.3840   0.9380
2724   2.5152   0.9380
2725   2.4669   0.9380
2726   2.5499   0.9380
2727  62.2944   0.9380
2728  26.1405   0.9380
2729   2.0736   0.9380
2730   2.4340   0.9380
2731   2.6295   0.9380
2732   2.4521   0.9380
2733  29.9551   0.9380
2734   1.5989   0.9380
2735 3408.7141   0.9380
2736  40.7196   0.9380
2737   2.1691   0.9380
2738   2.4911   0.9380
2739   3.7577   0.9380
2740   2.5085   0.9380
2741   3.5773   0.9380
2742  10.2550   0.9380
2743   2.4340   0.9380
2744   2.5090   0.9380
2745   9.5107   0.9380
2746   6.3680   0.9380
2747   6.1684   0.9380
2748   2.4019   0.9380
2749  19.6348   0.9380
2750   2.4478   0.9380
2751   2.1636   0.9380
2752   2.3642   0.9380
2753   2.3868   0.9380
2754   1.7596   0.9380
2755 1331.4932   0.9380
2756   2.4449   0.9380
2757   4.0220   0.9380
2758   9.8090   0.9380
2759   2.4115   0.9380
2760   2.4340   0.9380
2761 3382.0141   0.9380
2762   2.6611   0.9380
2763   2.7642   0.9380
2764   2.5820   0.9380
2765   2.5250   0.9380
2766   1.8063   0.9380
2767   2.3555   0.9380
2768   7.7127   0.9380
2769   5.7192   0.9380
2770   8.9827   0.9380
2771   2.4340   0.9380
2772   1.7907   0.9380
2773   4.0089   0.9380
2774   2.5508   0.9380
2775   1.8165   0.9380
2776   5.3585   0.9380
2777 2531.6762   0.9380
2778   2.7345   0.9380
2779   6.8473   0.9380
2780   2.3840   0.9380
2781   2.4698   0.9380
2782 2380.6045   0.9380
2783   2.4269   0.9380
2784   6.8258   0.9380
2785   2.8253   0.9380
2786   3.5958   0.9380
2787   8.4349   0.9380
2788   2.4674   0.9380
2789  33.8512   0.9380
2790   2.3840   0.9380
2791 1095.5494   0.9380
2792   3.0543   0.9380
2793   5.1319   0.9380
2794   5.7530   0.9380
2795   1.9247   0.9380
2796   2.2139   0.9380
2797   3.6846   0.9380
2798   4.6599   0.9380
2799   2.4963   0.9380
2800 228.4399   0.9380
2801   3.3459   0.9380
2802   3.2262   0.9380
2803   5.5414   0.9380
2804   2.4905   0.9380
2805   3.1472   0.9380
2806  18.6164   0.9380
2807   6.9915   0.9380
2808   2.4855   0.9380
2809   4.3669   0.9380
2810   2.5272   0.9380
2811   1.5225   0.9380
2812   3.3392   0.9380
2813   2.5016   0.9380
2814   2.4722   0.9380
2815  25.8105   0.9380
2816   2.8514   0.9380
2817   2.5794   0.9380
2818  12.1097   0.9380
2819   6.2740   0.9380
2820   2.4848   0.9380
2821   2.4425   0.9380
2822   2.1318   0.9380
2823   2.3840   0.9380
2824   6.9022   0.9380
2825   2.3068   0.9380
2826   2.4340   0.9380
2827   2.4340   0.9380
2828   2.4969   0.9380
2829   1.9927   0.9380
2830   2.4731   0.9380
2831   2.4340   0.9380
2832   2.4483   0.9380
2833   2.0826   0.9380
2834  33.3473   0.9380
2835   3.2343   0.9380
2836   4.0865   0.9380
2837   2.4824   0.9380
2838   2.4815   0.9380
2839  17.6276   0.9380
2840   1.2844   0.9380
2841   2.4943   0.9380
2842   1.9337   0.9380
2843   2.5250   0.9380
2844   2.5041   0.9380
2845   2.4481   0.9380
2846   1.7787   0.9380
2847   2.0727   0.9380
2848  11.8837   0.9380
2849   4.4173   0.9380
2850 1235.9421   0.9380
2851   2.3347   0.9380
2852   2.4701   0.9380
2853   2.5237   0.9380
2854   8.3613   0.9380
2855   2.4682   0.9380
2856   1.8751   0.9380
2857 3334.7141   0.9380
2858   6.9944   0.9380
2859   4.0465   0.9380
2860  25.8549   0.9380
2861   3.1296   0.9380
2862  19.8236   0.9380
2863  10.5293   0.9380
2864  25.8105   0.9380
2865   2.4452   0.9380
2866   4.1698   0.9380
2867   2.5409   0.9380
2868   2.4118   0.9380
2869  11.6179   0.9380
2870   2.3515   0.9380
2871   6.9022   0.9380
2872   2.3761   0.9380
2873   2.5010   0.9380
2874   1.8216   0.9380
2875   2.5098   0.9380
2876   6.2142   0.9380
2877 220.9540   0.9380
2878   2.2569   0.9380
2879   2.3972   0.9380
2880  14.2946   0.9380
2881   2.5280   0.9380
2882   8.0459   0.9380
2883   4.1441   0.9380
2884 1228.1746   0.9380
2885   2.4930   0.9380
2886   2.4614   0.9380
2887 1074.9080   0.9380
2888  12.3549   0.9380
2889   2.5422   0.9380
2890      Inf   0.9380
2891   3.6654   0.9380
2892   2.8796   0.9380
2893   3.7917   0.9380
2894   2.5254   0.9380
2895   2.5030   0.9380
2896  12.8652   0.9380
2897  25.8105   0.9380
2898 972.3998   0.9380
2899   2.4589   0.9380
2900   6.9022   0.9380
2901  22.9497   0.9380
2902 953.6260   0.9380
2903   8.8278   0.9380
2904   6.2808   0.9380
2905  10.4263   0.9380
2906   3.0539   0.9380
2907   1.7596   0.9380
2908   1.7596   0.9380
2909   4.3187   0.9380
2910 888.2137   0.9380
2911   1.2009   0.9380
2912  10.5513   0.9380
2913   2.5050   0.9380
2914  31.9396   0.9380
2915   3.8739   0.9380
2916   9.9081   0.9380
2917 6548.7641   0.9380
2918   2.9293   0.9380
2919   1.6168   0.9380
2920  12.7419   0.9380
2921  14.4893   0.9380
2922   2.4881   0.9380
2923   2.5121   0.9380
2924  53.8935   0.9380
2925  10.5972   0.9380
2926  28.3257   0.9380
2927 789.6023   0.9380
2928   2.5390   0.9380
2929   6.9022   0.9380
2930  10.4167   0.9380
2931  59.2167   0.9380
2932   3.2139   0.9380
2933 3351.4844   0.9380
2934   5.2221   0.9380
2935   2.4023   0.9380
2936   1.5533   0.9380
2937   2.3068   0.9380
2938  44.5588   0.9380
2939   2.4621   0.9380
2940   5.4065   0.9380
2941   6.4104   0.9380
2942   2.0649   0.9380
2943   2.5222   0.9380
2944   2.5069   0.9380
2945   2.5271   0.9380
2946   9.9112   0.9380
2947   2.4877   0.9380
2948   2.4931   0.9380
2949  25.8105   0.9380
2950   2.8612   0.9380
2951  11.1291   0.9380
2952   2.5180   0.9380
2953   1.8770   0.9380
2954   4.6588   0.9380
2955   2.5564   0.9380
2956   3.1896   0.9380
2957  41.4011   0.9380
2958  84.6805   0.9380
2959   1.8596   0.9380
2960   2.4540   0.9380
2961   3.6665   0.9380
2962  39.5116   0.9380
2963   1.8264   0.9380
2964   2.5023   0.9380
2965   2.5143   0.9380
2966 145.9873   0.9380
2967   2.8893   0.9380
2968   6.9022   0.9380
2969  61.3642   0.9380
2970   1.7545   0.9380
2971  57.2228   0.9380
2972   2.4752   0.9380
2973   2.4259   0.9380
2974 8791.3757   0.9380
2975 114.4726   0.9380
2976   9.3843   0.9380
2977  12.2722   0.9380
2978  23.1651   0.9380
2979   2.4838   0.9380
2980   1.9265   0.9380
2981   4.7401   0.9380
2982   2.5648   0.9380
2983   3.5020   0.9380
2984   2.4822   0.9380
2985   2.4683   0.9380
2986  11.5214   0.9380
2987   2.4871   0.9380
2988   5.5264   0.9380
2989 1489.9774   0.9380
2990  22.4000   0.9380
2991   5.8396   0.9380
2992   1.7596   0.9380
2993   6.9022   0.9380
2994   2.5250   0.9380
2995   7.4689   0.9380
2996   3.9167   0.9380
2997   2.5853   0.9380
2998   7.2294   0.9380
2999   1.7596   0.9380
3000   2.7371   0.9380
